recording,vwl_index,vowel,word_intvl,word,f1_50,f2_50,f3_50,f1_F1max,f2_F1max,f3_F1max,f1_F2max,f2_F2max,f3_F2max,vowelDur,PrecC,FolC
DCB_se2_ag1_f_01_1,4,AA1,2,washington,823.5499943481775,1292.4640373793534,3091.021550617893,829.262714874688,1391.1718070046381,3045.281783876598,795.2819415831742,1626.623963375379,2120.452392447541,0.06000000000000005,W,SH
DCB_se2_ag1_f_01_1,6,IH0,2,washington,566.7409435044827,2188.962150066691,3124.9799029611736,574.5584217167788,2169.2816158999613,2981.517021060856,571.4934486827963,2228.479950727119,3031.498622383772,0.03000000000000025,SH,NG
DCB_se2_ag1_f_01_1,9,AH0,2,washington,579.3656069765141,2236.640807537903,3367.0857852356066,590.701684554124,2245.348637278302,3379.1551577301298,591.4570525547127,2245.503458216998,3379.3279706262533,0.02999999999999936,T,N
DCB_se2_ag1_f_01_1,12,IY1,3,dc,382.08871903338604,2518.5564521453707,3101.147868778062,602.1213240761807,2260.627991176925,3461.837416353911,385.7693668272549,2571.236730784975,3050.464763649555,0.1299999999999999,D,S
DCB_se2_ag1_f_01_1,14,IY1,3,dc,489.9041827526609,1859.2575517345483,2965.8005866285466,1121.2812545377221,2352.5416941833823,3097.897701176143,1063.5415955235696,2582.29765262116,3057.725103822833,0.16000000000000014,S,
DCB_se2_ag1_f_01_1,17,AY1,5,i,1067.2762132155017,1917.365380083686,2730.729117828826,1075.3942014630738,1902.4366260398456,2720.050267429983,979.6338220863122,1972.8745534269085,2789.2117317240395,0.21000000000000085,sil,M
DCB_se2_ag1_f_01_1,19,UW1,6,moved,551.6407816163173,1005.4813387178702,3333.02704883601,653.9338121513034,983.0509830297708,2974.0601685689517,496.0002110301422,1152.18619004519,2658.4541466570954,0.09999999999999964,M,V
DCB_se2_ag1_f_01_1,22,ER0,7,around,506.9544452387198,1414.3965285407626,2421.9920769690148,651.646333003976,1621.9517707422606,2123.4793651103914,443.18948280577354,1837.0690490013665,2875.077597692261,0.11000000000000121,D,AW1
DCB_se2_ag1_f_01_1,23,AW1,7,around,719.6506475888135,1652.7252986199878,2008.1736770232942,743.9858661110515,1919.1620949352139,2064.845633806401,739.4092589603929,1922.0243489326879,2079.6053256121436,0.08000000000000007,ER0,N
DCB_se2_ag1_f_01_1,27,UW1,8,to,564.2966248805884,1179.307872949687,3213.4750591780526,678.634003805559,1331.5306066009457,3286.065054893622,539.0427186079005,1505.0293837027061,2823.0210333563878,0.08000000000000007,T,AH0
DCB_se2_ag1_f_01_1,28,AH0,9,a,697.3213909711498,1352.7318160111313,3316.0559694721314,704.0266678444925,1369.690424377877,3269.6525714554045,698.6208309403037,1372.317706974288,3270.256293299339,0.0600000000000005,UW1,L
DCB_se2_ag1_f_01_1,30,AA1,10,lot,943.0613340489792,1663.604407946345,3035.227312956527,948.8212974809271,1646.5986481178384,3111.6384156621884,809.1667865850262,1829.1723398847453,3063.7434422160727,0.08000000000000007,L,T
DCB_se2_ag1_f_01_1,32,AH0,11,of,657.4717720630665,1922.024244569001,3184.336046245136,661.4690299010059,1949.2272138800938,3230.56860397216,557.5342355970439,1958.5071552195316,3156.014491582578,0.05000000000000071,T,V
DCB_se2_ag1_f_01_1,35,IH1,12,different,525.4648984775517,2157.3062510676564,3120.0719882052276,685.0735340277192,2113.3012259406037,3233.5935788795937,525.8188477277521,2156.654871415728,3162.685439856855,0.05000000000000071,D,F
DCB_se2_ag1_f_01_1,38,AH0,12,different,561.2503958304752,1861.7476061124282,2696.176562958754,583.7703364038373,1893.9144720855672,2861.5799565475645,540.3488788711622,1971.9989065266996,2702.196300295308,0.030000000000001137,R,N
DCB_se2_ag1_f_01_1,42,EY1,13,neighborhoods,496.32643626654334,2491.220909906187,3290.6708163407648,528.0006731145666,2264.1300686774543,3274.8527076523565,497.4634394971527,2503.399285484968,3173.4568339649086,0.08999999999999986,N,B
DCB_se2_ag1_f_01_1,44,ER0,13,neighborhoods,768.9485582499801,1405.0975996918849,2488.2012097717484,798.3707111566515,1536.6721065123245,2447.1619518239772,796.5905466915882,1540.0330414020837,2441.8965720690285,0.08000000000000007,B,HH
DCB_se2_ag1_f_01_1,46,UH2,13,neighborhoods,676.1771765150698,1431.868146455075,2425.7888770658647,765.2615195341343,1500.6964341567973,2462.7203815068283,665.6548938898457,1525.8454342939865,2432.244805545108,0.02999999999999936,HH,D
DCB_se2_ag1_f_01_1,52,OW1,15,so,549.9106418073917,1002.0640093873752,3336.9968325266386,684.3424359643247,1560.0015317836564,3244.7365902474935,631.8331715505465,1606.7351284372494,3222.035162706827,0.2699999999999996,S,
DCB_se2_ag1_f_01_1,55,AH1,17,um,802.260732971998,1231.267733406255,1763.4337208107772,932.8472241610584,1303.9047843896828,1896.3636188985204,840.7310380355705,1494.9110832847525,3099.51201387419,0.1800000000000015,sil,M
DCB_se2_ag1_f_01_1,58,AH1,18,w,497.85488765738575,1205.1572089750553,3209.138790509198,501.7682609104681,1199.2552967527304,3176.850246544157,435.8788647069196,1246.7887225499535,2629.7659086802,0.02999999999999936,D,B
DCB_se2_ag1_f_01_1,60,AH0,18,w,532.0554904579388,1143.0836334940598,3061.9179764462033,532.0479555801492,1143.1070167950525,3062.217561716693,509.8215835753101,1192.1176530500109,3145.7373468613578,0.02999999999999936,B,L
DCB_se2_ag1_f_01_1,63,UW0,18,w,475.56650306537324,985.0136697197105,2883.5972045002127,523.8881347237526,1213.794184874617,3111.423707700661,500.056078135792,1261.02100177754,3069.2292413943906,0.02999999999999936,Y,sp
DCB_se2_ag1_f_01_1,65,AH0,20,a,736.4844523978875,1614.193352427544,3049.5232544308633,761.7077303601657,1619.3765299831628,2996.4604304995755,645.6466669803884,1697.7993094588696,3292.2690936541308,0.14999999999999858,sp,K
DCB_se2_ag1_f_01_1,67,AY1,21,kind,874.1439875449046,1714.639503811907,1850.9899746172473,944.5705051112726,1552.8110357999772,1705.8161203909956,835.8034963737513,1858.2731209536723,2938.6079369718386,0.09999999999999964,K,N
DCB_se2_ag1_f_01_1,69,AH1,22,of,652.121263982368,1697.2183038055828,3075.8061519600355,662.1159489880076,1742.2528110556175,3169.9129554583687,642.2212958173207,1790.3014089286075,3166.7614242699583,0.05000000000000071,N,V
DCB_se2_ag1_f_01_1,71,AH0,23,a,490.22497231922574,1911.1000788524545,3114.7929418370004,561.7773235653376,1875.146885021695,3027.1183671518334,467.28495721572796,1911.547772110248,3118.366400976742,0.09999999999999964,V,JH
DCB_se2_ag1_f_01_1,73,OW1,24,joke,575.5561169467144,940.7981938349848,3146.791138671409,603.8034716517177,1277.6337918203283,3169.515004305288,529.7471322862501,1845.971933663909,3266.378924706135,0.10999999999999943,JH,K
DCB_se2_ag1_f_01_1,76,AE1,25,that,623.2945204885511,2137.7223706637956,3112.7935180148634,631.8244502940788,2000.1317507910378,2936.9307469038895,622.7509787983547,2142.668763020145,3103.023738593955,0.03999999999999915,DH,T
DCB_se2_ag1_f_01_1,79,IY1,26,we,419.6384288237661,2369.976723492946,2890.6807668133633,436.57454833430796,2300.527802379721,2975.1785955663745,414.83095421397365,2373.048266388982,2887.382341327309,0.08000000000000007,W,T
DCB_se2_ag1_f_01_1,81,EH1,27,tell,617.3733699786038,1619.6767797323748,3104.203293102929,623.0869295101572,1553.6958243369181,3105.0199113418184,616.0107485679456,1941.3126411367648,3081.7154341518994,0.05000000000000071,T,L
DCB_se2_ag1_f_01_1,84,IH0,28,with,540.5371231610778,1433.7460576643086,3144.91842267346,545.3554646606449,1339.515520865822,3103.095438086956,490.2691542328142,1641.9350326629985,3148.5827067274313,0.049999999999998934,W,TH
DCB_se2_ag1_f_01_1,86,AW1,29,our,856.813102551262,1365.9814318302147,2394.275504053303,923.7598862953627,1567.1527743761467,2351.7107896088573,764.8546558715515,1818.4855569387014,2757.226411104666,0.08999999999999986,TH,R
DCB_se2_ag1_f_01_1,89,AH1,30,mother,734.7360133768465,1252.2884660405193,2288.463346995869,791.5248815705514,1260.8477566796687,3096.76376709708,651.7227525984989,1578.2177741710425,3028.6332881279995,0.08999999999999986,M,DH
DCB_se2_ag1_f_01_1,91,ER0,30,mother,529.1177547869987,1642.1414057849727,3200.031269689724,535.4770292133762,1674.3466784369205,3141.626295888587,529.1809562803286,1812.8139507632075,3178.619781916665,0.05000000000000071,DH,IH0
DCB_se2_ag1_f_01_1,92,IH0,31,is,517.2341191477414,1832.9393061181647,3114.8626599413124,529.1809562803286,1812.8139507632075,3178.619781916665,513.2243633013267,1836.566133541647,3119.1132205543463,0.040000000000000924,ER0,Z
DCB_se2_ag1_f_01_1,95,AY1,32,like,791.1298384914646,1957.972107768294,2739.673178262726,824.967256658148,1888.0760394126487,2923.2641698544803,658.4593078849952,2063.8985997780223,2817.56692718216,0.05999999999999872,L,K
DCB_se2_ag1_f_01_1,99,IY1,34,we,471.6254013605246,2243.296994551956,2914.2138887435685,476.96107191381924,2179.936001305917,2942.242384200928,444.81572596728984,2384.9080432624755,2954.3030903253716,0.07000000000000028,W,S
DCB_se2_ag1_f_01_1,102,EY1,35,stay,603.8470912282999,2048.307428757912,2448.3307987997155,612.2241596964313,2098.2735962104475,2284.545485855549,612.0726358361102,2149.570576794111,2252.635134241186,0.030000000000001137,T,IH1
DCB_se2_ag1_f_01_1,103,IH1,36,in,568.5509271433808,1724.9174779013028,2514.233560842218,578.9133676116253,1595.6876683583837,2284.2975434589853,564.4352857068455,1775.5890517845924,2534.1055596232904,0.07000000000000028,EY1,N
DCB_se2_ag1_f_01_1,105,AH0,37,a,587.6453410960356,1579.17786760269,1655.522161457267,623.513459058823,1509.26502251196,2185.9740245642433,616.6523599208273,1938.9174447264909,3351.7439967705895,0.05999999999999872,N,P
DCB_se2_ag1_f_01_1,108,EY1,38,place,456.8529266878957,2074.365108537451,3053.3108430639363,588.6665609124431,1903.655096296914,3168.54630911232,443.11612030836784,2257.949695898841,3230.196417487144,0.07000000000000028,L,S
DCB_se2_ag1_f_01_1,111,ER0,39,for,479.9257903465142,1012.3529013837662,3073.3417078232624,590.5010725215958,1570.1074590186922,3027.682183682251,557.9881597587446,2096.0095786172133,3322.9679763176828,0.07000000000000028,F,F
DCB_se2_ag1_f_01_1,113,AO1,40,four,451.14010733982525,806.6593250552157,2910.795383863928,527.5861574597877,1111.5053294240415,2981.313381030205,527.5861574597877,1111.5053294240415,2981.313381030205,0.08999999999999986,F,R
DCB_se2_ag1_f_01_1,116,IH1,41,years,440.6559205270764,2359.352485166382,2615.3239192238843,453.0338872214022,2106.8358507219577,2371.890937085605,431.4844309813959,2603.36087088798,2755.673048633081,0.120000000000001,Y,R
DCB_se2_ag1_f_01_1,121,AH0,43,that,620.8437678031937,1811.0335971295663,2814.4147215667267,620.4851195465859,1877.023088634548,2891.877219860603,619.4646981781507,1875.7720925425585,2909.385648882067,0.08000000000000185,DH,T
DCB_se2_ag1_f_01_1,125,EY1,45,basically,504.16712083951717,2301.2977332814175,3217.438472397535,542.9677964247128,2123.7640783033717,3186.3101157288766,504.467393645984,2325.5787616921884,3244.0695082580014,0.0799999999999983,B,S
DCB_se2_ag1_f_01_1,127,IH0,45,basically,492.0459361163326,2156.6133659234647,2851.715415154176,515.7041761724539,2143.7122286736376,2789.4995271810976,499.3460032461648,2159.0520337304556,2812.570969702591,0.05000000000000071,S,K
DCB_se2_ag1_f_01_1,130,IY0,45,basically,497.23366595815673,2350.520985798212,2751.2211786031435,563.9066037813167,1123.378266985494,2547.9182078571325,512.9388263784867,2482.133547632878,2909.593490828334,0.08999999999999986,L,W
DCB_se2_ag1_f_01_1,132,AH1,46,what,467.3105688555286,1208.5311953456037,2913.4157298612263,525.0297477100218,1221.9192085517202,3013.716071583377,521.5479199333201,1231.436956670203,2987.280490668878,0.030000000000001137,W,T
DCB_se2_ag1_f_01_1,135,IY1,47,we,418.10326571050257,2429.960731340516,2840.3444885167482,425.53946382377865,2173.573390482428,2877.8874364262374,414.94982916611644,2495.100219962461,2845.184763563754,0.05999999999999872,W,D
DCB_se2_ag1_f_01_1,137,UW1,48,do,397.4755589977311,1341.0447400551154,2769.661757242029,746.2409236526628,1480.7716533204114,2524.0369852751674,415.4187347691239,2232.9267610072166,2988.351078912721,0.25,D,
DCB_se2_ag1_f_01_1,140,OW1,50,so,564.7071527349772,1000.3771373925539,3398.640098561502,913.3122982720733,1590.2767759698456,2699.4398397442187,608.6294676652809,1650.6120472274436,3223.3950771377035,0.21000000000000085,S,AY1
DCB_se2_ag1_f_01_1,141,AY1,51,i've,940.4772697619173,1700.2609566217186,2880.3827103189724,952.7180567195528,1701.72689521753,2428.955244085519,931.9669073681227,1720.0080174523764,2902.910751060158,0.129999999999999,OW1,V
DCB_se2_ag1_f_01_1,145,IH1,53,lived,518.8699785748795,2361.267050041193,3289.155533579377,538.663184767562,2173.5613723816205,3027.159963799267,507.80309769187596,2461.047342752825,2691.8864654317244,0.129999999999999,L,V
DCB_se2_ag1_f_01_1,148,IH1,54,in,547.8626797905205,2383.176518171816,3393.195292459184,592.724703457044,2319.9951153842467,3208.2897162108784,550.4746284180837,2451.861219488244,3528.9978020066283,0.1999999999999993,D,N
DCB_se2_ag1_f_01_1,151,AH1,56,uh,712.9278131657826,1560.7862646858348,3161.8145375627246,1166.8673268304988,1790.412361195909,3363.0665586530154,1070.8199861334108,1894.5306914148607,3360.8829877209273,0.26000000000000156,sp,S
DCB_se2_ag1_f_01_1,154,AO1,59,all,639.8420506237503,1021.9403265521387,3125.4889247921637,1033.9188858311754,1237.016115314133,2019.212072125481,825.8848214975329,1686.3336021344423,3001.704342523912,0.3100000000000023,sp,L
DCB_se2_ag1_f_01_1,158,AO1,61,all,638.6938620911676,988.6532596950769,3186.1930256552278,706.6415806138277,1660.0885006131048,2895.6046249055335,682.7167215189947,1705.1612407189734,2546.6409257370956,0.16000000000000014,sil,L
DCB_se2_ag1_f_01_1,161,IY1,62,regions,410.89186102044073,2685.7314470695223,2878.912266153657,425.3550987261068,1771.1951608740087,2708.214905866965,411.0245561287971,2664.010478290525,2870.2017753517,0.07000000000000028,R,JH
DCB_se2_ag1_f_01_1,163,AH0,62,regions,538.381207645108,2109.580612419827,3191.038267303478,561.3128139888844,2008.309011058902,3468.105131569455,477.12823061707286,2138.107739848802,3257.1560380021715,0.05999999999999872,JH,N
DCB_se2_ag1_f_01_1,166,AH1,63,of,618.4908184219317,1643.59747761909,3081.1488605238433,650.8792454994361,1687.042733053301,3062.922799401832,566.7513177692746,1719.9312694497921,3218.093806979381,0.060000000000002274,Z,V
DCB_se2_ag1_f_01_1,170,AH0,65,the,514.1762918909604,1677.0394074104704,3077.362686102419,550.163256518952,1941.8124919772772,3091.5959561548843,540.6724033972044,1962.9019878634965,3080.8627263234703,0.08999999999999986,DH,sp
DCB_se2_ag1_f_01_1,173,AA1,67,washington,808.0929070477164,1248.3172907550847,2758.5222061599698,835.0550951185246,1087.0130305319703,3094.597305575875,682.7368898611624,1617.04937214951,3089.2464704585964,0.05999999999999872,W,SH
DCB_se2_ag1_f_01_1,175,IH0,67,washington,489.7226604045323,1786.1627843502822,3121.957988981893,886.8585933202415,1881.1310327328256,3485.3968801811384,792.1349161893252,1952.5194312175622,3587.3887674966454,0.030000000000001137,SH,NG
DCB_se2_ag1_f_01_1,178,AH0,67,washington,549.8514602552574,2006.5492118794516,2998.381728937473,549.721466607309,2011.3317362306043,3032.379791542114,544.5632142730934,2027.5157656413942,3142.077452878267,0.030000000000001137,T,N
DCB_se2_ag1_f_01_1,180,EH1,68,area,609.6332840521452,2182.054767412725,2698.260995343561,632.0412639297361,1943.9736720119317,2775.4099955906645,600.2945458824134,2343.9136954375344,2517.3452763483124,0.03999999999999915,N,R
DCB_se2_ag1_f_01_1,182,IY0,68,area,497.25908089779654,1518.2531446250637,2694.885624466169,538.2594009889068,2163.855954531688,2545.0074177113956,524.7614669157709,2419.1116928773063,2518.273121535424,0.08000000000000185,R,AH0
DCB_se2_ag1_f_01_1,183,AH0,68,area,462.4582728690474,1823.0776523520149,2864.3877112463165,471.18604417453395,1929.7806333492067,2907.7835022500662,470.6134618175519,1922.780421930059,2904.936536693074,0.029999999999997584,IY0,sp
DCB_se2_ag1_f_01_1,186,AA1,70,washington,688.2117222388649,1282.4363136496343,2528.7692228446376,704.1101610932883,1619.0455200772567,2975.986032810663,702.194675443905,1621.380462972642,2970.389847189474,0.03999999999999915,W,SH
DCB_se2_ag1_f_01_1,188,IH0,70,washington,744.9911966415742,1824.2297160875887,3062.141793209522,821.1243679739897,1985.8544352232384,3362.996765822574,821.1243679739897,1985.8544352232384,3362.996765822574,0.030000000000001137,SH,NG
DCB_se2_ag1_f_01_1,191,AH0,70,washington,549.6493332931246,2422.361473605879,2822.8836597366167,631.1484646831532,2347.4875249478887,2640.8031867707737,518.4195940439897,2462.1685389777117,3006.0706162976267,0.05000000000000071,T,N
DCB_se2_ag1_f_01_1,194,IY1,71,dc,592.5022045481552,1314.221750854042,2683.2450911152423,595.4990081110448,1314.6387434925552,2683.5062521119976,566.9922887092348,1681.288944811307,2521.57066351839,0.10999999999999943,D,S
DCB_se2_ag1_f_01_1,196,IY1,71,dc,442.9438897492408,1537.521094860024,2710.410719587101,667.1462268240912,1493.1812364554617,2694.1709680391773,564.2516634147034,1552.0678552048585,2719.3346740839193,0.05000000000000071,S,sp
DCB_se2_ag1_f_01_1,199,AY1,73,i've,805.0081705020795,1626.648242275895,2407.405200692282,824.2258834043412,1558.6951970620403,2545.6788208683397,688.0353706453491,1933.944458182619,2446.317385677217,0.17999999999999972,,V
DCB_se2_ag1_f_01_1,202,IH1,74,lived,522.2176559186939,1891.0383940101176,3060.88240968113,537.1540004517663,1859.5354260611296,3024.562222736219,506.07724852896644,1985.3920920340677,3001.952288549446,0.060000000000002274,L,V
DCB_se2_ag1_f_01_1,206,AW1,75,now,686.4388720845615,1224.192146287284,2105.649698930499,725.2014552715498,956.9074413163339,2211.43137519404,673.9820095379592,1960.5162458570985,3056.8922715349204,0.10999999999999943,N,IH0
DCB_se2_ag1_f_01_1,207,IH0,76,in,599.4633021272657,1001.253533161772,2734.4542089216984,657.0379964334062,1043.8486709209758,2869.7390643088706,657.8104186362795,1044.9377596860727,2867.872942465687,0.030000000000001137,AW1,N
DCB_se2_ag1_f_01_1,210,AO1,77,four,648.8208178149055,800.0657386166303,2355.488408985224,663.8975973478114,1752.2029522167556,2672.767503034922,663.8975973478114,1752.2029522167556,2672.767503034922,0.029999999999997584,F,R
DCB_se2_ag1_f_01_1,214,AA1,78,quadrants,813.0970537299044,1341.271904484234,2525.623093437191,812.2484854704118,1340.4353387697533,2560.9204077676477,718.3267391509362,1635.4879010926359,2717.8648436742783,0.08000000000000185,W,D
DCB_se2_ag1_f_01_1,217,AH0,78,quadrants,578.7962746762779,1993.5784929697745,2243.50855949422,596.6597387192596,2027.217851656026,2411.9992373308683,595.7311512568947,2156.3370823683595,2901.299091725579,0.029999999999997584,R,N
DCB_se2_ag1_f_01_1,223,OW2,80,okay,650.1305121506307,1839.6084839461391,2951.5230175212023,707.7489833192482,2025.7506163021465,2815.0565123669703,701.3037451572937,2037.1047358968653,2809.454104156745,0.08999999999999986,sil,K
DCB_se2_ag1_f_01_1,225,EY1,80,okay,407.19238132580034,2053.9419847889517,2766.5851676442785,730.2425933859721,2021.7401350073267,2178.3286498890434,663.2860518202049,2469.504089341518,2947.598802912948,0.23000000000000043,K,
DCB_se2_ag1_f_01_1,228,EH1,82,yes,729.1432511752051,1904.2993754026281,2366.9857934121046,765.0008622254347,1615.7451319111372,2014.1919185378658,628.200452528099,2083.0829053200437,2523.119349223927,0.0799999999999983,Y,S
DCB_se2_ag1_f_01_1,232,UW1,84,suitland,450.58790250749234,1185.8295140498092,3113.21761937288,676.3283614828472,1968.6439260126933,3169.4383185988913,676.3283614828472,1968.6439260126933,3169.4383185988913,0.10999999999999943,S,T
DCB_se2_ag1_f_01_1,235,AE2,84,suitland,605.5002008267705,1700.3232011717819,3118.872499828565,608.4863425036503,1699.9174108819063,3138.2670360648076,605.7325174804921,1710.1741497475373,3127.014699251205,0.030000000000001137,L,N
DCB_se2_ag1_f_01_1,239,EH1,85,maryland,606.4852142671089,1673.9339847375331,2030.9390908102132,632.0736959167658,1671.342671439598,2585.9024298121494,620.8833081134192,1729.5114527760302,1810.9058743606552,0.030000000000001137,M,R
DCB_se2_ag1_f_01_1,241,AH0,85,maryland,607.1944224804098,1654.0605100660791,2912.231675025237,652.2530480347044,1672.4317846001934,2809.403347489399,652.2530480347044,1672.4317846001934,2809.403347489399,0.02999999999999403,R,L
DCB_se2_ag1_f_01_1,243,AH0,85,maryland,674.5085655540423,1765.589577043538,3221.9337426514367,673.6814226442798,1760.2180636051376,3223.1044387021825,616.9149734905905,1826.738255120744,3162.2735960943264,0.030000000000001137,L,N
DCB_se2_ag1_f_01_1,248,AH1,87,up,453.47345179833474,1106.7806561985835,2560.4737609257036,502.4904628095601,1275.8453974774936,2718.446530095374,440.4061071572636,1414.2518295283608,2595.2019676277405,0.030000000000001137,sil,P
DCB_se2_ag1_f_01_1,250,AE1,88,at,530.426286764483,1048.1863423325372,3132.3897457362705,530.4725838117248,1050.9362179626637,3117.5168570509813,522.907402037954,1112.2222496548056,3049.225582577548,0.030000000000001137,P,T
DCB_se2_ag1_f_01_1,254,IH1,90,district,495.0327343020946,2121.956680105639,3133.490336721276,550.6921856470224,2035.8969379285297,3195.12794158742,518.8202746058552,2142.6698750267874,3180.780455911177,0.04999999999999716,D,S
DCB_se2_ag1_f_01_1,258,IH0,90,district,518.3258124209118,2324.23786501883,2653.437482456449,544.2072305310443,2041.7302893226156,2585.337603363517,531.3020457998608,2358.2775419070545,2589.8689149000325,0.030000000000001137,R,K
DCB_se2_ag1_f_01_1,262,AY1,91,heights,721.5864525966565,1955.9375702433906,2023.2697901644065,884.9443043383199,1732.962748916869,1925.5622827334514,510.62398071310486,2279.895973669519,2792.1429278515134,0.0799999999999983,HH,T
DCB_se2_ag1_f_01_1,266,AO1,92,forestville,545.6324896151538,874.3674215183647,3092.473661087715,579.174165062888,1048.406339819474,2882.8818944281597,579.174165062888,1048.406339819474,2882.8818944281597,0.060000000000002274,F,R
DCB_se2_ag1_f_01_1,268,EH0,92,forestville,515.8034434935711,1430.742139755719,2408.1013908159616,539.2088391656442,1501.1591931419905,2459.987518031369,536.6606177364725,1555.8608115105137,2294.6682975250574,0.030000000000001137,R,S
DCB_se2_ag1_f_01_1,272,IH2,92,forestville,479.3587721165345,1834.0576127178197,2989.7362845056123,497.84552717283526,1397.7137126631292,2844.3601006602976,486.29254182269204,1946.2810165334497,2893.2597490007947,0.10000000000000142,V,L
DCB_se2_ag1_f_01_1,279,AH0,96,that,621.4045887617068,1743.001143181114,3083.58308401118,640.2893354899735,1950.9491690506793,3053.252972262615,642.1974243125529,1968.6976648341245,3057.8817881948466,0.030000000000001137,DH,T
DCB_se2_ag1_f_01_1,282,AH0,97,was,441.0917175159621,1522.5674204892637,2978.872508222807,500.6458344574339,1425.6010684234059,3123.742448580646,450.1239279213495,1537.3755613575493,2732.3618677278573,0.030000000000001137,W,Z
DCB_se2_ag1_f_01_1,284,AH0,98,a,448.74592882025496,1121.9573694427193,2511.0006501880675,1449.0652818093984,2262.1624975876607,3422.8246158044026,1449.0652818093984,2262.1624975876607,3422.8246158044026,0.09999999999999432,Z,L
DCB_se2_ag1_f_01_1,286,AA1,99,lot,880.8098288691485,1798.8832789582477,3041.812798524229,907.5667705909317,1951.4047716333373,3041.98407793728,859.4993014451953,2009.1453937442134,2964.4579516297035,0.10000000000000142,L,T
DCB_se2_ag1_f_01_1,291,OW1,102,no,870.8871005156225,1404.97008336223,2236.170331347417,875.101340555594,1409.5239958766433,2229.6573613868068,826.169078385937,1510.138680921207,2384.3546684575895,0.060000000000002274,N,
DCB_se2_ag1_f_01_1,294,AY1,104,i'm,819.2521622485601,1773.9631066200177,1930.501062486792,825.4542339733199,1832.9208318264261,1970.2622928652308,749.6751622217065,1864.065526538815,2100.9188637218895,0.05999999999999517,sil,M
DCB_se2_ag1_f_01_1,296,AH0,105,a,558.5138664129186,1819.7834456685407,3217.459377728005,635.6326247832365,1716.3887691114696,2917.5490911093343,547.0321426251062,1839.2100561936556,3296.1557209055813,0.07000000000000028,M,S
DCB_se2_ag1_f_01_1,298,IY1,106,senior,446.56832268369897,1309.31097165098,2227.1771118657443,542.2621610615266,1450.1926658525783,2279.043051846511,533.6946356745616,1489.4361980743258,2275.9434780816982,0.030000000000001137,S,N
DCB_se2_ag1_f_01_1,301,ER0,106,senior,995.7308641711005,1457.2973155391767,2374.5848051784906,1025.0160596167009,1483.6512889361418,2441.641704212734,1018.9775675005096,1484.440173996785,2444.7319984922688,0.02999999999999403,Y,sp
DCB_se2_ag1_f_01_1,305,EH1,108,yes,778.1069267350601,1562.9198964949455,2335.6601626806696,810.4847637896607,2090.356851503283,3050.147605673109,541.89188235841,2271.9610411367134,3020.2662311110257,0.14000000000000057,Y,S
DCB_se2_ag1_f_01_1,307,AH0,109,i'm,681.1431112716739,1845.389196128305,2457.420246560329,729.9741542501666,1749.9375202829913,1882.257123788751,680.6476675400268,1861.4503836659355,2958.12130540403,0.030000000000001137,S,M
DCB_se2_ag1_f_01_1,310,AH0,111,a,536.3255736122371,1797.2346802024597,3070.4148421535288,691.4896918275106,2039.7659911493306,2824.4367209946067,691.4896918275106,2039.7659911493306,2824.4367209946067,0.05999999999999517,sp,S
DCB_se2_ag1_f_01_1,312,IY1,112,senior,537.7622240457032,2648.2601358827283,3055.2966075798063,561.1927042905244,2283.7318123975424,2929.4520028622,542.0013926323622,2818.045342240289,3444.7495563093717,0.13000000000000256,S,N
DCB_se2_ag1_f_01_1,315,ER0,112,senior,583.2457073872293,1884.2043442432705,2191.422918014379,976.4017180366849,2154.4215990935872,2207.7679796894886,876.4769814882045,2207.229801549488,2605.089009849877,0.4399999999999977,Y,
DCB_se2_ag1_f_01_1,318,EH1,114,yes,712.1332539873736,2058.929164164469,2783.6514486808437,735.3327021729714,1996.8214642574628,2902.404252135736,492.51601566218477,2498.4351054190984,3372.688086532274,0.10999999999999943,Y,S
DCB_se2_ag1_f_01_1,321,AE1,115,ma'am,634.1040483591046,1660.129848627936,2460.1861965664343,666.2175015846167,1797.231581291539,2860.539269919086,651.3374277748135,1836.505685234655,2894.723433180155,0.030000000000001137,M,M
DCB_se2_ag1_f_01_1,326,AY1,117,my,896.9410994835929,1679.5580617694952,3052.464201001526,908.3543359877374,1611.046398931972,2968.4360074877018,898.6408067555521,1762.7212542731484,3033.126722653028,0.0799999999999983,M,F
DCB_se2_ag1_f_01_1,328,AA1,118,father,808.7032693392096,1531.4535271660973,2919.9873969022296,815.4775922127553,1508.2473125223676,2885.0408324871305,624.6551684770606,1640.7157169115528,2947.8415346355737,0.0899999999999963,F,DH
DCB_se2_ag1_f_01_1,330,ER0,118,father,430.3835100194329,1395.6543599543277,2905.9617961478216,494.3875533906151,1527.5906716681402,3118.4949897387582,494.3875533906151,1527.5906716681402,3118.4949897387582,0.02999999999999403,DH,W
DCB_se2_ag1_f_01_1,332,AH0,119,was,418.78598571746744,1443.057552549678,3152.042645692305,459.04462459567543,1426.7725687471352,3213.9500699357855,393.7448310515634,1486.0582107529951,3098.445361793021,0.030000000000001137,W,Z
DCB_se2_ag1_f_01_1,335,AO1,120,born,568.9890813273646,981.8281269243454,2561.9906317540617,629.6410858218272,1196.4463690707505,2333.1489170252726,629.6410858218272,1196.4463690707505,2333.1489170252726,0.07000000000000028,B,R
DCB_se2_ag1_f_01_1,338,IH0,121,in,586.6295111708475,2030.3254946992429,3171.3561751255747,615.040862868363,1976.9303051751037,3103.067830103476,557.4698502364744,2046.7304241698598,3293.1823314044577,0.05999999999999517,N,N
DCB_se2_ag1_f_01_1,341,IY1,122,dc,384.12647677223816,2627.2502512556107,2913.1675040355904,431.744412134031,2203.0442585336145,3088.0888055398855,384.003866072177,2658.98019128562,2867.511910487879,0.10999999999999943,D,S
DCB_se2_ag1_f_01_1,343,IY1,122,dc,440.8696021564815,2611.593996895647,2964.439670860395,960.9073786184518,1882.9823637630604,2959.9817544875586,434.91081909342296,2618.713833378629,2921.713886170201,0.19000000000000483,S,
DCB_se2_ag1_f_01_1,347,IY1,124,dc,387.11429543762875,2617.918816941495,3120.0181716774437,420.075083245826,2155.4289684519836,3088.6473693205708,395.6356127987667,2827.48515332732,3004.7759565828305,0.12000000000000455,D,S
DCB_se2_ag1_f_01_1,349,IY1,124,dc,434.3313344537077,2482.146023507737,3256.647916446351,747.7612328271946,1931.9992417232638,3135.9677206536076,555.4128228544382,2416.2481730030713,3096.0670063087214,0.1700000000000017,S,
DCB_se2_ag1_f_01_1,355,IH1,128,which,516.6065466928056,1971.3341202394379,3122.2579063393277,564.9991756980489,1677.4725261571623,3077.27351584078,484.80626384554637,2045.3871995065483,2977.793946781932,0.06999999999999318,W,CH
DCB_se2_ag1_f_01_1,358,AH1,130,um,536.0263488037044,1210.6188272042943,2371.447443746202,577.8575070023134,1368.8834823506832,2488.4587359335887,562.1772082193762,1436.5935341790337,2292.5765123032415,0.04999999999999716,sp,M
DCB_se2_ag1_f_01_1,363,OW1,132,so,616.0009089247461,1400.9310127522936,3186.107562996723,684.5310014813668,1623.9065862923428,3091.3129646913662,610.2823327000082,1785.9060819329927,3090.0893936242232,0.18000000000000682,S,sp
DCB_se2_ag1_f_01_1,369,AY1,136,right,858.1665935680143,1896.812290331928,2347.468905823875,899.9420872379131,1822.875050433701,2287.7290010590687,793.0513973121346,2003.60278077347,2427.934229611126,0.0799999999999983,R,T
DCB_se2_ag1_f_01_1,373,OW1,138,so,602.2095461541194,1385.4985960460995,3086.45900586098,680.5169046644587,1621.3762566795713,3039.618382222264,541.429716183989,1796.6228368620136,2904.4193049691726,0.28999999999999204,S,
DCB_se2_ag1_f_01_1,375,AY1,140,i,946.6998791676975,1881.9492441047353,2899.4621091629942,969.7740811930992,1897.774844688088,2684.8185680727897,937.4067420146099,2022.0312085640585,3117.10101199376,0.1700000000000017,,HH
DCB_se2_ag1_f_01_1,377,AE1,141,have,765.95486715092,1238.5488945882614,2118.133977946591,845.7354286913287,1006.2952564807996,2157.1966395315517,741.8419885937286,1832.012331638679,3161.2580833294037,0.19000000000001194,HH,V
DCB_se2_ag1_f_01_1,381,EH1,143,well,685.0552572671901,1383.7083327864268,3036.411602176289,694.1953796058157,1364.1618083650974,3113.7084344593786,618.1490743805656,1400.0916903649554,3116.0315712358306,0.10999999999999943,W,L
DCB_se2_ag1_f_01_1,387,IH1,145,when,459.32652779749765,1616.0142533945232,2581.0198635917377,627.9998087792343,1633.5496658498694,2743.0786185609563,539.2474844307209,2124.4728246221803,2573.330625410654,0.12999999999999545,W,N
DCB_se2_ag1_f_01_1,390,UW1,146,you,460.560343796081,1913.0661350148162,3130.4593486593812,465.7639067457977,2285.8833395629567,3038.0400668944135,465.7639067457977,2285.8833395629567,3038.0400668944135,0.06999999999999318,Y,S
DCB_se2_ag1_f_01_1,392,EY1,147,say,425.86914409807844,2241.1240299846645,3010.6423290091802,588.9632042413313,1782.2970376289916,2162.278469829341,511.9550310167689,2477.5852023588996,3068.629543422391,0.14000000000000057,S,sp
DCB_se2_ag1_f_01_1,396,EH1,149,when,554.5931658945123,1148.4748797659754,3013.4804278766246,558.0509730993335,1141.6278374590845,3020.89412509578,530.6007072147385,1160.972505898035,2938.291124951468,0.030000000000001137,W,N
DCB_se2_ag1_f_01_1,399,IY1,150,people,538.7961293744291,2448.657068357761,2810.2948830385103,560.7593688126393,2085.253758020285,2891.8914676352424,499.8593889215081,2556.0130212973613,2887.6326935644192,0.03999999999999204,P,P
DCB_se2_ag1_f_01_1,401,AH0,150,people,428.51541104743353,1527.715626769427,2742.258359037745,450.42457334654586,1480.7521421186764,3084.826638628916,427.7862680305316,1607.223517903277,2694.9557444782918,0.030000000000001137,P,L
DCB_se2_ag1_f_01_1,404,EY1,151,say,431.8640057074919,2406.679468683558,2975.7374010233907,604.2035879340581,2227.641406870301,3036.6123386382546,442.57961000035334,2551.008028787891,2721.3097180930718,0.09000000000000341,S,D
DCB_se2_ag1_f_01_1,406,AE1,152,dad,825.1964129143199,1319.1226153881412,2407.3549484822843,910.5473545891513,1857.314462224942,2774.563974521496,886.978860796658,1938.0486988223506,2730.53349290533,0.030000000000001137,D,D
DCB_se2_ag1_f_01_1,408,AY1,153,i,895.7655605684407,2018.444335283264,2423.362439805573,923.8427411914153,1619.4814679812114,1968.056963077112,740.9136244199564,2192.0709866704333,2378.406837296503,0.07000000000000739,D,Y
DCB_se2_ag1_f_01_1,410,UW1,154,usually,415.97910091815953,2050.487362629223,3066.8397895403396,474.53201755754617,2433.425196986564,3033.0898272380837,474.53201755754617,2433.425196986564,3033.0898272380837,0.06999999999999318,Y,ZH
DCB_se2_ag1_f_01_1,412,AH0,154,usually,381.0915762640835,1899.7677741079908,2925.9089787515727,525.2846310703233,1547.1106755697476,2280.1249209019234,384.46766343254563,1960.2376188235544,3282.705646693788,0.030000000000001137,ZH,L
DCB_se2_ag1_f_01_1,414,IY0,154,usually,423.0141196680753,2272.7796066032192,2653.3571902043536,422.9723621903432,2289.227768636224,2732.339890739342,422.7024567080883,2304.2441046391805,2871.8181380075416,0.030000000000001137,L,G
DCB_se2_ag1_f_01_1,416,OW1,155,go,602.6050671116308,1509.4125779756118,3076.8574300240257,603.0805579988585,1500.818592506527,3039.425539399204,549.6876897818352,1738.690876156877,3003.0439621298556,0.05999999999998806,G,T
DCB_se2_ag1_f_01_1,418,UW1,156,to,477.4882613943349,1210.3723968889517,3092.6311892276176,538.8233261023947,1701.8819309411608,3137.527674041855,538.8233261023947,1701.8819309411608,3137.527674041855,0.0799999999999983,T,HH
DCB_se2_ag1_f_01_1,420,UW1,157,who,429.3776706257226,948.541882459417,2485.5955162832197,515.5116057745204,2556.130815068115,2975.143091574061,516.7009571693429,2794.9539007804174,2967.9931679890287,0.1799999999999926,HH,
DCB_se2_ag1_f_01_1,424,EY1,159,basically,480.00326331306513,2469.5190064465396,3187.1410375980345,577.3816766798284,2473.9117741933346,3056.182250855241,497.76701566984354,2515.026664875382,3203.482935142701,0.07000000000000739,B,S
DCB_se2_ag1_f_01_1,426,IH0,159,basically,439.38186220736793,2050.0649512368554,3082.2263451285808,464.1275355290755,1902.1477263266063,2510.718456550248,439.59131934525624,2053.003264285531,3104.549688975746,0.030000000000001137,S,K
DCB_se2_ag1_f_01_1,429,IY0,159,basically,443.86681076912276,2432.5887023088326,3027.855875895201,483.5975239395856,2509.3294136977047,2873.230019521052,456.76920084171513,2714.494926573751,2974.913867619439,0.060000000000002274,L,IH1
DCB_se2_ag1_f_01_1,430,IH1,160,is,503.8802532685726,744.3350371110103,2451.1663380505524,557.5235704103758,2161.274965514514,2837.1159818833075,497.22266919231305,2445.3530506202073,2988.5535546056926,0.04000000000000625,IY0,Z
DCB_se2_ag1_f_01_1,433,AY1,161,my,860.7969118104699,1430.5244920206517,2264.0012245385537,878.7891517408423,1698.082418787633,3003.9106398136605,831.5824186660274,1841.4563632012039,2766.858953278231,0.0799999999999983,M,S
DCB_se2_ag1_f_01_1,436,EH1,162,step,719.0501063913354,1941.5027822624802,2775.033752186512,747.889150941876,1756.3963129052884,2974.392666119939,629.7200831641978,2051.606604632143,3139.9544539771805,0.04999999999999716,T,P
DCB_se2_ag1_f_01_1,439,AA1,163,father,904.0382871616453,1490.4391426026577,2772.79244215972,909.9557993176022,1455.762558887793,2718.1705025514784,799.9962523030528,1670.303599108151,2306.0980715357337,0.12999999999999545,F,DH
DCB_se2_ag1_f_01_1,441,ER0,163,father,566.0322765905373,2014.3724650200813,2593.3916047416574,697.0881981107599,1967.6735435507342,2925.096494541244,564.1339246564067,2173.121885428692,2295.8437659628644,0.14000000000000057,DH,
DCB_se2_ag1_f_01_1,445,UW1,165,who,623.6354255263927,1489.3724822732663,3254.1313002081997,642.7970705088221,1471.479796407863,3257.504065491607,574.2842703678043,1494.4748552826027,3245.2769937408793,0.030000000000001137,HH,Z
DCB_se2_ag1_f_01_1,448,IH1,167,been,613.4894755354936,1642.1836198141875,1941.2496483787759,613.6839668827254,1632.0200580099588,1937.2945930772937,612.9670580855579,1669.4836622870484,1951.8732053357521,0.030000000000001137,B,N
DCB_se2_ag1_f_01_1,450,IH0,168,in,623.4482269878852,1719.5024554960187,2006.517187395474,626.9501498781087,1733.2316504955086,1893.0129935135524,626.1863817936354,1741.613653886717,1921.3994461819436,0.029999999999986926,N,N
DCB_se2_ag1_f_01_1,453,AY1,169,my,844.5824874526791,1547.3508982086844,1846.83927553597,871.8789805092665,1479.5008706959925,1962.3546034579015,832.8548065273909,1616.6622743650657,1732.2927265435308,0.09999999999999432,M,L
DCB_se2_ag1_f_01_1,455,AY1,170,life,703.6309424910527,1864.3583558090909,2527.454851797386,900.5028294357385,1712.562457700536,2843.923121710282,566.6156322653701,2199.197513413263,2775.84426130896,0.0899999999999892,L,F
DCB_se2_ag1_f_01_1,458,AO1,171,for,505.0774653714171,838.8493144882777,2882.993224028933,573.0278617019769,1203.5716023666605,2807.764216020894,573.0278617019769,1203.5716023666605,2807.764216020894,0.12999999999999545,F,R
DCB_se2_ag1_f_01_1,462,IH1,173,since,580.2907288951985,1946.8711901811919,2675.5781473764077,606.5001467622125,1891.7034348141524,2694.0531109903472,576.5346959374682,1966.4601809431947,2845.7428916370955,0.030000000000001137,S,N
DCB_se2_ag1_f_01_1,465,AY1,174,i,920.2407098175178,1528.3108979996546,2242.995745300566,946.5034693558199,1647.2995361713472,1703.2364610838079,800.8714298511906,1764.7348963687443,2288.157090243423,0.0799999999999983,S,W
DCB_se2_ag1_f_01_1,467,AH0,175,was,499.03418017006624,1737.6930639650677,3234.0440493620636,532.2970528875454,1574.025947325743,3138.518592571581,517.8682200840257,1868.167255177179,3099.4472418187324,0.04000000000000625,W,Z
DCB_se2_ag1_f_01_1,470,UW1,176,two,479.89256311337573,1476.3730023515584,2984.441370719049,549.6028210476148,1863.1466255551743,2920.221417947541,488.6741797388546,2412.579494367048,3056.65600586718,0.09000000000000341,T,Y
DCB_se2_ag1_f_01_1,472,ER0,177,years,519.9172220064415,2045.1156462169668,2918.4807910011023,541.204195020926,1654.0929478283085,2699.420123451616,523.587760341558,2053.0404363044813,2930.7275619654297,0.04999999999999716,Y,Z
DCB_se2_ag1_f_01_1,474,OW1,178,old,559.9821342917887,1308.0339884288296,3166.6431568073167,601.9921324489079,1509.2114746232758,3051.836123870322,559.4405469128969,1711.4919707907798,3011.2284008919246,0.14000000000000057,Z,L
DCB_se2_ag1_f_01_1,479,OW1,180,so,649.1987678041191,1678.1342852887146,2884.2590634672265,655.6395608604055,1704.7222059756696,2844.2262629539855,655.3189941754224,1705.0573326271174,2857.621635311326,0.030000000000001137,S,AY1
DCB_se2_ag1_f_01_1,480,AY1,181,i,668.3335697601252,1543.9775690373644,2594.3667132766227,691.134544053488,1469.0309069001007,2628.651137228269,618.8994429884609,1573.2190728749101,2765.201706518203,0.030000000000001137,OW1,D
DCB_se2_ag1_f_01_1,482,OW1,182,don't,635.2744849291491,1161.6920879760364,2502.987787203771,707.8133251001941,1266.6787383327996,2826.652246765119,634.2905326286324,1269.6649925410788,2550.339548525927,0.0799999999999983,D,N
DCB_se2_ag1_f_01_1,486,IH1,184,really,592.4851442402181,1654.8991279728216,3185.1663377590276,601.8609800503393,1752.5924940299813,3101.62069815291,592.411010636088,1786.1787462446134,3067.1520046311653,0.04000000000000625,R,L
DCB_se2_ag1_f_01_1,488,IY0,184,really,475.6494119550213,1795.5338702617541,2628.3167807777454,509.8485607120695,1095.2135479839617,2597.8816097416598,467.9877946225434,1984.6220593476448,2735.8819946031344,0.07000000000000739,L,R
DCB_se2_ag1_f_01_1,490,IH0,185,remember,512.962247271681,1331.0019685532488,2442.6461620555333,577.8512298899851,1390.0264104653966,2457.360376540363,539.9134017072029,1392.4750619664771,2427.114833302123,0.04000000000000625,R,M
DCB_se2_ag1_f_01_1,492,EH1,185,remember,653.3123028293772,1807.3881672947577,1848.1135574496718,657.9830281809708,1776.7074743946496,1778.96167006634,640.9968290235229,1850.7950589809566,2527.3119771942183,0.04999999999999716,M,M
DCB_se2_ag1_f_01_1,495,ER0,185,remember,570.0039022996248,1441.7984271254793,2241.289462730856,585.1253913401213,1689.5640641887553,2564.5090912501364,568.1173714760887,1826.4048159525757,2402.1654299299166,0.05000000000001137,B,HH
DCB_se2_ag1_f_01_1,497,IH1,186,him,725.39724498146,1853.9626934981172,1870.5544475681543,810.156540460795,1704.0347759510328,2749.1778381607933,726.557503188907,2265.6093608839637,3074.4929147347198,0.05999999999998806,HH,M
DCB_se2_ag1_f_01_1,500,AA1,187,not,931.0817275875988,2045.0806683864946,2437.3212994529995,949.0676037236125,2020.7345727760933,2779.4060811240875,849.7460490327218,2029.308661767958,2709.3694344878318,0.0799999999999983,N,T
DCB_se2_ag1_f_01_1,503,IY1,188,being,571.1160663974822,2018.8726988272247,2964.468504471679,651.899510233646,2465.511556646127,3260.3411452738296,587.2500097862794,2598.892271025858,3065.9717340178595,0.0799999999999983,B,IH0
DCB_se2_ag1_f_01_1,504,IH0,188,being,647.96173418722,2281.0766648181957,3214.3107360745425,649.5668374720069,2318.0385267920874,3198.0538453725335,650.0177685221325,2423.198729706877,3229.8788680936286,0.030000000000001137,IY1,NG
DCB_se2_ag1_f_01_1,506,IH1,189,in,652.6989804524217,2154.7779263753137,3148.60505319583,695.9930100946154,1986.2016684462096,3108.334705367628,637.6511036185717,2156.266358696758,3146.9086794171267,0.04000000000000625,NG,N
DCB_se2_ag1_f_01_1,509,AY1,190,my,935.4793574000206,1476.830558995773,3005.07201108722,938.3776229853725,1466.4967365993716,3090.446475892348,927.751879984378,1491.4989227250724,2958.097986498179,0.07000000000000739,M,L
DCB_se2_ag1_f_01_1,511,AY1,191,life,746.884357688216,1914.2124246260894,2880.445543466113,831.9366820603962,1509.779733303656,2970.9423222776777,618.3128484150826,2096.5261845538403,2782.662060268913,0.10999999999999943,L,F
DCB_se2_ag1_f_01_1,516,OW1,193,so,626.2694343099469,1550.460024373088,2734.056164193406,847.8553457226764,1692.6194150718627,3028.6676022708825,605.5116509298648,1829.1674048300606,2675.1694286434863,0.25,S,
DCB_se2_ag1_f_01_1,520,AE1,195,yeah,659.24146394444,1880.6164484941587,3049.1377343727772,775.2227086987773,1800.9462707148766,3306.20359607227,573.9807704302501,2332.659179379006,3125.816425332259,0.25,Y,
DCB_se2_ag1_f_01_1,525,EH1,199,yes,758.5424330302683,2012.1279219568569,3133.3897087364116,770.4117756454983,1971.8048465853876,2985.6784296840865,529.643272272807,2451.757094664121,3118.93431581436,0.12000000000000455,Y,S
DCB_se2_ag1_f_01_1,529,AA1,201,cause,495.71596269424714,1818.6406229099439,2893.5024961625004,762.5478161318293,1990.4983429616395,2325.6277094865973,761.7148154780681,1992.2300179308547,2329.359076141538,0.060000000000002274,K,Z
DCB_se2_ag1_f_01_1,532,IY1,202,he,488.29547058671096,2292.7743755967285,2824.5638210592856,491.133530448875,2177.9751937897677,2810.658485020809,479.5580380516058,2271.053828238709,2821.2119598382665,0.05000000000001137,HH,sp
DCB_se2_ag1_f_01_1,535,AH1,204,but,579.010189680817,1584.921810370934,3006.1414329216213,597.3316292128108,1664.9760159160805,2952.4209516038964,535.691300215992,1888.0821218698986,2598.924815672955,0.030000000000001137,B,T
DCB_se2_ag1_f_01_1,538,IY1,205,he,537.9646252197892,2611.2637090867593,2827.0001021439534,552.4778030005838,2079.514933027987,2815.40953425258,521.083053124407,2694.04866346334,2908.0260273717104,0.05000000000001137,HH,W
DCB_se2_ag1_f_01_1,540,AH0,206,was,528.3773373727693,1561.6242370244254,2944.106677951916,537.1350878173033,1492.5986937691216,2831.387509361058,533.5251128251937,1564.8452744871481,2959.830206693393,0.029999999999986926,W,Z
DCB_se2_ag1_f_01_1,543,AO1,207,born,626.3468194651434,1032.1879738027008,2876.681570453975,639.2104376235393,1176.496869330726,2880.8550114613554,634.8506763606038,1204.6438644773507,2820.935107190594,0.04000000000000625,B,R
DCB_se2_ag1_f_01_1,546,IH1,208,in,576.4422230683815,1589.7360853604332,2187.236869394816,604.4389820321435,2173.5296970717704,2902.289924983087,601.0200230364095,2173.7995062093455,2940.695549760182,0.04000000000000625,N,N
DCB_se2_ag1_f_01_1,549,IY1,209,dc,399.856329740378,2644.384967660548,2669.077390540603,418.10358480704315,2389.0043344892138,2862.8793518014577,401.1586830719786,2675.0469764140084,2736.0938537170045,0.0799999999999983,D,S
DCB_se2_ag1_f_01_1,551,IY1,209,dc,419.09224109693713,2470.872795906968,2783.2319123343523,490.7386937284014,2575.3455599663016,2767.4101452835894,444.124850565383,2631.194600806331,2793.932276065691,0.060000000000002274,S,T
DCB_se2_ag1_f_01_1,553,UW1,210,too,421.1965460303443,1874.0848932856998,2750.3354388612693,475.23751454065035,2014.3850087301087,2890.1587826600876,451.9760962604833,2033.294091989019,2780.6893579584007,0.06999999999999318,T,sp
DCB_se2_ag1_f_01_1,556,OW1,212,so,661.7373556754183,1389.0903470775359,2726.952487841334,768.8813949185899,1552.9966915216924,2680.4442120538574,460.65686475488644,1797.3282756674687,2784.7440976945823,0.22999999999998977,S,spn
DCB_se2_ag1_f_01_1,559,IY1,214,he,717.6305272683319,1625.9001501260204,2128.8046568170307,722.656793714003,1613.397448532118,2122.437527034512,671.2688891002341,1692.227373129111,1953.7417072101005,0.030000000000001137,HH,sp
DCB_se2_ag1_f_01_1,561,AY1,216,i,635.92661556797,1088.5064536639545,2130.755859923439,688.3685984627151,1297.2953263561553,1998.3434140990921,688.3685984627151,1297.2953263561553,1998.3434140990921,0.030000000000001137,sp,
DCB_se2_ag1_f_01_1,565,AY1,219,right,679.5554249691702,1959.8043393647874,2374.0625033309025,760.6235733928232,1675.1062838765347,2285.7580527893833,638.9848807924308,2157.0145141818443,2468.341331569861,0.0800000000000125,R,T
DCB_se2_ag1_f_01_1,567,EH1,220,everybody,753.1454647871984,2040.7431579247916,2607.4028853017685,776.6080375967288,2097.00998356346,2569.0877880506837,758.8109073569187,2114.321639486463,2654.9996488678566,0.10000000000000853,T,V
DCB_se2_ag1_f_01_1,570,IY0,220,everybody,525.8659089003621,1674.4905941109948,2418.692920954041,554.8455722854865,1711.5543246425984,2406.1924505915003,555.3835837425677,1747.760833147078,2411.9052846321124,0.030000000000001137,R,B
DCB_se2_ag1_f_01_1,572,AA2,220,everybody,735.8982225128735,1572.6085240241637,2623.581541533717,784.870997023901,1451.6474425696276,2438.2091134626094,624.0271446593199,1594.9419255148787,2711.4563526077136,0.04999999999999716,B,D
DCB_se2_ag1_f_01_1,574,IY0,220,everybody,667.7408644385084,2038.3507685936622,2971.9924008538783,750.25311425981,2074.8448681611208,2975.6305486540186,673.483332125176,2112.8507898252974,2997.7391866193066,0.030000000000001137,D,spn
DCB_se2_ag1_f_01_1,578,EH1,223,yes,637.971509763557,1982.4943875358204,2705.9757265417693,738.412899801097,1912.513269428508,2722.971343325268,466.37929339630546,2348.0691430520988,2909.723120167882,0.09000000000000341,Y,S
DCB_se2_ag1_f_01_1,580,EH1,224,everybody,681.0479336109888,1879.0285679478482,2871.0088250598287,899.5920965565178,1836.701859553306,2770.708717208291,689.2435460607201,1973.6339703554606,2828.3310852689137,0.029999999999986926,S,V
DCB_se2_ag1_f_01_1,583,IY0,224,everybody,609.9753031997898,1570.8197697640203,2257.6330177482528,956.1218927282051,1521.0963836062012,2901.8450751023706,585.8069432655706,1594.1442390612463,2229.541300483324,0.030000000000001137,R,B
DCB_se2_ag1_f_01_1,585,AA2,224,everybody,954.6832752030044,1430.1216114857525,2842.148954755457,1098.2412073849607,1531.6871149936578,2926.999568338534,1098.2412073849607,1531.6871149936578,2926.999568338534,0.060000000000002274,B,D
DCB_se2_ag1_f_01_1,587,IY0,224,everybody,715.6842283546725,1367.9726912046149,2824.0493865910153,831.2450835597044,1375.129502327318,2885.9811812472376,719.4455762676295,1375.4591075342182,2875.2358711405845,0.030000000000001137,D,sp
DCB_se2_ag1_f_01_1,591,IY1,226,he,535.4104641089963,2373.3483398207627,3101.388626776296,577.594895529627,2744.502135019304,3141.983506152343,513.1588447230912,2890.6969048293754,3128.678805071979,0.269999999999996,HH,W
DCB_se2_ag1_f_01_1,593,ER1,227,works,640.2106460282914,1633.6683370082155,1783.5830817189487,644.5313698872873,1691.9545393454978,2012.315594109089,637.2328212131525,1730.2954660342841,2024.277658240465,0.060000000000002274,W,K
DCB_se2_ag1_f_01_1,596,AE1,228,at,653.9235649174063,2177.5981376501613,3095.98676307399,711.8711354521436,2228.458529210763,3246.8569774630787,620.8845650759549,2355.1382685110384,3093.5654646196394,0.11999999999999034,S,T
DCB_se2_ag1_f_01_1,602,OW1,231,so,627.5038959879975,1435.536523980744,3162.7806213240146,630.7861483592648,1567.0613606464979,3153.0151784110453,567.0637744828632,1733.4628783942987,3149.742201135702,0.06999999999999318,S,HH
DCB_se2_ag1_f_01_1,604,IY1,232,he,460.7513368207318,2236.2151852249185,3080.1113908685193,463.2747045927937,2292.3386290322796,2936.115732018714,462.7033950684697,2279.631857415392,2968.7174368803776,0.0799999999999983,HH,Z
DCB_se2_ag1_f_01_1,607,EY1,234,basically,482.2807088704766,2304.3091729356843,2816.3301031544675,537.5311257094002,2234.599339599374,3144.8909410470023,499.13917046573806,2359.0699102312074,2815.6071959313895,0.07000000000000739,B,S
DCB_se2_ag1_f_01_1,609,IH0,234,basically,462.94822831162725,1923.1470262137227,2911.3540762396824,478.48716978785757,1925.5223004666473,2784.6610290643375,422.2524053704546,1999.9364550687121,2928.8492358865224,0.030000000000001137,S,K
DCB_se2_ag1_f_01_1,612,IY0,234,basically,430.08635776570026,1701.1166747833338,2504.1978772359475,451.9085410520813,1441.447237590096,2885.1193126045346,434.3099614127864,1872.733556054137,2592.560586234735,0.029999999999986926,L,L
DCB_se2_ag1_f_01_1,614,AY1,235,like,816.0573372157488,1795.8833177974423,2963.5225606613153,843.2853769681275,1756.953260372283,2794.367360634969,646.4657788473628,1994.9097305356454,3076.5078839320095,0.06999999999999318,L,K
DCB_se2_ag1_f_01_1,616,AH0,236,a,724.5945640288735,1580.7468877849958,3112.5799538052624,771.5459578158161,1550.713934384556,3072.25016098651,635.7412009140475,1633.0930335120922,3142.7964065455503,0.0799999999999983,K,AH1
DCB_se2_ag1_f_01_1,617,AH1,237,um,724.2478269232201,1387.0862473244993,2997.2688050041065,855.2988425518566,1491.6109729997504,3098.1019278408276,772.9383668017474,1647.7239905846232,2992.6929660376804,0.28000000000000114,AH0,M
DCB_se2_ag1_f_01_1,621,AE1,239,gas,412.0792930760756,699.61044543577,2192.6937086330163,699.5406291550581,1920.9198686007326,2600.4325883648876,705.3613187981634,2451.890450315106,3097.947137516943,0.13000000000000966,G,S
DCB_se2_ag1_f_01_1,624,EH0,240,technician,593.037223843418,2300.4374170300716,2911.7778165672617,596.2820428775698,2297.8320041479083,2961.0161489450393,590.4452689129809,2301.2233557822306,2877.904251003251,0.04999999999999716,T,K
DCB_se2_ag1_f_01_1,627,IH1,240,technician,560.5859942842857,1579.653036971698,2840.859538162933,591.8465061074288,2175.402399392803,3177.7227215533517,523.7089413444513,2179.8094263469147,3200.5162364289163,0.0899999999999892,N,SH
DCB_se2_ag1_f_01_1,629,AH0,240,technician,529.9822331826351,2000.0450245800412,3105.3262925847216,651.8411907034872,2096.0363282470244,3401.725382711179,651.8411907034872,2096.0363282470244,3401.725382711179,0.03999999999999204,SH,N
DCB_se2_ag1_f_01_1,634,OW1,242,so,584.9325812200204,1727.9469922913597,3138.837996384054,614.9400993730724,1738.8088797286748,3099.9398139755885,606.6089968075992,1755.3219629245498,3084.4939271916996,0.030000000000001137,S,HH
DCB_se2_ag1_f_01_1,636,IY1,243,he,533.5293805974012,2495.5448896918715,3020.407016537541,534.3381445594389,2489.0415785529417,3019.5129099380333,489.9957756371364,2781.9193473376968,2965.6339407643027,0.0799999999999983,HH,L
DCB_se2_ag1_f_01_1,638,AY1,244,like,720.3253427174972,1297.8963376054724,2424.7201836602276,802.3518932116907,1310.4064650615082,2265.1853701686127,527.6369539498842,2252.825719949017,3018.486195164373,0.07000000000000739,L,K
DCB_se2_ag1_f_01_1,641,IH1,245,mixes,582.0989347167233,2445.2566187699094,3066.871412023408,597.2264745528554,2369.887300615774,3052.819172008882,490.7244541962622,2524.3954588410456,2944.6098644681747,0.03999999999999204,M,K
DCB_se2_ag1_f_01_1,644,IH0,245,mixes,512.783566731765,1944.3618672150772,3053.6394003741807,795.6774650327736,2017.3508666194355,2692.6325838039616,795.6774650327736,2017.3508666194355,2692.6325838039616,0.09000000000000341,S,Z
DCB_se2_ag1_f_01_1,647,IH1,246,different,613.0818386967326,2091.711554514336,3018.6253056883215,625.5175733056874,1968.5210711904274,2938.7668840704573,482.95766805113595,2168.217382905894,3012.7014847553774,0.0800000000000125,D,F
DCB_se2_ag1_f_01_1,650,AH0,246,different,640.3614887920496,1862.014512311529,2222.365340661921,642.2546990243861,1644.287138688143,1766.8210860581937,613.129278183897,2100.5173737866894,2644.9704610998674,0.029999999999986926,R,N
DCB_se2_ag1_f_01_1,654,AE1,247,gasses,638.8111017639459,1306.0613559526432,2218.4725493576802,671.5814164290156,1335.2290372486075,2128.2562726973697,611.8489976631009,2115.8410209467306,3192.7839508545217,0.10999999999999943,G,S
DCB_se2_ag1_f_01_1,656,IH0,247,gasses,477.16720592953766,2029.5021421568983,3011.569972921644,616.0570872348146,1977.7015316914487,2879.462545679728,477.4184361042082,2028.4197885364451,3000.529086480585,0.07000000000000739,S,Z
DCB_se2_ag1_f_01_1,659,OW1,248,so,607.4275758896162,1573.6637457533789,3185.7738737275254,615.393231141776,1627.0873983430592,3170.8924620396333,598.2645647409533,1643.2477976869154,3168.6355036165637,0.060000000000002274,S,DH
DCB_se2_ag1_f_01_1,661,AE1,249,that,630.9908417359227,2107.9743724666573,3321.573870773352,690.0421100254997,2099.1228151535397,2948.4583107612316,645.1815430437271,2137.634232233259,3269.1654068179805,0.060000000000002274,DH,T
DCB_se2_ag1_f_01_1,665,AY1,251,like,700.5558572341545,1844.9822744208416,3255.6834367023616,739.0028490806816,1622.1223948435925,3132.3172671378347,608.832740268931,2340.290522492394,2666.302782497295,0.03999999999999204,L,K
DCB_se2_ag1_f_01_1,669,IH1,253,when,483.8218240992065,1821.3354872687844,2522.948063211461,484.7467098488098,1888.468487061484,2486.713517763373,471.6410537950501,2106.1727467745677,2720.426664132164,0.030000000000001137,W,N
DCB_se2_ag1_f_01_1,672,UW1,254,you,493.37290778430526,2161.4791973697857,2940.8948319544725,548.893740131206,2094.0388362587723,2750.359361500932,514.1323947930268,2556.3595762420255,3057.441354764891,0.04000000000000625,Y,G
DCB_se2_ag1_f_01_1,674,EH1,255,get,642.8954210936524,2086.140346280368,2994.1587618240446,751.5008569188963,1687.5563921308371,3010.5461266499233,505.6732580510657,2388.0981364113873,2758.9565547015673,0.07000000000000739,G,T
DCB_se2_ag1_f_01_1,676,AA1,256,oxygen,882.1652783606303,1318.6220247421713,2984.8006490575654,950.7250377282841,1394.819849567662,3017.5366347839886,794.5676435755475,1450.7730970924958,3205.625743286904,0.09999999999999432,T,K
DCB_se2_ag1_f_01_1,679,AH0,256,oxygen,494.56777134065743,1983.2058911412023,3768.587205902641,526.3161013858378,1882.6273501018627,2947.835296030825,495.91418605025603,1995.5779758374163,3925.164063930733,0.030000000000001137,S,JH
DCB_se2_ag1_f_01_1,681,AH0,256,oxygen,672.7856846223344,2002.46497240459,3107.7482522207865,674.1712005557549,1985.3712838591232,3200.710935947954,608.562972660916,2041.5188034830364,3276.3765483476523,0.04000000000000625,JH,N
DCB_se2_ag1_f_01_1,684,AO1,257,for,683.8770822952342,1048.4780585819963,2908.760110468864,810.5371878993855,1176.1995091950537,2929.2813001093664,810.5371878993855,1176.1995091950537,2929.2813001093664,0.04000000000000625,F,R
DCB_se2_ag1_f_01_1,687,AA1,258,hospitals,820.1214185345107,1273.1053318194445,2895.5668973210413,826.0464311423741,1120.262965198007,2066.1502335067453,733.7178857591402,1540.396999758367,1669.2304871551573,0.09000000000000341,HH,S
DCB_se2_ag1_f_01_1,690,IH2,258,hospitals,532.3517944698026,1704.5733135452992,3072.6380447902156,545.4976645226207,1714.6671821213295,3073.492016801996,538.0164939366234,1741.7807156449664,3145.9264659175647,0.03999999999999204,P,T
DCB_se2_ag1_f_01_1,692,AH0,258,hospitals,489.3945538413914,1412.4109401639316,3368.7079219004554,509.41988658534024,1443.1191793031228,3284.0464261899933,482.9882027691811,1497.5635442328437,3088.9088044449604,0.030000000000001137,T,L
DCB_se2_ag1_f_01_1,698,IY1,260,he,501.7163758518946,2429.861750547368,2986.3032836370285,562.9140568754614,2018.972849282391,2940.340144762285,485.75602300411055,2581.6049438107016,2985.8161947504627,0.10000000000000853,HH,F
DCB_se2_ag1_f_01_1,700,IH1,261,fills,481.16494918634424,2097.8430930866357,3020.371785409715,525.77545682647,2257.1216298753893,3059.9159475801416,513.63416828483,2337.2626976631673,3061.717200126607,0.09999999999999432,F,L
DCB_se2_ag1_f_01_1,704,OW1,262,those,600.0788062341336,1229.0385398194305,3280.7817025575673,626.997772977993,1579.2521273216814,3273.3497707127544,619.0276952064509,1611.4814026843235,3270.2675290081033,0.14000000000000057,DH,Z
DCB_se2_ag1_f_01_1,707,AE1,263,tanks,638.7210631244949,2255.096106402182,3305.1925402896895,691.3538795290233,2112.5940272509065,3248.118047118758,632.1009743109088,2592.6365076635702,3329.9077442396792,0.07000000000000739,T,NG
DCB_se2_ag1_f_01_1,712,AE1,265,and,662.8339976950493,2290.125073545433,2460.7005621460744,1102.8869105838255,2048.389976293349,3126.083102898494,664.8998694868478,2383.1186803383384,2824.782044848643,0.11999999999999034,,N
DCB_se2_ag1_f_01_1,715,AY1,266,like,830.9017529343598,1968.1314910234182,2680.931370576478,894.9047982898727,1900.0571383064375,2642.021324952468,744.4286922591143,2195.471042446902,2865.3215108135664,0.060000000000002274,L,K
DCB_se2_ag1_f_01_1,719,IY1,268,helium,552.3179099061389,2823.344885091204,3266.9033343342007,607.7143186194993,2691.3395431422205,3150.169268463498,537.2550750705853,2865.3837425135193,3412.6930177269996,0.11999999999999034,HH,L
DCB_se2_ag1_f_01_1,721,IY0,268,helium,459.4813538665782,2600.897941765136,3119.021550152187,646.8137276703774,1983.0670569427275,2945.5766051506853,456.68361591789454,2720.8166880583526,3171.513308576004,0.10999999999999943,L,AH0
DCB_se2_ag1_f_01_1,722,AH0,268,helium,683.127213294535,1574.2894762973835,2866.5076377421683,725.0086822814983,1697.4911095760785,2925.84896564765,650.8818738499007,1983.744984104284,3056.9452344047454,0.0799999999999983,IY0,M
DCB_se2_ag1_f_01_1,724,AH0,269,and,583.9964310564044,1976.4274584825864,3083.264602792615,615.8288048997639,2031.230227211021,3180.8136621591066,600.796979274246,2051.9502577649987,3191.115062045549,0.04999999999999716,M,N
DCB_se2_ag1_f_01_1,728,AH1,270,stuff,745.7147646996497,1587.513259836366,2892.680604219496,745.4898052262487,1578.608963551892,2888.1775180425307,715.3992308273895,1792.2364108750862,3033.1786346388353,0.03999999999999204,T,F
DCB_se2_ag1_f_01_1,732,AY1,272,like,710.493701274948,1852.9351497180269,2720.965635652158,764.8709671340306,1246.6330506775046,2544.0902567507865,710.5774317877218,1864.644925187503,2819.655119124556,0.030000000000001137,L,K
DCB_se2_ag1_f_01_1,736,AH0,274,that,589.6733929142777,2048.9287499255047,2941.0544197758823,596.1908166432903,2042.096740317912,3016.5344584679697,590.2514272389674,2056.091131192403,2959.6822002551294,0.030000000000001137,DH,T
DCB_se2_ag1_f_01_1,740,AY1,276,my,777.4526974147878,1396.4248021008664,1500.4312285600924,779.4288744828611,1372.8054364208126,1521.7780387212488,773.3587403223569,1393.450330103451,1529.4673344573464,0.04999999999999716,M,M
DCB_se2_ag1_f_01_1,742,AA1,277,mom,775.3147895279174,1324.950008777114,1968.4990421557309,802.3905747252803,1302.7653444683956,2252.98497855047,780.0999969209148,1329.3636903016588,2054.7092031927546,0.10999999999999943,M,M
DCB_se2_ag1_f_01_1,745,ER1,278,works,601.9060557484778,1726.3961476230584,2325.90604454908,611.5192551988996,1499.8165682325568,2855.789251238503,566.883914581107,1902.7810842407478,2801.295005868343,0.05999999999998806,W,K
DCB_se2_ag1_f_01_1,748,AE1,279,at,634.6178505364422,2066.06575472982,2903.1947200412974,734.0092538478594,2057.7265046198786,3231.132426780368,639.9114490744739,2166.4861911313415,3022.971371335378,0.12999999999999545,S,T
DCB_se2_ag1_f_01_1,750,AH1,280,um,859.8239836663106,1609.745879472778,3173.811626487346,865.5707628869434,1613.4019494276877,3192.6263443593657,677.7939976148144,1719.8684037232151,3069.6655004050817,0.14000000000000057,T,M
DCB_se2_ag1_f_01_1,756,IY1,284,she,517.212620467583,2238.427381435484,2895.668356326394,530.229039132244,2104.8195993173968,2803.995275915723,505.77578091837205,2331.743090445247,2945.204775156109,0.04000000000000625,SH,W
DCB_se2_ag1_f_01_1,758,ER1,285,works,628.7587404126899,1667.097443032959,2209.28422311314,650.2275797742567,1811.848348422439,2090.7568514485006,650.2275797742567,1811.848348422439,2090.7568514485006,0.03999999999999204,W,K
DCB_se2_ag1_f_01_1,761,AE1,286,at,579.1654401838658,1981.0274321970796,2770.214100074589,583.7444319557673,1971.2224740219103,2735.7064742995617,564.7034177958111,2038.5534552284037,2790.8447273054,0.030000000000001137,S,T
DCB_se2_ag1_f_01_1,767,AE1,290,and,623.9237053252796,2386.6001074481146,2466.1321093846204,1098.953987395986,2197.7107103203653,3213.8381330361563,629.1421540544511,2452.9380797104677,3306.828342689591,0.10999999999999943,sil,N
DCB_se2_ag1_f_01_1,770,IY1,291,she,592.8510739080862,2453.917282201307,3113.9120604486993,595.9063711080308,2475.717505375705,3113.1213178530834,565.598575761271,2671.400659869066,3075.995601618846,0.09000000000000341,SH,Z
DCB_se2_ag1_f_01_1,773,AH0,293,the,608.0149677796869,1675.192838827914,2962.799727774001,621.1312738725284,1722.183674053857,3055.6561982716325,576.8974278810821,1804.588063629522,3020.78049937993,0.04999999999999716,DH,M
DCB_se2_ag1_f_01_1,775,AE1,294,manager,702.1452259774666,2078.4229102714826,3114.391120086235,719.925794902549,2021.5642726467688,3242.2202060891673,701.336523583519,2077.3664956553703,3113.1991792050762,0.0799999999999983,M,N
DCB_se2_ag1_f_01_1,777,IH0,294,manager,561.5124183427586,2084.325433619323,3236.23338655838,578.5706811502411,2001.7556163173415,3128.131803739692,517.3318372319386,2152.004794275356,3374.0596138946275,0.060000000000002274,N,JH
DCB_se2_ag1_f_01_1,779,ER0,294,manager,540.5809152193416,2236.9081808162073,2337.6103517335314,545.5605689783139,2123.5125549447603,2619.5571776730235,540.7382223906911,2238.9742420058124,2339.15973644746,0.09999999999999432,JH,sp
DCB_se2_ag1_f_01_1,782,EH1,296,there,549.0835609410141,2403.043060845791,2837.2834073831796,558.5155354251365,2396.1047291342084,2923.371734757125,551.0049200688917,2350.529277855127,3161.336131965308,0.09000000000000341,DH,R
DCB_se2_ag1_f_01_1,785,AO1,297,for,603.30321448556,1192.634455304546,2533.494730365689,612.0325672621833,1204.231587886231,2536.0836289467265,600.9698579087056,1269.4538161527294,2572.4882362110598,0.04999999999999716,F,R
DCB_se2_ag1_f_01_1,787,AH1,298,uh,730.0884733126628,1372.1367526960905,3132.1496263108234,764.18564517153,1406.4243645025408,2923.435771629273,732.4813377243316,1573.65133748403,3365.888783842981,0.20000000000000284,R,K
DCB_se2_ag1_f_01_1,789,AA1,299,car,893.8155483144626,1274.3853274802589,2177.3441328759,912.2525686545919,1309.0622553113458,2137.1546294249906,912.0546089789591,1309.3293529472865,2135.9413990588137,0.04999999999999716,K,R
DCB_se2_ag1_f_01_1,792,ER1,300,services,609.0246039390684,1696.094554213072,2105.431345540112,617.558716877953,1719.3545593606766,2176.5657670402647,617.5029889067388,1718.7631626748155,2172.8323989919422,0.04999999999999716,S,V
DCB_se2_ag1_f_01_1,794,IH0,300,services,559.4833254671705,2035.6200271589673,2523.374734007515,574.8201108963668,1886.9616425515244,2086.188542201434,555.8083623572277,2048.2065502973464,2519.5333610418447,0.0799999999999983,V,S
DCB_se2_ag1_f_01_1,796,IH0,300,services,514.0245205128253,2035.044440255892,2927.043039101314,764.0983279413667,1979.7029433518605,3118.4012859495274,509.91163575650285,2129.1472828175465,2895.053561159,0.11999999999999034,S,Z
DCB_se2_ag1_f_01_1,800,AY1,302,i,817.9359534997312,1876.3311742557964,2610.9182586268494,870.3082871969478,1947.0683122337418,2685.1804487865957,870.7801815649487,1959.5404323990442,2680.4973215127256,0.09000000000000341,sil,N
DCB_se2_ag1_f_01_1,802,OW1,303,know,652.3021735718526,1250.0848286286698,3356.2938041032576,729.352643371905,1550.25633023257,3234.543500234991,677.5836147469727,1679.9995262779953,3249.4957975533966,0.0800000000000125,N,HH
DCB_se2_ag1_f_01_1,804,UW1,304,who,438.18224887423116,1164.0272236443366,2775.3156576913198,577.341533683532,1116.3758916582285,2509.010715026573,429.73339209258506,1766.0114750095283,3145.2611460017024,0.13000000000002387,HH,HH
DCB_se2_ag1_f_01_1,806,IY1,305,he,398.57184907428575,2761.5580146686566,3096.0481666811957,415.0585880052801,2791.094909502467,3174.977458608274,395.05234268020985,2964.1471375014266,3028.86773450293,0.12999999999999545,HH,IH1
DCB_se2_ag1_f_01_1,807,IH1,306,is,440.10378835153836,2595.761657770135,3058.4539639217005,466.50109279057807,2505.37455054953,3097.614012289402,407.1808610341614,2739.6247690179734,2971.334326372833,0.040000000000020464,IY1,Z
DCB_se2_ag1_f_01_1,812,AE1,308,yeah,620.0213359678161,1735.2730067099333,2485.575555910484,729.3585927468384,1887.3664248362743,2710.956986256279,600.6208169778039,2344.160910696128,2881.762072078894,0.10000000000002274,Y,HH
DCB_se2_ag1_f_01_1,814,IY1,309,he,521.0109775011654,2311.4437668242135,3187.5656214730616,558.4707371621543,2725.264033414241,3216.989568594334,496.0043188379858,2732.8229272888007,3281.994652688574,0.18000000000000682,HH,
DCB_se2_ag1_f_01_1,818,IY1,311,he,540.7212628293672,2577.752984851131,3013.1367029572434,559.4184066081535,2086.6597643907585,3155.8467193074207,535.0598862672546,2759.1389768869635,3039.138068297897,0.0800000000000125,HH,Z
DCB_se2_ag1_f_01_1,821,AY1,313,kind,794.6420600864268,1579.423376045843,2005.1948076853648,841.122917942687,1537.4715422952959,2009.1151602589816,772.2660138389139,1853.9682491722901,2035.429418471833,0.12999999999999545,K,N
DCB_se2_ag1_f_01_1,824,AH0,314,of,629.116202808844,2102.013997543339,3266.7618321816244,630.7918199552367,2140.248106927083,3277.594911595353,627.1756342019343,2209.369032424635,3308.787440246997,0.030000000000001137,D,V
DCB_se2_ag1_f_01_1,826,IH1,315,in,592.7829201592692,2315.6553383157493,3184.6738141473147,761.3468776309442,1928.590446175859,3208.311345196138,635.6681820475791,2209.3751278207683,3228.8926408732505,0.14999999999997726,V,N
DCB_se2_ag1_f_01_1,829,AY1,316,my,856.2209551433605,1529.5301087733328,1973.8086633564917,939.218295498384,1635.9462371389927,2394.568540080773,937.9791665150158,1635.978179901408,2373.9196130561977,0.14000000000001478,M,L
DCB_se2_ag1_f_01_1,831,AY1,317,life,720.0972425798369,2213.1228605508863,2949.627555711818,923.278466959917,1647.2502368207636,3073.934443945179,687.8306953219688,2244.8932413079024,3009.515101454713,0.10999999999998522,L,F
DCB_se2_ag1_f_01_1,836,AY1,319,kind,831.8267590235054,1748.6620701235984,2128.9801993790143,897.0740133675911,1897.3244118724629,2678.822015485659,823.2650435871374,2168.570821067463,2357.4068527163768,0.14000000000001478,K,N
DCB_se2_ag1_f_01_1,839,AH1,320,of,651.5452591091494,1878.936109491416,3363.4204002367355,653.4433842942695,1830.3741329681181,3398.9890299778913,649.89748709889,1974.1568240927447,3226.2564006084644,0.09000000000000341,D,V
DCB_se2_ag1_f_01_1,843,IH1,322,it,600.0629466447721,2507.4666947339083,2973.4237636413945,800.7866290782414,2282.009424053666,3107.5575916907683,587.8197112721841,2542.7718525407877,2628.4051380356614,0.12999999999999545,,T
DCB_se2_ag1_f_01_1,847,AY1,324,like,758.0397630240366,2168.937244246895,3168.6627150544523,866.7107795387002,1924.6137246012042,3154.113450389032,622.2920361674348,2597.9377542859556,3414.7467053162304,0.09999999999999432,L,K
DCB_se2_ag1_f_01_1,850,AH1,326,uh,604.2050831012396,1813.54231444724,3124.6579917931226,632.4033271286266,1789.348617660778,3142.6812856680162,533.4542328902686,1902.0519746575776,2813.674207323806,0.10000000000002274,sp,S
DCB_se2_ag1_f_01_1,852,OW1,327,so,487.88931463168745,900.9371250038843,2420.2724688906255,693.796357408803,1582.1514786803052,3293.8584146941844,486.98512822474567,1697.4532364110798,3088.107485609962,0.3400000000000034,S,sp
DCB_se2_ag1_f_01_1,856,IH1,329,when,668.4852043117058,1982.3748728923767,3451.0695829589367,670.9665436931933,1987.4248136128824,3405.6115968645336,663.7787628819601,2051.8342535150996,3248.8569198019954,0.060000000000002274,W,N
DCB_se2_ag1_f_01_1,859,IH1,330,since,534.8365499010412,1659.8527733496023,2021.3224394344975,616.4736573399733,2004.038007409546,3182.695543896693,575.1814072720218,2017.6728022397829,3164.3301131254298,0.03999999999999204,S,N
DCB_se2_ag1_f_01_1,862,AY1,331,i,943.3020587849336,1613.1490673526548,2112.84459827619,984.6836583722562,1863.7038301255961,2579.1251774290795,962.2066307361971,1897.678415905583,2562.952810519273,0.15000000000000568,S,W
DCB_se2_ag1_f_01_1,864,AH1,332,was,593.6820311065648,1620.7528969559069,3135.931527464119,598.9300908063595,1619.0875002086568,3066.021126666574,583.1047605566577,1769.320345594405,3157.1945457493807,0.10999999999998522,W,Z
DCB_se2_ag1_f_01_1,868,AY1,334,my,663.75073025057,1116.2837321225177,2633.403342762516,700.1257753463409,1222.3348537319148,2671.70817805555,659.6359795871952,1305.2753631930766,2504.623813542188,0.030000000000001137,M,M
DCB_se2_ag1_f_01_1,870,AA1,335,mom,733.0080308504347,1347.4863286569364,2385.629119997019,777.5053328812576,1226.235032142957,2330.194994144931,734.0185954393762,1385.0402579951804,2406.3403269439586,0.060000000000002274,M,M
DCB_se2_ag1_f_01_1,873,IH1,336,says,491.04700961059484,2037.4200322467548,3142.2082051509997,542.6793086786383,2056.904567769723,2983.2730422718337,542.3497262165968,2056.922153262363,2984.097524264885,0.030000000000001137,S,Z
DCB_se2_ag1_f_01_1,876,IH1,337,since,594.6175102690934,1648.6841292040858,2557.1500534089623,633.4760561301048,1851.319974503158,3222.9752972198953,610.2769933226818,1955.5871027657142,2827.4037748537207,0.060000000000002274,S,N
DCB_se2_ag1_f_01_1,879,AY1,338,i,886.5062109876343,1722.5019946860327,2665.135631793551,891.7695493323633,1690.1599263627065,2631.377848705779,626.4550729397342,1825.524571766129,2826.7868717065694,0.09000000000000341,S,W
DCB_se2_ag1_f_01_1,881,AH0,339,was,492.77323300510375,1535.0170884126371,3343.1724876959624,534.1691354038027,1497.0211867461273,3240.2682037200666,491.70941381770547,1535.2472161011049,3345.146595708551,0.030000000000001137,W,Z
DCB_se2_ag1_f_01_1,884,UW1,340,two,511.86389342047084,961.837707473889,3051.2007414842114,577.2760697890582,1035.9232226135161,2132.8189009354624,481.7182979423388,1632.2182366380907,3464.18748660115,0.09000000000000341,T,W
DCB_se2_ag1_f_01_1,886,IY1,341,weeks,506.54196211551124,2444.9611248402293,3088.337741981995,548.1962050671107,2520.9769749059083,3079.4034695192004,524.9350499601812,2546.008174131834,3105.627854024766,0.060000000000002274,W,K
DCB_se2_ag1_f_01_1,889,OW1,342,old,628.9405112635507,1103.7519496229138,3464.8485071030923,692.2042560193886,1488.0204891723242,3252.4552810852497,561.7745011664579,1699.7075536888335,3125.248577851166,0.1599999999999966,S,L
DCB_se2_ag1_f_01_1,893,AY1,343,my,962.8175103641872,1790.5350249878034,2258.781305021963,962.7564795787159,1783.40072797915,2254.8905598446568,732.6842646448509,1859.907968569702,2445.3074701286373,0.0800000000000125,M,G
DCB_se2_ag1_f_01_1,896,AE1,344,grandparents,672.4931920946406,1903.3244387622938,2748.9338042056597,690.2903949485573,1867.2326631993387,2105.8725047710022,665.7053164077084,1990.0011006875732,2278.966502777902,0.060000000000002274,R,N
DCB_se2_ag1_f_01_1,899,EH2,344,grandparents,687.7540515475241,1658.6912683554847,2239.841733483439,690.8906122423776,1669.9257557081553,1998.0188234803963,684.9485026121279,1744.4545749780223,2053.0460711217534,0.030000000000001137,P,R
DCB_se2_ag1_f_01_1,901,AH0,344,grandparents,645.0447048162309,1957.7061752294042,2020.473317578917,651.6325930819877,1955.4189419444115,2035.249550030258,650.5542131769876,2011.295632086438,2048.0270392910743,0.03999999999999204,R,N
DCB_se2_ag1_f_01_1,906,UH1,345,would,543.0891364544493,1819.0285291907762,3045.631363108156,544.0344091104449,1823.0203882735736,3044.6088073777537,533.6983114432237,1815.0353697985502,3045.2324441832257,0.030000000000001137,W,D
DCB_se2_ag1_f_01_1,909,IH1,346,pick,524.5773007351081,2520.939793838645,3294.9202399672595,531.2934206763246,2427.1508583142604,3324.8136102404565,505.7960300696671,2680.409253899328,3080.8651549247447,0.040000000000020464,P,K
DCB_se2_ag1_f_01_1,912,IY1,347,me,530.7483722850459,2768.228408498469,3101.233933502632,624.7037205332989,1940.4145993335949,3003.4034949735383,488.07814371531083,2882.753388483737,3099.0586426512614,0.12000000000000455,M,AH1
DCB_se2_ag1_f_01_1,913,AH1,348,up,804.4422266978984,1732.5600639749052,3036.146408171352,804.5940285289543,1736.2969496517176,3018.6790146078074,624.7037205332989,1940.4145993335949,3003.4034949735383,0.09999999999999432,IY1,P
DCB_se2_ag1_f_01_1,916,EH1,350,every,732.9503429464589,1810.9244025462035,2399.868942484271,788.5883704469501,1878.389693591884,2657.0420940442154,746.9010908043281,2146.3417703953114,2591.3108708058535,0.10000000000002274,,V
DCB_se2_ag1_f_01_1,919,IY0,350,every,454.78592188313075,2492.456072564878,3128.6993491333988,466.71103226698426,2496.1082658488226,2935.0638885476287,443.25583013524675,2562.685888661332,2872.2320031411286,0.060000000000002274,R,T
DCB_se2_ag1_f_01_1,921,UW1,351,two,456.0279049701784,1203.8762543606142,3104.4330636787795,478.03015324474006,955.2482859535635,2684.5612246379555,479.26499450269273,1782.0137454231126,3533.631530828368,0.0800000000000125,T,W
DCB_se2_ag1_f_01_1,923,IY1,352,weeks,365.1476216035786,2015.4564645511637,3052.9995297823507,512.3498713631375,2652.850742351808,3119.3101395151334,442.10994202819757,2728.6635989576257,3127.2475194188423,0.1699999999999875,W,K
DCB_se2_ag1_f_01_1,928,EY1,354,they,532.1169012207844,2189.736177215773,3139.221838659398,543.773084239512,2174.5941168380286,3084.9773291877646,481.88107285650506,2355.09784921252,3316.6230715189704,0.030000000000001137,DH,D
DCB_se2_ag1_f_01_1,931,AH1,356,come,745.4400068319198,1554.4704257770857,3406.6670467675945,758.4098270345381,1581.204444814605,3338.69517426072,684.2410019518653,1899.8093977213348,3189.494831886942,0.05000000000001137,K,M
DCB_se2_ag1_f_01_1,934,IH1,357,pick,582.116465649644,2426.382539683882,3112.329005312711,585.506319592655,2466.10967436883,3111.9948144883538,444.6532034945161,2620.863008706655,3137.5147431081728,0.0800000000000125,P,K
DCB_se2_ag1_f_01_1,937,IY1,358,me,509.5964178915985,2630.0098040861876,3116.4097846313043,628.8286365904513,2013.9209283499686,2944.6807729903903,538.4945438636489,2912.051458810208,2916.0790066249715,0.09999999999999432,M,AH1
DCB_se2_ag1_f_01_1,938,AH1,359,up,798.2687630927293,1889.7105170617592,3105.8178863495514,805.5169957848827,1875.5101147049138,3041.676928896655,628.8286365904513,2013.9209283499686,2944.6807729903903,0.09999999999999432,IY1,P
DCB_se2_ag1_f_01_1,942,AH0,361,and,722.6989098206383,1936.6030270095962,3219.4795604701367,831.940911736965,1866.647910694115,3200.2688882792145,748.5637245279373,1980.0711705375284,3155.276999883641,0.09000000000000341,sil,N
DCB_se2_ag1_f_01_1,944,ER0,362,around,556.8459143505181,1068.7314638747544,2553.1065307621448,807.4391408227882,1709.1749163470092,2078.2403619450224,785.1629572646021,1721.0872560834146,1997.6914700615407,0.1699999999999875,N,AW1
DCB_se2_ag1_f_01_1,945,AW1,362,around,826.823340709139,1734.7931851220608,2112.407794323274,829.541224864431,1729.4986306697688,2151.667474587058,828.0382482886753,1734.9247528602389,2129.730945111543,0.09000000000000341,ER0,N
DCB_se2_ag1_f_01_1,949,EH1,363,when,632.8636883356991,1476.4060737131933,3199.5588767831423,640.8114001097161,1341.9182265254067,3245.9591447488365,603.7726535280765,1742.7223782644905,3234.4731436144302,0.05000000000001137,W,N
DCB_se2_ag1_f_01_1,951,AY1,364,i,909.8927188375748,1643.6168989848613,2649.7284883320767,1008.4324507330717,1778.2377163332185,2465.2542731196927,875.3245737167664,1947.357494256921,2982.062736905678,0.11000000000001364,N,W
DCB_se2_ag1_f_01_1,953,AO1,365,was,554.3772081395653,1493.6147513696812,3245.3688031809857,600.1766298496896,1328.4589035069266,3269.6648872704304,543.6237297721673,1496.511578590072,3238.1535541398075,0.05000000000001137,W,Z
DCB_se2_ag1_f_01_1,956,UW1,366,two,513.9961535684057,987.3270995077315,3265.794159902052,544.1199115996842,1128.7290409190498,2689.3830993444244,490.1687938592622,2015.060076828816,3248.395481363895,0.2400000000000091,T,sp
DCB_se2_ag1_f_01_1,959,IH1,368,years,552.1533972598465,2245.7931706899235,3000.4336305944144,617.4037363039494,2251.8000501913066,2619.945610056495,480.3817868243351,2510.3403284106816,2888.4109818239167,0.10000000000002274,Y,R
DCB_se2_ag1_f_01_1,962,OW1,369,old,548.5327279940061,894.2752426573957,3224.3921725611794,650.8556983837616,1277.479834977088,3190.720936857238,633.5781589357233,1732.4287055982195,3226.19424155561,0.18999999999999773,Z,L
DCB_se2_ag1_f_01_1,967,AY1,371,my,803.3138216864692,1243.6262777562629,1879.436378224815,808.3607459908325,1220.42891902589,1997.1617634932397,801.7687311802541,1242.1233867022534,2095.4558422495634,0.03999999999999204,M,M
DCB_se2_ag1_f_01_1,969,AA1,372,mom,768.880218351523,1265.5366540613625,2104.993032291882,772.2554738031492,1240.3192696461033,1932.977155309542,724.3563878102568,1317.809435315022,2188.6349777731916,0.12999999999999545,M,M
DCB_se2_ag1_f_01_1,973,AA1,373,stopped,953.7317854237631,1584.8585289163846,3127.9142521130457,962.7981129011564,1539.3482330808786,3125.2008784149216,820.1844233671873,1580.6355094735197,2779.0995028178227,0.09000000000000341,T,P
DCB_se2_ag1_f_01_1,978,IY1,375,dealing,616.3645302375644,1751.7934091232303,3300.0401549608237,661.7802356874367,1676.2132353834925,3473.0758229007424,478.54797422668537,2125.4474876277177,3215.98405783067,0.07999999999998408,D,L
DCB_se2_ag1_f_01_1,980,IH0,375,dealing,620.8360957963395,1615.9041155476714,3495.4527395417113,660.962528411504,1612.4979622031808,3537.3791167700833,627.1489168409391,1616.4775217632064,3508.967501259413,0.030000000000001137,L,NG
DCB_se2_ag1_f_01_1,983,IH0,376,with,575.74789439299,1382.632928286631,3243.9478898098578,599.6878525653124,1218.7439914216368,3189.6416462413736,523.3903163329737,1644.8338737373597,2801.949329387072,0.04999999999998295,W,TH
DCB_se2_ag1_f_01_1,986,AY1,377,my,916.4969985569312,1746.0255262052226,2970.756164610676,957.3899073630919,1714.0533332251207,2939.619410881303,917.3775775080355,1735.831275814532,2942.7684783699738,0.09999999999999432,M,B
DCB_se2_ag1_f_01_1,989,AH1,378,blood,660.5082049754083,1499.3698632520989,3423.543211074588,661.9444759210643,1500.2484909279794,3423.601351064581,656.6468958089855,1500.759776635843,3425.610595057055,0.09000000000000341,L,D
DCB_se2_ag1_f_01_1,992,AA1,379,father,827.015976146318,1376.788996837506,2825.3196401807545,895.5194602086403,1484.1829247348583,2871.1305452688234,691.4619004269219,1703.5157505019774,3034.1338117191835,0.13000000000002387,F,DH
DCB_se2_ag1_f_01_1,994,ER0,379,father,585.8185880896015,1990.010047092705,2708.213519754702,599.9795478094268,2017.5123137609555,2848.143655535663,597.5451391371274,2029.5950506898394,2825.37360175753,0.06999999999999318,DH,sp
DCB_se2_ag1_f_01_1,997,IH0,381,because,506.8323559432007,2456.015963243684,3141.1424471835417,532.2084042632947,2785.0176623884454,3066.023975411448,524.0437845865412,2926.8705081753415,2987.901887682396,0.09000000000000341,B,K
DCB_se2_ag1_f_01_1,999,AH1,381,because,643.1276226711072,1606.9927821960111,3262.822022679344,668.490078400101,1592.2316896450714,3304.8485756477367,572.9164832937819,1736.74523343034,3214.0464710057336,0.17000000000001592,K,Z
DCB_se2_ag1_f_01_1,1002,IY1,382,he,566.6572321705362,3077.681915982125,3540.3274020856143,567.7510749549141,3067.7558682128174,3537.65090705758,565.2098297442735,3090.8163314846825,3543.869012866235,0.20000000000001705,HH,W
DCB_se2_ag1_f_01_1,1004,AO1,383,wanted,719.4413854612362,1068.5169044978884,2134.7743571476944,768.928101635031,1281.720010782982,2090.54312912559,767.9137354042481,1297.0629602253284,2069.3847078754593,0.04999999999998295,W,N
DCB_se2_ag1_f_01_1,1006,IH0,383,wanted,492.3118604575662,1764.245973514718,3184.5664118875607,495.3478109710386,1776.4283683998667,3205.763832186886,464.90544288831626,1823.779069858556,3079.0018328111805,0.030000000000001137,N,D
DCB_se2_ag1_f_01_1,1009,AH0,384,to,409.1548069356841,1534.371252693167,2584.4707129168432,499.52053744202846,2021.3566336671367,3206.94773040265,492.52310152574336,2086.698221317395,3234.8717136742707,0.06999999999999318,T,B
DCB_se2_ag1_f_01_1,1011,IY1,385,be,449.17364728209566,2730.578629540618,3486.7118670118894,563.2667349926908,2766.0326262051094,3606.9777903350905,440.2022851109938,2736.027749201047,3428.15465309507,0.09999999999999432,B,IH0
DCB_se2_ag1_f_01_1,1012,IH0,386,in,592.5526371486989,2167.527203098034,3426.648060644478,592.1301594653278,2158.3401853405717,3416.4553989978617,563.2667349926908,2766.0326262051094,3606.9777903350905,0.030000000000001137,IY1,N
DCB_se2_ag1_f_01_1,1015,IY0,387,the,565.6367047311579,2182.125959777805,3255.8324954640866,565.2243658611832,2185.0299308834533,3270.2229330140376,495.4194230843439,2316.4683382923095,3569.271872669615,0.03999999999999204,DH,S
DCB_se2_ag1_f_01_1,1019,IY1,388,streets,451.1781784649259,2449.706119341985,3132.209222294208,459.980162015875,2453.452489085006,3627.9497332877213,449.4941842460058,2456.972392324583,3153.529280970688,0.030000000000001137,R,T
DCB_se2_ag1_f_01_1,1022,AH0,389,and,510.5488730746105,2168.9531968684214,3072.405505937698,581.1187472464838,2219.517020390394,3229.5578318623275,578.1777487092621,2219.917729423327,3221.963631071988,0.030000000000001137,S,N
DCB_se2_ag1_f_01_1,1025,IY1,390,he,414.869530845859,2502.249768420245,3136.810924660224,425.539053122687,2937.800246541488,3177.6768687383847,413.2413405259743,2975.7575931817314,3109.771057902685,0.06999999999999318,HH,W
DCB_se2_ag1_f_01_1,1027,AO1,391,wanted,578.8086143940759,1111.9486362650252,2220.5889159060644,641.5153387557658,1337.63659091913,3359.8324525747203,641.5153387557658,1337.63659091913,3359.8324525747203,0.030000000000001137,W,N
DCB_se2_ag1_f_01_1,1029,IH0,391,wanted,518.0820660253057,1638.5265161370344,3264.44247419229,539.5561994434789,1524.0561443456268,3232.1637664040204,471.0926111358282,1677.3700775348761,3336.0698010805486,0.030000000000001137,N,D
DCB_se2_ag1_f_01_1,1032,AH0,392,to,419.85467901146785,2029.7361137047603,3390.198912739482,485.0710132331076,2048.8866587859297,3360.887882392837,486.533090245261,2056.735872770833,3351.658625872834,0.03999999999999204,T,D
DCB_se2_ag1_f_01_1,1034,UW1,393,do,395.3720461810589,1358.7590219100548,3065.098042427645,519.9522954166027,1713.5729682937078,3129.0914602589464,491.23968503035195,2078.692054037563,3184.187351717946,0.19999999999998863,D,
DCB_se2_ag1_f_01_1,1038,AA1,395,not,1023.88110989431,2063.8320416752917,2383.4893081063706,1026.2121274378076,2077.0153670599348,2371.2377292367805,1018.9723068261536,2087.019461988975,2420.472862243009,0.0800000000000125,N,T
DCB_se2_ag1_f_01_1,1042,EH1,397,when,592.0684533996398,1490.0327940666705,2095.384450508357,624.1341624760431,1624.749388387625,2824.683964959833,612.5748675025418,1642.2850841717352,2835.657312074641,0.03999999999999204,W,N
DCB_se2_ag1_f_01_1,1044,AY1,398,i,797.594278013264,1832.395884198844,3192.387671571571,816.2764458218562,1827.0267663143977,2665.1467912770167,813.3206516361546,1842.4075427722112,2833.461978424711,0.05999999999997385,N,S
DCB_se2_ag1_f_01_1,1046,EY1,399,say,498.8394589481903,2463.9041551577193,3149.716160762606,655.1530152887698,2096.52483276837,3162.217248703277,527.9698670055471,2501.3297602443063,3162.4936039843315,0.0700000000000216,S,D
DCB_se2_ag1_f_01_1,1049,AH1,400,drugs,612.3275681711275,1594.7375597328216,3159.6400217168384,614.7926304577853,1619.0372049340456,3077.633944922379,582.7952293328353,1775.4007068836204,3277.730960841789,0.060000000000002274,R,G
DCB_se2_ag1_f_01_1,1052,AY1,401,i,771.8537144248211,1351.147140750128,1760.15141460392,771.8956969027342,1438.60730525507,1750.299794917524,738.6748507819772,1709.099527828446,2826.809283874315,0.060000000000002274,Z,M
DCB_se2_ag1_f_01_1,1054,IY1,402,mean,530.9821272827877,2183.3427692449186,3321.017976452306,577.1352089981568,2199.071348172147,3226.0527268459687,532.1986306402912,2350.806608699002,3076.1492657043373,0.06999999999999318,M,N
DCB_se2_ag1_f_01_1,1057,AY1,403,like,864.5381481080932,1879.9915226201956,2842.0234061850165,888.6696295236653,1813.454076906455,2738.704323347064,733.4626996220081,2042.2121589650146,3084.137971143652,0.06999999999999318,L,K
DCB_se2_ag1_f_01_1,1060,IY1,404,weed,553.394763437906,2999.788102111423,3775.5996745262123,587.9529518662929,2990.6785987051394,3150.9684442152025,529.6309567263979,2978.9977730972855,3190.127843964171,0.25,W,D
DCB_se2_ag1_f_01_1,1064,AH0,406,and,706.2695594357369,1902.3684106188316,3101.3362466999206,811.812624812669,1954.9122063526202,3070.2909763367143,735.8315417683656,2002.9725935633728,3294.43835232335,0.10000000000002274,sil,N
DCB_se2_ag1_f_01_1,1067,AY1,407,like,835.4839893429013,1911.2484882020121,2765.9794470883467,962.7009951044281,1579.350945523338,2582.5183085329295,589.6060502125216,2482.772959051213,2660.638246373948,0.07999999999998408,L,K
DCB_se2_ag1_f_01_1,1070,IY1,408,be,466.56708903487566,2388.4791230708724,2885.4903755022424,623.9172159004729,1923.315996383486,2560.120277129324,494.48295516995444,2408.3458591537724,2942.4976055018583,0.09000000000000341,B,ER0
DCB_se2_ag1_f_01_1,1071,ER0,409,around,581.3026637594322,1318.4327053708528,2704.1942475108494,865.6061878140797,1610.5167459091797,2140.4961192051032,633.8422968621825,1615.3126180734366,2635.630709158835,0.15000000000000568,IY1,AW1
DCB_se2_ag1_f_01_1,1072,AW1,409,around,792.4386625553386,1502.6094865505247,2075.0711301006877,870.0193160729789,1670.216188096549,1994.8227151163287,800.8642817102,1694.796094134673,2148.200456305157,0.06999999999999318,ER0,N
DCB_se2_ag1_f_01_1,1076,IH1,410,with,564.6213605680477,1722.6584677107337,3068.6629687701875,599.1734485440707,1531.7110136475121,3169.2709819748843,549.3875014884572,2029.0734206737004,3179.933120891242,0.03999999999999204,W,DH
DCB_se2_ag1_f_01_1,1079,IH1,411,his,553.3191879052619,2343.482125958594,3127.0689829200214,568.8621987306464,2390.128973662937,3200.4191286595324,558.5100493328905,2442.0186327715683,3166.7199718093357,0.060000000000002274,HH,Z
DCB_se2_ag1_f_01_1,1083,EH1,412,friends,627.6349764671454,2180.456507810435,3040.5596518069037,666.8416146481819,1594.5735086792552,2102.48746470033,632.8630529593763,2237.8947903366106,3055.757789945038,0.17000000000001592,R,N
DCB_se2_ag1_f_01_1,1087,AH0,414,and,780.6512604063327,1905.9853977177322,3093.5354552689987,972.7736261371134,2014.538140760908,2674.5444896568233,884.8127617703196,2054.5487877518844,2773.2684242662776,0.06999999999999318,,N
DCB_se2_ag1_f_01_1,1091,AH1,415,stuff,722.8780832553522,1822.9612130207408,3038.8652231420006,735.3882399861088,1800.732406258294,3152.7500117647846,676.3727481450101,1934.7980761989859,3226.788827433428,0.06999999999999318,T,F
DCB_se2_ag1_f_01_1,1093,AH0,416,and,648.4989541230793,1809.3847534117835,3075.0649179586844,655.9795787940548,1888.7959833441016,3015.6681497673867,655.0289966219266,1920.899380726671,2877.94482888148,0.030000000000001137,F,N
DCB_se2_ag1_f_01_1,1096,IY1,417,she,566.2695354608591,2433.02976283565,2760.0654194602735,626.1552244921395,1166.9367865354932,2828.905419980718,511.2086234203608,2527.6950905330746,3011.4281921469733,0.060000000000002274,SH,W
DCB_se2_ag1_f_01_1,1098,AH1,418,wasn't,734.9878743128339,1638.8887482549312,3005.5811886025845,743.9283750746549,1548.4378165828473,2977.2730022052574,717.4182639735288,1733.1441784986878,3041.888820711008,0.08999999999997499,W,Z
DCB_se2_ag1_f_01_1,1100,AH0,418,wasn't,544.1739880397598,1782.4107569926289,3002.0470469491306,587.4031262854885,1511.410075658542,2646.7674093680143,542.1377219904399,1872.1993302041035,3182.3850187447956,0.10000000000002274,Z,N
DCB_se2_ag1_f_01_1,1104,AE1,419,having,727.5825993030847,1444.314973169907,2116.6634857181775,776.1669416373743,1374.2634220330774,2178.7746137932,756.6879995276719,1569.5580830945812,2130.8903819381335,0.060000000000002274,HH,V
DCB_se2_ag1_f_01_1,1106,IH0,419,having,626.3700144216408,2186.689342005844,3167.6060886430773,638.6871931996867,2054.8115254608247,3156.729922572096,600.7244783717266,2215.5235311344177,3153.271114565861,0.05000000000001137,V,NG
DCB_se2_ag1_f_01_1,1109,AH0,420,that,679.4297888232359,2167.2291717825346,3046.6573806615256,723.9665176707505,2166.541566141532,3069.203068789484,664.9220634088421,2281.408533307496,2927.7907140277516,0.18999999999999773,DH,T
DCB_se2_ag1_f_01_1,1111,ER0,421,around,590.2534237989408,1444.7044438332994,2785.3996907396486,748.1231813107837,1240.8819032556733,1732.227816073368,693.7571961846177,1572.978692387151,2932.789987288618,0.14000000000001478,T,AW1
DCB_se2_ag1_f_01_1,1112,AW1,421,around,789.6820208739554,1576.2867077835888,1782.9320438739774,792.747714426058,1563.3947560306094,1733.0303590626006,793.7993714703856,1594.6686851109566,1737.0978134571367,0.09000000000000341,ER0,N
DCB_se2_ag1_f_01_1,1116,ER0,422,her,501.24633770040236,1703.049276423518,2135.6089093479404,601.4029746371883,1431.2491723461771,1943.8231886320475,462.82159892260785,1910.5724808451803,2546.7455638346873,0.060000000000002274,HH,CH
DCB_se2_ag1_f_01_1,1118,IH1,423,children,562.9133385328579,1573.52191805411,3150.102899557204,678.7761698158458,1887.251115682748,3100.340354048859,678.7761698158458,1887.251115682748,3100.340354048859,0.030000000000001137,CH,L
DCB_se2_ag1_f_01_1,1122,AH0,423,children,553.5122587635714,1448.2368358795816,2104.669609630729,568.1945143662068,1251.1097059499566,2019.0962918609405,551.3270042955181,1453.8087257861089,2110.293731289277,0.030000000000001137,R,N
DCB_se2_ag1_f_01_1,1126,AE1,425,at,762.3021630367926,2062.591123723259,3073.1162847867017,999.1942650822596,2054.2883630423958,3105.139751981268,771.3855923505386,2130.4693615899446,3139.09050307746,0.06999999999999318,sil,T
DCB_se2_ag1_f_01_1,1128,AO1,426,all,644.9370407133318,1259.1604394021506,3220.1472825199717,653.0278991182909,1208.1570264851837,3227.0956670778965,637.6289788744684,1415.6943068656922,3073.95488891049,0.09999999999999432,T,L
DCB_se2_ag1_f_01_1,1131,OW1,427,so,619.4606859721293,1247.9661805515852,3162.6135822842593,638.9696127237936,1633.4836839867655,3181.9962247723633,634.8058953289745,1662.835368857373,3197.411350660338,0.14000000000001478,S,sp
DCB_se2_ag1_f_01_1,1135,IY1,429,she,498.80015063460974,2321.9005605161824,3042.9374784159945,527.0165137945689,2365.1251061765984,3067.1485588296346,483.1697806432902,2384.361445736628,3104.6994931909426,0.0700000000000216,SH,IH0
DCB_se2_ag1_f_01_1,1136,IH0,430,eventually,512.4453111846788,690.3349076834423,1816.7941818863744,598.8225141375508,1586.2571618706463,2265.2294163225797,576.9792321363942,1957.7814716860426,2963.853563064512,0.04999999999998295,IY1,V
DCB_se2_ag1_f_01_1,1138,EH1,430,eventually,644.119503435622,1921.929828735171,2664.42177124813,643.9260269193884,1928.6275432569234,2706.1642519473394,634.7379134987829,2061.8754242292625,3076.7799653894613,0.05000000000001137,V,N
DCB_se2_ag1_f_01_1,1141,AH0,430,eventually,445.7193350693451,1751.1361630786253,2442.103547692506,784.1309442449316,2272.097132924985,2777.753902127328,700.1107202478729,2298.7639495859094,2609.171459941067,0.030000000000001137,SH,L
DCB_se2_ag1_f_01_1,1143,IY0,430,eventually,450.6484923198307,2212.6887858130376,2685.2818460613844,459.5291582137208,2463.495147279076,3008.297188007491,452.5787930806308,2491.0706328386377,2804.56440022865,0.07999999999998408,L,L
DCB_se2_ag1_f_01_1,1145,AY1,431,like,824.3718117355787,1992.300189132569,2796.8099794043846,899.1551918496785,1499.750953954379,2773.765351892717,696.1532958053742,2212.7534306853313,2923.8549065735037,0.07999999999998408,L,K
DCB_se2_ag1_f_01_1,1148,UW1,432,moved,455.2607065860991,874.3832759313319,2501.126315075932,576.6148423221808,870.3300271222056,3097.338773877495,489.73894703221856,1117.1361591786042,2583.834608639489,0.09999999999999432,M,V
DCB_se2_ag1_f_01_1,1151,AW1,433,out,924.9687560657478,1922.6461733553178,2689.3235620441246,935.7924490300713,1921.1554328365523,2736.2549286255844,693.4450375085287,2037.3989587928147,2974.52089109946,0.06999999999999318,D,T
DCB_se2_ag1_f_01_1,1153,AH0,434,of,590.5386538040106,2033.5621605752042,3090.5188381199728,611.272500204629,1978.0324813646794,3109.2110598294735,582.1069232460493,2130.7482360006675,3183.3220939502035,0.030000000000001137,T,V
DCB_se2_ag1_f_01_1,1156,IH1,435,his,565.1339274746252,2163.5676608609983,3019.0268674279814,565.3901703827381,2155.936940931263,3055.045427450826,559.954039788064,2228.7510171566555,3172.944049836122,0.060000000000002274,HH,Z
DCB_se2_ag1_f_01_1,1159,AW1,436,house,792.6428928436208,1588.914970024524,2775.8817585750985,885.5186156908165,1611.2969456653698,2474.5105450151204,848.954985637287,1693.7905527607627,2654.8168761861575,0.060000000000002274,HH,S
DCB_se2_ag1_f_01_1,1162,IY1,437,she,538.7716271583754,2302.840225426366,3011.3890801193834,576.8576686408113,2301.71873480266,3044.3208643357607,482.43705492889205,2342.0790641881454,3363.138218556832,0.0800000000000125,SH,T
DCB_se2_ag1_f_01_1,1164,OW1,438,told,623.2479614122517,1514.304338083986,3170.8263074897177,661.6577725357272,1550.4476865485628,3011.1851167414043,659.4488920621244,1565.0710788387623,3007.6664138257215,0.060000000000002274,T,L
DCB_se2_ag1_f_01_1,1168,IY1,439,me,558.2178774564056,1895.944261794568,3064.1205852234234,596.5770543021083,1774.9456901469207,3038.467195211085,536.690604616536,1906.2326431822503,3058.0459512513253,0.030000000000001137,M,AO1
DCB_se2_ag1_f_01_1,1169,AO1,440,all,767.2867555889987,1476.7348505316068,3123.4309261725934,769.4840377733319,1486.0596914252658,3134.2872789775743,596.5770543021083,1774.9456901469207,3038.467195211085,0.06999999999999318,IY1,L
DCB_se2_ag1_f_01_1,1172,AH0,441,the,501.42188848304176,1686.8933443897022,2900.8776068075736,637.2417328255137,1174.5365200990973,2161.064175508691,490.85168531887103,1757.9498866611648,3104.079779501856,0.030000000000001137,DH,T
DCB_se2_ag1_f_01_1,1174,AY1,442,time,759.0744459349539,1597.2053385503975,1801.3069330759226,893.5729926538506,1700.7906707269808,1872.2271431586123,893.5729926538506,1700.7906707269808,1872.2271431586123,0.030000000000001137,T,M
DCB_se2_ag1_f_01_1,1176,AH0,443,about,493.33427904065735,1304.7905285064146,2444.102838612724,531.2743147351441,1382.6157200715215,2566.5107072189467,446.33078464524544,1449.5545710236443,2477.4466110180283,0.030000000000001137,M,B
DCB_se2_ag1_f_01_1,1178,AW1,443,about,917.7463508922318,1586.220538868652,2705.545942903019,924.1985036464297,1581.893972347431,2672.1855453536778,909.2358820878907,1586.6463691556928,2729.1763472083317,0.0700000000000216,B,T
DCB_se2_ag1_f_01_1,1181,AW1,444,how,923.0873200473873,1462.4900097651687,2122.2394462839097,949.929244185749,1537.691372242372,2493.2200115820237,942.9333025627103,1722.3791990987206,2387.8093967071686,0.18000000000000682,HH,
DCB_se2_ag1_f_01_1,1184,IY1,446,she,486.16712730196656,2597.9849176691077,2918.9154978342963,508.20121646869075,2609.019759445807,3088.9541296014204,493.8066964638828,2639.7872157346064,2965.7025229399123,0.05000000000001137,SH,M
DCB_se2_ag1_f_01_1,1186,UW1,447,moved,433.32886909977367,999.3564917148702,2718.5848152434914,481.045128143433,1326.0380885511122,2733.6331139607,481.045128143433,1326.0380885511122,2733.6331139607,0.060000000000002274,M,V
DCB_se2_ag1_f_01_1,1189,AW1,448,out,811.2842081985883,1979.8129595862545,2664.7129536259067,815.9590321720352,1961.2520649480373,2687.4122740284147,789.7319217605832,1989.3369613489895,2652.854510945659,0.03999999999999204,D,T
DCB_se2_ag1_f_01_1,1191,AH0,449,of,579.8634070009471,2055.954214158153,2075.44311305031,581.1881047091902,1986.3790342830293,2030.7591835806898,577.4574833272674,2125.056035269948,2143.866660407094,0.030000000000001137,T,V
DCB_se2_ag1_f_01_1,1194,IH1,450,his,524.056757884797,2147.6328751862534,3263.596162426941,547.587211545379,2265.956079443533,3017.934165613762,538.5497292796607,2306.781904016323,3059.402985776402,0.060000000000002274,HH,Z
DCB_se2_ag1_f_01_1,1197,AW1,451,house,781.4003941218676,1506.9957372913884,3015.819827694324,911.5907612504914,1546.020932571535,2532.7417499383178,864.8349565175457,1605.8999816975677,2808.568768585891,0.09999999999999432,HH,S
DCB_se2_ag1_f_01_1,1199,IH0,452,in,596.5727937673922,1596.9612815614732,2664.1426089998085,748.5036895148039,1626.961520738903,2661.5926720320026,584.0527751279698,1792.0329874811066,2897.9577047640328,0.03999999999999204,S,N
DCB_se2_ag1_f_01_1,1202,AH1,453,one,908.5824303594051,1468.790299084797,3188.1551390322174,864.7228733115015,1168.5937793034668,2871.9241826468733,708.7692411728856,1751.426224201847,2033.5178468931622,0.07999999999998408,W,N
DCB_se2_ag1_f_01_1,1205,AY1,454,night,902.1711261040491,1921.1336556053582,2508.9647843933353,976.1438368141012,1719.4743273121044,2561.1092332408716,588.4510720853281,2199.09917602928,2851.0679811273753,0.12000000000000455,N,T
DCB_se2_ag1_f_01_1,1210,EH1,456,well,530.3822766642711,1020.8111060931412,3052.7134442755832,551.3222371737792,1061.3973902176217,2997.274010746323,551.1374617119195,1068.3338036514701,2982.382460495784,0.030000000000001137,W,L
DCB_se2_ag1_f_01_1,1213,EH1,457,their,587.4057497516886,1615.3211588232791,2305.9437443036895,635.3008475496154,1889.0983592799503,2125.3923333223706,524.0874866447726,2415.1100257859875,3172.8918838117065,0.09999999999999432,DH,R
DCB_se2_ag1_f_01_1,1216,AW1,458,house,817.0673699061791,1456.035087102956,2803.017767568623,913.634812581721,1531.3806560215203,2478.36986612646,899.2996479060378,1548.466708911498,2564.1217674444583,0.09999999999999432,HH,S
DCB_se2_ag1_f_01_1,1218,IH1,459,in,668.5034725250026,2157.7946705181957,3018.9063616537774,674.0898823219685,2201.9300507296466,3101.0291948763306,674.485187553072,2205.8177681138272,3108.7079035487563,0.06999999999999318,S,N
DCB_se2_ag1_f_01_1,1221,AH1,460,one,686.8721028375289,1431.7384550989018,3258.8680266918022,697.7014079177644,1545.5499471652404,3201.718348129306,637.2455027826151,1687.3900778207753,3167.991293885729,0.060000000000002274,W,N
DCB_se2_ag1_f_01_1,1224,AY1,461,night,833.2809937220534,1758.0293642697452,2603.324272790165,852.7211549351014,1952.16180825424,2509.7450709147797,614.2672007197345,2466.767735576038,2936.6261452145527,0.12000000000000455,N,T
DCB_se2_ag1_f_01_1,1227,AE1,463,and,621.0834378180904,2206.1087804126696,2421.8532278649564,761.7411421923965,1833.785809020964,2655.8121036105235,653.6607047585413,2385.573763031536,2894.0389495480294,0.05000000000001137,sp,N
DCB_se2_ag1_f_01_1,1232,EH1,466,went,598.9047003406184,1830.6490151401385,2860.8510690017984,601.5926248418053,2137.379294631967,3329.0315867174395,600.7243177311575,2152.1845275689952,3217.463724832187,0.08999999999997499,W,N
DCB_se2_ag1_f_01_1,1237,UW1,468,to,418.87925374097125,951.107297147017,2369.5293864732366,629.6734052398509,1230.8724327994703,3057.9522195712775,554.941928447811,1855.472870654467,2940.243951304896,0.1599999999999966,T,AH1
DCB_se2_ag1_f_01_1,1238,AH1,469,um,760.6738302214351,1264.935830817267,2765.701094874653,775.7363670152802,1322.261296702878,3002.2857060468914,772.2466786111027,1408.000769733258,3006.0946259894035,0.17000000000001592,UW1,M
DCB_se2_ag1_f_01_1,1242,AY1,471,my,812.3646168760322,1633.2159987921968,2328.6885382637342,839.2889777740766,1531.4683864056399,2168.0909034391193,775.771320962105,1677.8183800125246,2456.5265131711662,0.07999999999998408,M,G
DCB_se2_ag1_f_01_1,1245,AE1,472,grandmo-,683.6888980828254,1557.885373306667,1978.1134049654083,690.9862868253612,1704.6765019593756,2400.913866012864,689.9587400224658,1820.4069847511503,2152.340997768188,0.03999999999999204,R,N
DCB_se2_ag1_f_01_1,1249,AH2,472,grandmo-,813.1780549558555,1247.9964705674638,2513.8449655690047,857.3825233164566,1414.6373972101144,3031.1481210615675,855.0283978493886,1440.9191102633233,3168.4010502216747,0.12999999999999545,M,sp
DCB_se2_ag1_f_01_1,1254,EH1,474,where,540.2514980568644,1229.8006260095672,2969.9044968667545,575.6956937416728,1158.1082080168421,3072.7250210778884,457.2050091274031,1301.364440788725,2522.422336148119,0.030000000000001137,W,R
DCB_se2_ag1_f_01_1,1257,AY1,475,my,818.225610157091,1421.0493466107782,2033.6770325197213,824.0960051060657,1519.167175211468,2162.964987704483,692.5809386612723,1652.4749037388947,2858.0920479762235,0.060000000000002274,M,G
DCB_se2_ag1_f_01_1,1260,AE1,476,grandmom,621.0584788803201,1469.3871604064639,1791.0795788240907,620.9424688066549,1470.781832907222,1790.9223533749287,609.61063327553,1751.296662213797,2243.6045828482524,0.030000000000001137,R,N
DCB_se2_ag1_f_01_1,1264,AA1,476,grandmom,642.0762576605673,1385.285670769619,1994.276174514931,656.220215998969,1464.7845896507379,1977.4940585717256,649.2362368206706,1540.289773879792,1611.3156406479313,0.05000000000001137,M,M
DCB_se2_ag1_f_01_1,1268,IH1,478,lives,501.36186153762964,2213.2610976461383,2785.567525718326,619.3922648760065,2172.7670866508274,2900.750018374101,492.0831954485449,2352.1698843745075,2820.9294430050013,0.12000000000000455,L,V
DCB_se2_ag1_f_01_1,1273,AE1,480,and,586.3454412727726,2321.669352211837,2985.0886274906325,632.9995729776815,2169.4771791505636,3012.7708585374653,568.2531016753634,2370.9386263881283,2985.328944566177,0.06999999999999318,sil,N
DCB_se2_ag1_f_01_1,1276,EH1,481,then,626.5717698578977,1876.0446912706284,2017.9390618362452,645.9468340661839,1952.7656885292663,2706.297303415413,625.5151456202609,1969.5266770685603,2125.6328879393227,0.11000000000001364,DH,N
DCB_se2_ag1_f_01_1,1279,AY1,482,my,879.0783039688067,1703.0377770445716,2769.571358745943,984.4551519019763,1764.7287502875863,3088.32236426287,981.1751242612621,1875.5548503615405,3236.9234812875097,0.1699999999999875,M,sp
DCB_se2_ag1_f_01_1,1282,IY1,484,da,530.8187798668016,2358.0169438158973,3121.231160408147,638.1737062018121,1356.0142985881685,2443.729727636617,542.1396542328847,2371.801771692888,3110.2051410196523,0.03999999999999204,D,EY1
DCB_se2_ag1_f_01_1,1283,EY1,484,da,621.8602241340377,2352.471730714691,3195.202056134259,668.2300277892755,2437.8347177171754,3306.7317021939025,667.8720273732181,2437.187268881669,3303.5050537648513,0.11000000000001364,IY1,TN
DCB_se2_ag1_f_01_1,1287,IY1,487,he,532.7986084760973,2654.5735008312904,2995.96493443016,539.6160737763784,2733.330603506457,2855.055711733069,525.9826691847114,2890.2656992271027,3013.9042910233366,0.060000000000002274,HH,K
DCB_se2_ag1_f_01_1,1289,EY1,488,came,645.573108107681,1660.5451167151034,2424.5801373353224,692.9954715482745,2388.2226582869826,3115.5481669207697,622.4715231148328,2402.5929198194226,2869.3268080187972,0.09999999999999432,K,M
DCB_se2_ag1_f_01_1,1291,IH0,489,into,575.4927247354776,1885.204291484507,3011.5744189482007,608.9529152092895,2019.4834801134111,2898.770053195278,606.1777085364698,2014.9479051470435,2902.764057222429,0.030000000000001137,M,N
DCB_se2_ag1_f_01_1,1294,UW1,489,into,565.3841452738652,1408.5300733718475,3037.18097737197,573.088610733576,1809.8980705387287,2714.6692627770894,573.088610733576,1809.8980705387287,2714.6692627770894,0.03999999999999204,T,M
DCB_se2_ag1_f_01_1,1296,AY1,490,my,948.3560022549199,1507.5547437843388,2806.7693068745334,991.6102293455519,1486.0231120517205,2790.0172827403576,881.7846570430238,1607.2992505646616,2725.2633590850337,0.09999999999999432,M,L
DCB_se2_ag1_f_01_1,1298,AY1,491,life,836.5806901707746,1925.9886577447098,2872.774206980084,935.3043948352257,1666.7219262999756,2641.0755373500037,577.3580548851722,2206.0678921354074,2401.570672281631,0.09000000000000341,L,F
DCB_se2_ag1_f_01_1,1300,ER0,492,around,552.4879721749393,1195.4482775659376,2369.025024088661,678.1978338564163,1360.9229842210555,2031.325435078757,630.4186299541132,1647.9806448399193,2688.345708999893,0.14000000000001478,F,AW1
DCB_se2_ag1_f_01_1,1301,AW1,492,around,866.2328353555436,1482.4677492413641,1731.263876080981,876.1900550700718,1440.3941350796829,1713.6099423527162,823.455643943332,1536.1438567687262,1868.4118182567288,0.12999999999999545,ER0,N
DCB_se2_ag1_f_01_1,1306,EH1,494,when,634.4435323296323,1664.1173004471611,3121.9542689772834,642.8172953503993,1727.7362853800298,3175.1450235553484,614.7825691639908,1767.3339668156552,3043.844418191176,0.040000000000020464,W,N
DCB_se2_ag1_f_01_1,1308,AY1,495,i,738.7082911127164,1595.2787895682927,2381.5392444074637,775.2098160676697,1710.5004163738045,2245.71129787328,763.1868988624916,1786.6518246352684,1999.9563363792117,0.0800000000000125,N,W
DCB_se2_ag1_f_01_1,1310,AH0,496,was,489.3233395179256,1478.893052972683,2943.9194597828864,507.58330890389664,1471.8275333729825,2923.8354837509028,498.150855727552,1822.4132534528524,2849.9896302213597,0.030000000000001137,W,Z
DCB_se2_ag1_f_01_1,1313,UW1,497,two,428.3594961826974,1653.363449908096,3336.3890770316552,473.9816425664653,1720.7952194866539,2978.1433625752757,373.403948706005,1869.5081540711392,3299.8401416002025,0.0800000000000125,T,S
DCB_se2_ag1_f_01_1,1315,OW1,498,so,560.1637074509109,1316.2851791987616,3087.084597686301,620.0790735250162,1492.4500259796855,3157.9756630327797,456.18076276708825,1736.6051103530306,2763.7150687079848,0.15000000000000568,S,sp
DCB_se2_ag1_f_01_1,1319,AO1,500,shortly,510.36068941367296,1048.5434643743313,2921.0675230310235,594.776622711786,1678.9957716146985,2912.9725495125804,594.776622711786,1678.9957716146985,2912.9725495125804,0.060000000000002274,SH,R
DCB_se2_ag1_f_01_1,1323,IY0,500,shortly,416.26741113209505,1954.9590680550173,2946.978683004919,737.8450483516643,1156.1166182042662,1972.7185111680164,492.7638015958618,2482.151711114266,3162.207890885363,0.09999999999999432,L,AE1
DCB_se2_ag1_f_01_1,1324,AE1,501,after,961.1060610511142,1920.1101790439895,2241.903734700305,963.5751786758062,1933.174091561135,2273.1445638788578,948.4034777863972,1971.83591870817,2248.862595466806,0.0800000000000125,IY0,F
DCB_se2_ag1_f_01_1,1327,ER0,501,after,507.8434848776029,1876.8930630509728,3064.8079609600077,563.2644587325001,1946.4278666989283,3055.4953966080197,563.2644587325001,1946.4278666989283,3055.4953966080197,0.030000000000001137,T,DH
DCB_se2_ag1_f_01_1,1329,AE1,502,that,673.4776027534842,2283.9834700279503,3269.806896761401,723.7538753350227,2259.837429600634,3193.4166975925395,678.5374795078259,2327.391776658981,3291.8637773517225,0.10999999999998522,DH,T
DCB_se2_ag1_f_01_1,1333,EY1,504,they,505.1686172361909,2550.5216750133354,3116.0835749593152,603.4463797754524,2319.8755510737283,3261.210553203765,484.2050649182717,2555.0232309843504,3138.8833911991237,0.11000000000001364,DH,S
DCB_se2_ag1_f_01_1,1336,AA1,505,started,819.2129887271692,1459.033195583527,2026.9987618327589,827.4794339700003,1467.7980215683885,2041.3743752557505,723.5251654855971,1668.8542995614648,2397.0341600798824,0.0700000000000216,T,R
DCB_se2_ag1_f_01_1,1339,IH0,505,started,547.0439519511394,2202.5868579941653,2869.826245498444,563.267331971021,2206.1833459652094,2893.0069216013057,559.6766925780796,2218.6287380799204,2894.3238498230235,0.09000000000000341,T,D
DCB_se2_ag1_f_01_1,1344,AO1,507,talking,677.1781547232519,1167.9951027719703,2291.686785032486,711.503619801933,1307.610605097157,3263.599421500193,712.8229488560615,1319.0393161881036,3279.6483907201637,0.0800000000000125,T,K
DCB_se2_ag1_f_01_1,1346,IH0,507,talking,532.1393892485831,2062.302704523818,3065.4344404159206,567.2220245354227,2031.9900683173682,2930.35041255715,546.5296971494521,2074.8255906112818,2948.704961239164,0.030000000000001137,K,NG
DCB_se2_ag1_f_01_1,1349,UW1,508,to,437.52231730312604,1483.1906068424848,3046.610521498659,477.9664323114787,1724.621100064598,2866.932992574644,413.6668433600636,1876.2962161892403,3205.8712701186073,0.09000000000000341,T,IY1
DCB_se2_ag1_f_01_1,1350,IY1,509,each,434.80065457528775,1763.81915058823,2468.8988649808916,434.561764415225,1772.8347897022586,2461.48427896953,397.82118078683243,2193.9955652782937,2993.583404004147,0.05999999999997385,UW1,CH
DCB_se2_ag1_f_01_1,1352,AH1,510,other,717.7761611108083,1704.3140989382964,2890.542280220191,734.2500007443579,1693.346156584552,2928.0379411307913,658.063608597208,1904.802240492303,2934.177131643374,0.09000000000000341,CH,DH
DCB_se2_ag1_f_01_1,1354,ER0,510,other,685.7599928220283,2052.1903563713286,2905.396966372478,732.8126707670829,2088.748706173009,3020.0767566652858,595.3315954690644,2125.6702890028346,3085.3902173612523,0.11000000000001364,DH,
DCB_se2_ag1_f_01_1,1357,AH0,512,and,738.0982939925661,1973.6982313550686,3010.994706634975,828.2198026242465,1910.7497290790088,2627.3358040563216,711.4452807465983,1974.3206489262082,2905.2870931709062,0.03999999999999204,sil,N
DCB_se2_ag1_f_01_1,1359,AH1,513,um,901.5155412797592,1588.0502855143156,3128.987337179501,908.4821193097276,1720.73594556135,2814.5890631930865,829.6569630170004,1918.4044853018825,2713.402011372536,0.21000000000000796,N,M
DCB_se2_ag1_f_01_1,1362,IH1,514,getting,429.84998585373893,2619.4275310652088,3235.576125778368,497.78620570088543,2447.569083949921,3238.0226266705417,426.2740004165265,2630.400557806402,3210.1867958627513,0.030000000000001137,G,T
DCB_se2_ag1_f_01_1,1364,IH0,514,getting,550.8849885075595,2200.6215748161467,3228.2038301347125,562.4784326947146,2361.2128650958894,3307.7383339437197,562.4784326947146,2361.2128650958894,3307.7383339437197,0.030000000000001137,T,NG
DCB_se2_ag1_f_01_1,1367,AH0,515,to,537.6639344362521,2087.0324477530444,3210.9491290092865,549.3743083477965,2099.1517309218734,3183.5651224581043,537.186936284158,2112.732790123015,3228.246507147185,0.030000000000001137,T,N
DCB_se2_ag1_f_01_1,1369,OW1,516,know,509.1393064710136,1394.5315836938748,3080.5884594823924,586.8102932201824,1804.4244356462323,3152.699223646018,415.4003598860325,1857.5274958125287,3079.5550910795905,0.12000000000000455,N,IY1
DCB_se2_ag1_f_01_1,1370,IY1,517,each,413.4455636976537,2135.034327030562,2863.9153927416146,416.74806492866924,1959.2227727417196,2989.73798284861,411.35854363102095,2243.253096196035,2948.5043658126733,0.04999999999998295,OW1,CH
DCB_se2_ag1_f_01_1,1372,AH1,518,other,744.8496043450773,1839.6347089365502,3007.9318999051056,747.8889093414335,1848.498845883789,2948.6426290080594,668.4285605786268,1882.449953067625,3034.783018688912,0.060000000000002274,CH,DH
DCB_se2_ag1_f_01_1,1374,ER0,518,other,574.252526662108,2113.492308379993,2856.8306887873778,581.591061349591,2094.6944541047633,2821.5492494951827,576.5060004596203,2108.514925330206,2846.8310628421614,0.030000000000001137,DH,AE1
DCB_se2_ag1_f_01_1,1375,AE1,519,and,625.9092249121461,2176.6883054555306,2782.2060175795555,670.9568190462483,2230.5025862458906,3047.565296257776,638.4958060470548,2237.625972232509,2836.634640329037,0.1599999999999966,ER0,N
DCB_se2_ag1_f_01_1,1378,IY2,520,before,537.1546420655806,1006.8220342254633,3059.0362819178727,811.9456564748523,2323.784375943011,3226.310123676066,793.813965014662,2324.877290784845,3187.392373024104,0.06999999999999318,B,F
DCB_se2_ag1_f_01_1,1380,AO1,520,before,525.5150254888059,886.7797131803137,2923.985879060015,630.1268338921569,999.7608540729093,2773.840129320193,623.2944841139919,1041.1739613388975,2688.709129445811,0.09999999999999432,F,R
DCB_se2_ag1_f_01_1,1383,EH1,521,them,658.3473495241607,1905.8180861327126,3048.131515045972,682.3956230530562,1772.9336158714839,3043.5363980043157,582.2595445887912,2116.4543879761773,2972.834211142482,0.12000000000000455,DH,M
DCB_se2_ag1_f_01_1,1387,AY1,523,i,931.2816285214764,1656.1348232316432,2539.775495436209,962.0406389260236,1296.6922431955054,1892.4710866199734,933.7845417466368,1865.8256441534704,2035.2753426962918,0.15000000000000568,sil,HH
DCB_se2_ag1_f_01_1,1389,AE1,524,have,708.7455983972313,956.5701098223493,2032.5549805982089,839.5344268224187,1363.512682507523,2074.5881784121407,770.0677146508558,1992.991341509682,3006.685037435018,0.04999999999998295,HH,V
DCB_se2_ag1_f_01_1,1391,AH0,525,a,494.85463301689543,1350.3507462732375,3088.653188878085,649.3993612044584,1745.7192005598686,3525.7231653616245,583.8172288742836,1899.609759075496,3779.3225137099416,0.09999999999999432,V,B
DCB_se2_ag1_f_01_1,1393,IH1,526,big,458.5668984955804,2351.8173852323016,3149.001015668511,466.61471935066743,2215.617446030798,3083.7337494390595,448.452171826582,2389.7725644012407,3018.4029953625063,0.05000000000001137,B,G
DCB_se2_ag1_f_01_1,1396,IH1,527,sister,600.9579198053052,1792.3855335864407,3009.0605071384393,616.9136920572041,1798.3449938614674,2962.608953845201,599.8690133303066,1816.5906908806799,2996.4847281842194,0.09000000000000341,S,S
DCB_se2_ag1_f_01_1,1399,ER0,527,sister,563.4247603491488,1738.0050494319498,2271.9966229264546,637.0810733112422,1873.2107770474236,2401.534538990935,619.6374305325575,2073.0090667183117,2357.570830431571,0.160000000000025,T,
DCB_se2_ag1_f_01_1,1404,AH0,531,and,707.0018668571922,2025.2372260134628,3356.4219367993655,813.4512621630689,1724.7783144486239,3036.493699230404,676.8246588313243,2066.2692515711956,3243.099531527432,0.22999999999998977,sil,N
DCB_se2_ag1_f_01_1,1408,IY1,532,she,523.0638740680557,2456.9032615096185,3043.677111308873,558.898138838652,2288.5930417943946,3165.296095842456,477.31906818235404,2533.275251675322,3389.4061403870496,0.05000000000001137,SH,Z
DCB_se2_ag1_f_01_1,1412,EH1,534,twenty,607.8067226206817,1545.9733069349936,1729.7555950392864,644.5970679599942,1357.393981032014,1785.835772821459,594.647798176851,1627.5089046166515,2796.786027831502,0.040000000000020464,W,N
DCB_se2_ag1_f_01_1,1414,IY0,534,twenty,501.6051635487035,1947.2559312704077,3247.787081636438,521.4602849861511,843.8669500147566,2209.589178420171,475.8161177216088,2106.526271718873,3201.789685815341,0.03999999999999204,N,W
DCB_se2_ag1_f_01_1,1416,AH1,535,one,603.685475566583,1619.3550994263821,3353.1243548987045,603.6566750207091,1619.634107519351,3342.24674861699,601.0049232376579,1645.3232111653506,2340.71323674576,0.03999999999999204,W,N
DCB_se2_ag1_f_01_1,1419,IY1,536,she,480.0584117129879,2319.4765814864136,3032.734194411749,523.7797099759915,2501.615669927267,3014.8117708074824,498.24497634075897,2535.6908249230464,3192.5262587257776,0.07999999999998408,SH,sp
DCB_se2_ag1_f_01_1,1422,UW1,538,who,443.0119632737693,555.51319460971,2266.891142601308,604.6129731101914,821.330425035502,2830.775919131734,566.0624480915205,2319.2999660014793,3611.2067898069795,0.13999999999998636,HH,AO1
DCB_se2_ag1_f_01_1,1423,AO1,539,also,635.9427135501865,1023.8601608699255,2926.0374603878145,652.7337656093384,1036.9293494182696,2971.3856880872654,648.5368601748032,1042.9159816818021,2963.3372333276216,0.0800000000000125,UW1,L
DCB_se2_ag1_f_01_1,1426,OW0,539,also,620.9760539181626,1363.6652099628864,3175.751066752148,625.9860633850819,1350.7485578493674,3236.0150706833124,606.078926553483,1527.7374442664998,3245.04895521541,0.060000000000002274,S,HH
DCB_se2_ag1_f_01_1,1428,AE1,540,has,701.5161628795644,1966.2280469612015,3045.9835394456154,755.0169330248343,1814.9372438445691,2983.8741947836547,619.9134107822806,2018.010327459691,3052.6698379663085,0.04999999999998295,HH,Z
DCB_se2_ag1_f_01_1,1430,AH0,541,a,433.0101916118533,1874.2659111885778,2804.624098635212,668.2416996686645,1978.5853846005461,2686.7014770382316,668.2416996686645,1978.5853846005461,2686.7014770382316,0.03999999999999204,Z,D
DCB_se2_ag1_f_01_1,1432,IH1,542,different,598.0781227785058,1955.6248900282883,2287.046263953006,599.2852518229643,2022.0425538352922,2269.9103647093275,593.103965236368,2091.4554772170295,2624.1297279737855,0.06999999999999318,D,F
DCB_se2_ag1_f_01_1,1435,AH0,542,different,609.3771024726994,1515.6541965707233,2057.7316153112315,629.7470158006022,1419.3863716109552,2135.2369424659923,614.3918423255176,1525.4166334192096,2025.027838345082,0.030000000000001137,R,N
DCB_se2_ag1_f_01_1,1439,AA1,543,father,819.6412036394864,1376.6677147574605,2742.923622934497,893.1203727212085,1213.5885578692034,2556.2988505666262,695.8272760290959,1679.892004869281,2974.6538688982396,0.15000000000000568,F,DH
DCB_se2_ag1_f_01_1,1441,ER0,543,father,586.661008049169,1975.570358432214,2373.2549961536583,793.0738933259989,1944.2694986689007,2972.215374533605,702.2454930856499,2044.9121700282249,2795.336294607922,0.17000000000001592,DH,
DCB_se2_ag1_f_01_1,1445,AE1,545,than,575.30502203237,2403.176613303058,3164.936841317287,587.5592991598356,2393.935831149829,3120.9387132242596,584.2293371223334,2416.7754579395287,3138.8923882445565,0.06999999999999318,DH,N
DCB_se2_ag1_f_01_1,1447,AY1,546,i,1018.8020820535584,1597.7545121205474,2539.6569707168583,1018.891649079251,1598.2881503238627,2540.11688506885,661.0570481617139,2004.8698263237752,2687.4255581309353,0.1599999999999966,N,D
DCB_se2_ag1_f_01_1,1449,UW1,547,do,429.59081305355016,1667.8577590129426,2968.146003687084,833.7718189393801,1941.9387309881504,2905.761481492198,446.17625028623894,1989.6658799823476,2952.0277792265692,0.14999999999997726,D,sp
DCB_se2_ag1_f_01_1,1451,AE1,549,and,524.4452020462159,2450.092055089143,3163.5853285761946,703.948516746238,1713.495580586631,2689.747665534376,551.7652186691814,2504.216019826204,2990.35567215012,0.06999999999999318,sp,N
DCB_se2_ag1_f_01_1,1454,EH1,550,then,608.1085222597976,1187.1354096030084,2158.7682042998476,622.1328264195317,1078.8835455931066,2137.3986523815925,600.3581015491571,2200.9331521817653,3263.8348622143185,0.1799999999999784,DH,N
DCB_se2_ag1_f_01_1,1459,OW1,552,going,617.6023118135435,1037.632779350433,2231.2982120782763,647.7736603629234,1062.1782536781254,2171.9414103414924,612.0455535956485,1178.198114885909,2202.8990889902225,0.13999999999998636,G,IH0
DCB_se2_ag1_f_01_1,1460,IH0,552,going,676.0647830353516,1189.895585928872,2031.6631470736831,675.8736927131736,1195.6790379327765,2040.7773076021506,600.1136486451785,1292.1807193110744,2172.1269234858714,0.030000000000001137,OW1,N
DCB_se2_ag1_f_01_1,1463,AE1,553,back,886.7824561775625,1587.6166915087763,1985.4847922863437,912.0821246936123,1648.8622380666484,1980.9488682180624,918.7629185349724,1957.763118220365,2044.8626786226923,0.11000000000001364,B,K
DCB_se2_ag1_f_01_1,1468,UW1,555,to,481.41003862658926,1666.868496240081,2651.1384054392593,514.015314764716,1294.8461653494885,2487.297946360025,486.40178267846073,1866.7529827896553,2833.6100553006786,0.09999999999999432,T,M
DCB_se2_ag1_f_01_1,1470,AY1,556,my,892.1389922250934,1843.0761128672766,2618.5703741025227,918.8136896518511,1779.6971517927311,2582.512555457529,651.563318286312,2014.531596607254,2123.44714522534,0.07999999999998408,M,D
DCB_se2_ag1_f_01_1,1472,AE1,557,dad,598.3144840227498,1242.2162704354353,2517.293295085904,603.8630579046757,1066.6303241883281,2435.7728765010147,542.1490253950141,2608.827545391559,2808.9243890765756,0.1699999999999875,D,D
DCB_se2_ag1_f_01_1,1477,IH1,560,it,530.7281965284836,2382.931405467149,3184.2853804761357,1127.759414730806,2482.4598320754158,3356.02007210785,570.9023272139945,2444.65428859247,3229.628639990393,0.09999999999999432,,T
DCB_se2_ag1_f_01_1,1481,AH0,563,a,736.5891400180532,1598.5071120603798,3029.0992512059415,800.2169923518776,1775.0749478939008,2862.85993079529,569.8682172519842,1953.784464980271,3111.275077235042,0.28999999999999204,sp,sp
DCB_se2_ag1_f_01_1,1484,UW1,565,two,503.4223908239361,1153.964571915785,3037.13556462654,628.4844148572885,1135.909359753755,2634.2533158461097,486.0486884142256,2001.283502169335,2991.1196852646744,0.10999999999998522,T,M
DCB_se2_ag1_f_01_1,1486,AO1,566,more,518.1264970473128,828.8299496883616,3043.605036594258,624.6537258170039,803.806546829205,2399.242084880172,555.2682967423337,1129.3751620089754,2570.2197554154923,0.15000000000000568,M,R
DCB_se2_ag1_f_01_1,1490,AH1,568,but,610.3647533882762,1749.2158129316872,2315.590486075666,621.9041213027009,1646.1431936221181,2895.705637136926,609.1646720355251,1900.216933695007,2958.5802354188672,0.06999999999999318,B,T
DCB_se2_ag1_f_01_1,1494,IH1,570,which,489.8283019854478,2112.71151574839,2993.413736154309,498.54995450046806,2086.9216160281067,2953.9138401314185,481.5824324803921,2127.3285623783663,3024.052590726911,0.0800000000000125,W,CH
DCB_se2_ag1_f_01_1,1497,AY1,571,my,955.6849999350644,1274.5579893798858,2085.0849322178874,967.749191959229,1154.380035115147,1629.7494157013184,915.2083589971738,1322.0512119464836,2867.7918077380205,0.06999999999999318,M,M
DCB_se2_ag1_f_01_1,1499,AA1,572,mom,815.0390682002388,1324.3915440787825,2037.560923926581,886.3206701584782,1163.9604910220683,2478.7745420710576,637.0481285244413,1464.78307151323,2064.3957646015065,0.08999999999997499,M,M
DCB_se2_ag1_f_01_1,1501,AH0,573,and,574.6983504405973,1900.6900751499259,3028.661341070078,601.9549420822617,1782.9271721696164,3055.170115723301,533.6359333964625,2023.768116092891,3122.621139319863,0.060000000000002274,M,N
DCB_se2_ag1_f_01_1,1504,AY1,574,my,759.3581170719165,1761.5943966373122,2854.67219728749,810.2063749985331,1702.4263491532472,2922.601611877124,647.1772687500807,1926.4212658229808,2860.8417492975746,0.06999999999999318,M,D
DCB_se2_ag1_f_01_1,1506,AE1,575,dad,588.3783630165624,2349.935499119367,3091.789431459701,599.6256688709689,2340.1771501065696,3119.0210328943385,594.9588291173436,2347.1008381894408,3128.6759267608627,0.060000000000002274,D,D
DCB_se2_ag1_f_01_1,1510,AE1,577,have,690.992774406449,2134.7688433994426,2894.099932161386,695.5578906443164,2139.6165233369893,2862.5176102243663,684.4340770322465,2218.3328048781736,2978.5812559126502,0.12000000000000455,HH,V
DCB_se2_ag1_f_01_1,1515,OW1,579,so,483.41857375736544,1579.5395182474758,2935.1928323913708,496.9664703190025,1574.950027186101,3010.8445206317856,477.4134010962435,1823.4530521337415,2823.064162090858,0.030000000000001137,S,B
DCB_se2_ag1_f_01_1,1517,AH1,580,but,632.4513225444788,1743.0968194312193,3040.998490225588,647.8652387841124,1799.4488557308832,2341.086867064885,638.9104142130051,2039.627571457144,3181.3113906477647,0.060000000000002274,B,T
DCB_se2_ag1_f_01_1,1520,IY1,581,he,421.56990324775654,2353.498129194205,2964.1789038832208,561.8029847293328,2878.275388970071,3092.165847470767,477.13603621189884,2924.893268319343,3297.320983595129,0.1699999999999875,HH,Z
DCB_se2_ag1_f_01_1,1522,AW1,583,our,1023.5524188727951,1666.3676573202172,2487.715881370495,1052.9520627496279,1723.8098726718758,2518.701830556283,699.9247763895856,1903.8237174658018,3019.5721367369283,0.22999999999998977,Z,R
DCB_se2_ag1_f_01_1,1525,AA1,584,father,882.9152659569465,1303.6592627643886,2933.7036927754466,918.511414688338,1303.6919177415691,2776.5330118108623,718.6306604664848,1718.911317272446,2987.9066969178934,0.160000000000025,F,DH
DCB_se2_ag1_f_01_1,1527,ER0,584,father,614.102924106921,2125.3072984768023,2723.351596426255,685.348690917509,2122.056969488091,2960.8767452694137,623.2445853572575,2149.43186760495,2727.7047809288083,0.14000000000001478,DH,
DCB_se2_ag1_f_01_1,1531,UW1,586,you,499.0405382181134,2342.0402974031726,3013.0323528748295,530.8880115110354,2156.4379618722623,2818.7080387471738,527.6052423247017,2468.3789048355484,2818.9147333087008,0.03999999999999204,Y,N
DCB_se2_ag1_f_01_1,1533,OW1,587,know,581.2438051140094,1523.0409440950345,2022.309524555018,1021.6901386291606,1029.3267360354398,2089.913769952286,684.8017975137533,2065.234227935064,2594.2333216463176,0.2699999999999818,N,
DCB_se2_ag1_f_01_1,1537,IY1,589,he,490.55421259503254,2657.5872939184337,3110.14562468541,580.7501747437809,2646.7586309911994,3155.9310123073815,548.6417607895257,2645.314788315014,3178.3142800079727,0.11999999999997613,HH,Z
DCB_se2_ag1_f_01_1,1539,EH1,591,everybody,836.4724357941658,2076.988030895417,2685.236638985929,846.1473272538559,2034.6872110606894,2682.0599099322008,675.5841778617512,2180.805645862591,2562.889190342004,0.14999999999997726,Z,V
DCB_se2_ag1_f_01_1,1542,IY0,591,everybody,438.59779895848,2008.3061025046356,2636.7599189474463,542.0975546600506,1763.9893684802107,2545.773795861715,473.9721453686449,2540.2870623980016,2593.4759712655987,0.06999999999999318,R,B
DCB_se2_ag1_f_01_1,1544,AA2,591,everybody,948.3801647606028,1725.7224873056791,2651.554481653396,963.0537665375244,1704.490832738793,2814.0293923780982,958.9541375316296,1738.0662571498478,3341.9020745196694,0.11000000000001364,B,D
DCB_se2_ag1_f_01_1,1546,IY0,591,everybody,458.0218178899565,2563.443736024646,2713.056906171333,501.18761164178807,2277.0915059412755,2905.630388246546,458.77410194380394,2599.5763478576096,2976.44141125209,0.06999999999999318,D,S
DCB_se2_ag1_f_01_1,1549,AA1,593,father,848.4949304335372,1333.514829915869,2857.701194620719,909.8820505354029,1559.350517943474,2873.1071956241476,729.0458303848532,1690.408799768755,2940.786427732932,0.11999999999997613,F,DH
DCB_se2_ag1_f_01_1,1551,ER0,593,father,448.68629813769826,1515.8783426528964,2784.427634209708,474.28029662492247,1641.745336412879,2345.541192374005,474.1449129265187,1675.911830132646,2245.5346911283686,0.04999999999998295,DH,W
DCB_se2_ag1_f_01_1,1553,IY1,594,we,500.8026756420524,2440.6795027154994,3002.957960941055,531.9558557464486,2299.712947841069,2982.19364633527,502.7528339137364,2440.9190855061133,2984.0955833739235,0.05000000000001137,W,D
DCB_se2_ag1_f_01_1,1555,OW1,595,don't,636.8644457241834,1496.9301124009826,2480.115065000465,656.7740303497684,1321.1186584149782,2171.2698745155913,651.5483220364558,1837.8964078463443,2892.902531566217,0.060000000000002274,D,N
DCB_se2_ag1_f_01_1,1558,IY1,596,see,527.2732916234178,2764.7698875338465,3143.739952870954,536.6126308546101,2741.8221765381136,3170.858134765323,525.9330196265606,2762.857593882681,3140.707048681293,0.05000000000001137,S,HH
DCB_se2_ag1_f_01_1,1560,IH1,597,him,618.1169130344988,1720.2621854531794,2057.862609052755,617.8218769447404,1472.3233533008708,2101.6898470080437,468.23852640873406,2604.676695937374,3231.4018695044856,0.09000000000000341,HH,M
DCB_se2_ag1_f_01_1,1562,EH1,598,as,656.8485249344697,1946.3421122923585,3239.6634863088393,660.8979182200721,1843.1059029490953,2996.61146326209,646.7169692787708,1940.8234590679858,3106.396425615197,0.06999999999999318,M,Z
DCB_se2_ag1_f_01_1,1564,AH0,599,a,426.7710372805339,1854.8699096380117,3128.72775701283,828.715644555934,2273.1697560117004,3354.2574125327405,821.1631673624643,2270.661949405816,3352.0029310848163,0.06999999999999318,Z,S
DCB_se2_ag1_f_01_1,1567,EH1,600,step,769.4017472592741,1862.6257357136035,1948.5870870277001,776.1751283719917,1871.0242657409267,1990.0297019544844,623.0790244378292,1970.577805392266,2495.8081684598665,0.09999999999999432,T,P
DCB_se2_ag1_f_01_1,1570,AA1,601,father,909.5693723432729,1328.3314696369507,2713.689089306136,943.122966256269,1376.1403838597655,2807.3718149108454,691.5508480815149,1702.305255799971,2955.4394803133364,0.10999999999998522,F,DH
DCB_se2_ag1_f_01_1,1572,ER0,601,father,533.916498771998,2012.4386135244947,2681.0268686818836,549.9762355615878,1757.183500097533,2736.8719272968324,539.9281322411773,2063.1355119991954,2697.8896071218082,0.09000000000000341,DH,sp
DCB_se2_ag1_f_01_1,1575,EH1,603,never,710.6483589233758,1959.6691771651917,2045.5978196545063,740.9326825541868,1916.1232735122444,2368.377562776431,713.2425482073247,1958.2615950907366,2038.3284106789915,0.07999999999998408,N,V
DCB_se2_ag1_f_01_1,1577,ER0,603,never,580.4898240470139,1409.0197310372107,2286.216424691198,615.2892735085435,1478.7751129807893,2322.2899717489954,614.642952728523,1478.5547060193176,2328.9032156130747,0.06999999999999318,V,K
DCB_se2_ag1_f_01_1,1579,AO1,604,called,604.7353041535158,1017.6981214832705,3058.879311522494,642.3936074587635,1063.7618962545885,3316.264914087633,614.1141490268864,1090.3789442582943,3076.196132944532,0.06999999999999318,K,L
DCB_se2_ag1_f_01_1,1582,IH0,605,him,519.147573503826,1816.2027376723975,3013.2507578414798,774.8152043386264,2028.5087870528444,3042.063231496973,760.5524375878904,2028.8392165108746,3048.320534119881,0.09000000000000341,D,M
DCB_se2_ag1_f_01_1,1586,EH1,606,step,707.1204798835298,2082.323270772811,3157.5431554456845,717.0077789488109,2063.0973330634715,3160.2974430763425,705.8819734152243,2082.0813187932245,3157.4392403514858,0.07999999999998408,T,P
DCB_se2_ag1_f_01_1,1589,AE1,607,dad,560.034172064415,1375.5765413091556,2554.578739965583,597.4740168900757,2258.6919335362913,2959.124825858418,559.825861214619,2468.086498199396,3177.869909005575,0.28999999999999204,D,D
DCB_se2_ag1_f_01_1,1593,EH1,609,never,704.7137824794197,2040.892014661389,2867.470739860509,716.9643320017396,1972.9639814677298,2829.0532227288545,691.9132979892871,2064.1911324998805,2975.5813442781073,0.07999999999998408,N,V
DCB_se2_ag1_f_01_1,1595,ER0,609,never,545.9235214009852,1567.7481729300475,1882.3589468366758,567.6307429730856,1755.3159758556367,2143.3286732200995,545.8015374135182,1915.4430256138305,2017.2900192152106,0.14000000000001478,V,
DCB_se2_ag1_f_01_1,1599,EH1,611,never,639.5779097754711,1616.2501323071374,1982.1798211797372,696.3146166810715,1788.1607391592727,2821.548966761882,602.5076823371169,2141.2995342822164,3053.0342224719607,0.060000000000002274,N,V
DCB_se2_ag1_f_01_1,1601,ER0,611,never,594.5298609632714,1263.5371010201209,2039.639886587555,624.3843909622245,1231.0340535813593,2008.6037930040457,609.6388926282115,1335.8629255889116,2046.866936939258,0.05999999999997385,V,K
DCB_se2_ag1_f_01_1,1603,AO1,612,called,610.8249677622375,1002.5924250739943,3189.7295424633203,627.1391054081905,991.944028412512,3161.1735701428784,626.2400141406797,1077.2281205431782,3013.2420694648126,0.030000000000001137,K,L
DCB_se2_ag1_f_01_1,1606,IH0,613,him,516.0307969721276,1693.6110554194263,2847.1141261816256,653.3062675668534,1461.712505649392,2610.7747111962826,531.6663659122211,1708.653548376584,2112.2478001708273,0.030000000000001137,D,M
DCB_se2_ag1_f_01_1,1612,IH0,617,except,607.5306124727784,2126.421811350882,3174.9510791527987,897.9100274058802,1740.8312190520724,3137.3911990735437,569.1365987559622,2159.383508351805,3077.5118890453527,0.03999999999999204,sil,K
DCB_se2_ag1_f_01_1,1615,EH1,617,except,734.5964458893077,1717.2787999475092,2957.1888684327578,752.8666055116875,1655.9121688321218,2895.184709126635,585.5828716698586,1831.465805409314,3036.724931548124,0.05000000000001137,S,P
DCB_se2_ag1_f_01_1,1619,AO1,618,for,539.2497041517017,979.7847611518987,3053.4145723250804,575.7940912732505,1051.7188050904888,2535.287862231319,575.7940912732505,1051.7188050904888,2535.287862231319,0.030000000000001137,F,R
DCB_se2_ag1_f_01_1,1622,AH1,619,one,717.9347981479474,1324.125958061577,2116.2796397006346,726.8142171094491,1244.2246177883887,2192.68126132498,685.0499145145885,1543.7185692721605,1786.6397103149127,0.05000000000001137,W,N
DCB_se2_ag1_f_01_1,1625,AY1,620,time,853.3121646579833,1894.4965280006322,2999.7196204069924,919.8658007666863,1856.4397209611323,2997.8618192443087,805.4162520374481,2014.0310833788008,2989.343485190371,0.1599999999999966,T,M
DCB_se2_ag1_f_01_1,1629,EH1,622,when,508.4866219443735,1095.0919502019465,2093.2657330636966,526.3231288060493,1030.3151846423466,2132.6585922109753,510.3358953456409,1195.8948448854446,2340.7707816487023,0.030000000000001137,W,N
DCB_se2_ag1_f_01_1,1632,AY1,623,my,788.4603861125452,1462.821456648197,2257.7480924222555,855.9205567612917,1491.7352628795759,3015.11483153075,856.283371872199,1599.7253360639907,2798.7243297768423,0.10999999999998522,M,B
DCB_se2_ag1_f_01_1,1635,AH1,624,blood,638.0746677314801,1651.6623353134578,3388.595077464189,644.9425760776825,1521.2502220475812,3259.7821910512334,633.6160918088159,1706.949936279969,3243.627210744009,0.06999999999999318,L,D
DCB_se2_ag1_f_01_1,1638,AA1,625,father,815.3175048001287,1551.2277278610031,3052.0520468906366,873.5338681774267,1493.152281379772,3163.7992516424806,724.7220835654989,1674.6469801119838,3186.303629241275,0.060000000000002274,F,DH
DCB_se2_ag1_f_01_1,1640,ER0,625,father,479.5456812922468,2055.3709434158577,3055.941140998341,510.7659844987482,1974.770960023371,2995.876537074798,477.8539998595514,2088.162109350431,3085.7734981522412,0.060000000000002274,DH,D
DCB_se2_ag1_f_01_1,1642,IH1,626,did,446.63885733922035,923.3744314495962,2438.006805481414,643.1436538692697,2195.487942807015,3090.1551777004765,456.50713586224504,2384.1531198334033,3207.2694674759878,0.12000000000000455,D,D
DCB_se2_ag1_f_01_1,1645,EH1,627,tell,650.1170804194941,1692.0576644910414,3411.795063973472,790.7734081898594,1911.0519744571925,3283.0972814931283,790.7734081898594,1911.0519744571925,3283.0972814931283,0.03999999999999204,T,L
DCB_se2_ag1_f_01_1,1648,IY1,628,me,442.831876073047,2662.355213721554,2984.168646897625,481.23317950903726,2604.0147501213655,3213.114235202161,340.1011386754833,2810.9183378863545,2861.8951847662715,0.030000000000001137,M,HH
DCB_se2_ag1_f_01_1,1650,IY1,629,he,503.2144244937963,2796.204858275433,2993.2258514784867,512.6681480305966,2296.902287334649,2950.4678749513014,495.30799493855574,2858.3665063386575,3019.187840767514,0.030000000000001137,HH,W
DCB_se2_ag1_f_01_1,1652,AH0,630,was,419.78816153636575,1666.139891976564,2748.451315677808,432.08345336849,1738.351177874984,2701.108339454522,432.08345336849,1738.351177874984,2701.108339454522,0.030000000000001137,W,Z
DCB_se2_ag1_f_01_1,1655,AY1,631,like,608.0641472568099,1955.3405473782018,2918.961060042608,630.8042790710595,1872.1754921511708,2933.8948128801003,552.800469708692,2079.541846394031,3091.9109781060865,0.030000000000001137,L,K
DCB_se2_ag1_f_01_1,1658,IY1,632,he,521.1978718392936,2543.51018975238,2816.9645728318405,552.0420471737515,2575.2985609108055,2983.4731642358615,515.1478819306699,2933.4870571112247,3339.823833951582,0.0700000000000216,HH,Z
DCB_se2_ag1_f_01_1,1661,AA1,634,not,906.4844982531371,1878.3372079744977,2517.5895491172146,921.2232743698287,1883.6967783476039,2327.308932307806,767.1691751703086,1982.9457348384192,2643.9752737378176,0.0800000000000125,N,T
DCB_se2_ag1_f_01_1,1664,UH1,635,your,577.8996925781131,1724.6003833195596,3017.699963352377,617.379846275616,1559.6281780353597,2777.240821802772,602.1553344679297,1999.2807095131895,3312.5667834599794,0.030000000000001137,Y,R
DCB_se2_ag1_f_01_1,1667,AA1,636,father,818.1803125207,1255.8047324829686,2553.0726370873026,833.9110255385024,1366.5128681974393,2788.0852632461115,770.0510197114583,1718.156912862039,2812.4292346680095,0.10999999999998522,F,DH
DCB_se2_ag1_f_01_1,1669,ER0,636,father,558.1669630771186,1944.3356498254482,2683.342595547257,617.7285581235274,1741.2843889008016,2695.217337160751,560.4907660964619,2132.020666640902,2659.8079328292683,0.10999999999998522,DH,
DCB_se2_ag1_f_01_1,1672,OW1,638,so,482.9915880705228,2128.8979486650887,3031.2930182382097,916.5704158335025,1906.3896666272506,3170.421891988669,501.4846641292521,2548.2085554169175,3126.1814273643417,0.03999999999999204,S,Y
DCB_se2_ag1_f_01_1,1674,UW1,639,you,487.6561008009408,1616.268852958089,2793.489519766336,496.619479785698,2023.6954242176753,2902.6965114510604,494.4271595587182,2566.3978505075197,2931.9374609461083,0.0800000000000125,Y,K
DCB_se2_ag1_f_01_1,1676,AO1,640,call,603.9364626349059,1009.4085323087385,2553.58800143515,640.2747362075745,1031.1469218895286,3236.9821182996075,632.133570565857,1147.2564857051566,3118.93935478111,0.09000000000000341,K,L
DCB_se2_ag1_f_01_1,1679,IH1,641,him,608.3799135352675,1937.5875408552956,3061.1925170248305,611.352810470647,2001.9311909987666,3168.648126905615,596.8750303321224,2076.590428466711,3268.2249709312628,0.060000000000002274,HH,M
DCB_se2_ag1_f_01_1,1684,OW1,644,so,741.7667445540998,1646.4997508243682,2089.6655576182393,827.9591624001284,1592.5799724066446,2250.3338248112873,716.2852907835535,1649.2612526185926,2314.449241646254,0.030000000000001137,S,AY1
DCB_se2_ag1_f_01_1,1685,AY1,645,i,838.4808779861535,1534.2047240754484,2180.3397039331207,871.1194831754733,1508.7241313628017,1931.4768613561098,827.9591624001284,1592.5799724066446,2250.3338248112873,0.06999999999999318,OW1,K
DCB_se2_ag1_f_01_1,1687,AO1,646,called,690.5689513391358,1099.7466662200536,3185.972618086048,691.0179268610899,1106.0410935218486,3188.6645708745546,687.7765137661213,1148.3265822202782,3161.90424611357,0.030000000000001137,K,L
DCB_se2_ag1_f_01_1,1690,IH0,647,him,574.2477898456658,1419.2393336851458,2430.2094217975464,601.8150019552377,1473.3820383773489,2260.4501105757295,597.4925337452383,1562.4536450439068,2222.4662485327035,0.060000000000002274,D,M
DCB_se2_ag1_f_01_1,1696,AH1,650,one,690.4004877921612,1453.0564106855638,2575.0141543435248,726.1625473545208,1585.4539406177053,2086.097373054183,662.1636917531278,1674.1375964351528,3037.0748011053656,0.05000000000001137,W,N
DCB_se2_ag1_f_01_1,1699,AY1,651,time,928.7069873316209,1655.4704450421739,2040.5891964994232,959.0051592363748,1784.8074447892402,2479.993495302249,833.8842237454927,1812.657685634942,2555.6482982546577,0.06999999999999318,T,M
DCB_se2_ag1_f_01_1,1701,AH0,652,and,601.3564162801465,1509.4024198547293,2077.430368534765,602.7330424339538,1519.46085810104,2037.697763659276,539.6492663166516,1789.2000616912242,2185.0930518661817,0.030000000000001137,M,N
DCB_se2_ag1_f_01_1,1703,AY1,653,i,874.8151956517222,1694.7420310581165,2946.6102215871697,911.2752400536278,1710.926006681148,2784.748240898175,899.653600638751,1903.4857293581292,2784.3767573423,0.07999999999998408,N,G
DCB_se2_ag1_f_01_1,1705,AA1,654,got,900.3907798825427,1930.4278899994054,2717.5395752435365,935.1444158356259,1948.0104129462795,2683.417796836235,627.8435054684649,2203.2977262780905,3109.5980358930415,0.0800000000000125,G,T
DCB_se2_ag1_f_01_1,1707,IH1,655,in,549.963275419411,2162.072367441739,3020.0120528524394,597.5121317870842,1961.0808398090187,2892.1967929338507,554.2467956805359,2182.578617422239,3014.3392837473657,0.06999999999999318,T,N
DCB_se2_ag1_f_01_1,1710,OW1,656,so,599.5379014850046,1181.8267556528388,3591.6098659532113,638.8651100330836,1157.7912076088785,2992.18592137407,620.281097856607,1607.4374273680826,3023.8399098963446,0.09000000000000341,S,M
DCB_se2_ag1_f_01_1,1712,AH1,657,much,614.0803986056713,1742.4898375025434,3064.709009066448,633.3983501975549,1567.2944067818978,3070.8202701448326,526.0456997244422,1955.6131741298211,3140.304821765037,0.07999999999998408,M,CH
DCB_se2_ag1_f_01_1,1716,AH1,658,trouble,740.2348798525027,1557.2580663970136,2634.762952138417,741.3256565020835,1585.490805438995,2650.7993981142986,715.1484610286408,1687.4080756894427,2532.8977735867697,0.06999999999999318,R,B
DCB_se2_ag1_f_01_1,1718,AH0,658,trouble,547.3429975241716,1267.6954301064611,2831.0023568210236,594.7702265955651,1227.2903577252675,2472.488009255674,538.3405050580945,1323.5411219628975,2708.310429187055,0.030000000000001137,B,L
DCB_se2_ag1_f_01_1,1723,AA1,660,cause,460.77986019363743,1596.7319974835514,2735.9479195159433,650.0541869466145,1765.3486404349962,2708.0175343058922,650.0541869466145,1765.3486404349962,2708.0175343058922,0.030000000000001137,K,Z
DCB_se2_ag1_f_01_1,1725,AY1,661,i,612.5325316600077,1638.7837955005184,2628.3776339091614,686.3272995094388,1684.757930407333,2768.485146045734,665.7556267274797,1767.0706689053075,2634.8335341101165,0.060000000000002274,Z,K
DCB_se2_ag1_f_01_1,1727,AO1,662,called,662.9737723894425,1198.0738876946443,2037.5204289732242,662.8408904343636,1195.711720898592,2061.294285917806,657.1360912520059,1357.137643716572,2629.31986523288,0.030000000000001137,K,L
DCB_se2_ag1_f_01_1,1730,IH0,663,him,562.9632734616139,1725.1899691994483,2135.7112371163357,603.6483208063713,1689.5574102365642,2759.664730084666,565.692399306981,1764.149351356857,2090.3366329107494,0.03999999999999204,D,M
DCB_se2_ag1_f_01_1,1734,IY1,665,he,417.58259908771225,2161.105801770111,2718.5132727212545,418.0133590472422,2142.3820368756096,2687.9601321180085,414.03519777998315,2267.016741066382,2723.876743142642,0.03999999999999204,HH,Z
DCB_se2_ag1_f_01_1,1737,AY1,667,like,732.1390068090199,2057.8375091959897,2621.368628006922,835.8507097082395,1887.312313769518,2623.0667487774153,619.6030515307555,2246.3726009517172,2772.524709807906,0.060000000000002274,L,K
DCB_se2_ag1_f_01_1,1741,AY1,669,my,742.4833129465286,1203.2021957827553,1908.8046585766488,753.2325607990316,1213.12455633564,1888.2331384862114,753.7003929465457,1213.648850282849,1890.2004161695672,0.030000000000001137,M,M
DCB_se2_ag1_f_01_1,1743,AA1,670,mom,637.6579128199212,1130.7781700673784,2237.0611406596645,676.3442687142809,1043.5304124219365,2101.3975152393327,609.4694474328727,1196.1828668177923,2257.4621384045536,0.040000000000020464,M,M
DCB_se2_ag1_f_01_1,1747,AY1,672,like,589.6235703854137,2126.9171947742084,2712.5839282661714,657.4506666910868,1940.8085857918334,2636.761772194018,534.068520493607,2421.4933805621417,2739.695067860497,0.03999999999999204,L,K
DCB_se2_ag1_f_01_1,1751,IY1,674,he,387.5498195011399,2388.015429150394,3206.9157858692115,392.68437317852954,2458.493468377311,3051.169515666956,387.06481704056984,3013.0856017742612,3310.217041111141,0.12000000000000455,HH,T
DCB_se2_ag1_f_01_1,1753,EY1,675,takes,627.0405896229976,2332.388027768709,3451.8578579105883,629.018243325613,2353.6959951070235,3412.038308401478,620.9861477577654,2549.1787960285887,3269.5928857654953,0.09999999999999432,T,K
DCB_se2_ag1_f_01_1,1757,EH1,676,care,633.2715838484029,1750.788736386551,2571.9525988022046,642.2008821129293,2030.3032324081291,2376.884182834405,622.7504161567782,2463.541396105195,3285.4523328873574,0.12000000000000455,K,R
DCB_se2_ag1_f_01_1,1759,AH0,677,of,597.1559376174673,1656.7108973973216,2306.3815619044285,646.7912415190202,1844.7124683685777,2308.471048325761,641.4973298246249,1872.8660216619326,2269.3852943319202,0.030000000000001137,R,V
DCB_se2_ag1_f_01_1,1762,UW1,678,you,467.1470430520806,1444.6618792131828,2941.098189036524,547.7931291415935,1702.5209515664262,2946.4496408669133,439.3923636908953,2530.5989225645526,2905.8810691889335,0.11000000000001364,Y,EH1
DCB_se2_ag1_f_01_1,1763,EH1,679,every,759.0042105344619,1955.8062773786917,2552.9518684327486,767.0869601661431,1957.2199821416884,2512.8113999996954,744.6349256072762,1964.7420190311761,2681.4797142555585,0.09999999999999432,UW1,V
DCB_se2_ag1_f_01_1,1766,IY0,679,every,481.6271472303743,1652.3833131506392,2632.2480129058777,493.35793299207677,2558.630523639252,3037.9971203611667,445.985920221033,2557.9079834421564,2750.7454323389084,0.060000000000002274,R,D
DCB_se2_ag1_f_01_1,1768,EY1,680,day,552.6180006455805,1583.385659950611,2503.039576011179,659.6032661198715,1837.8339185366397,2359.0218953866665,530.0357980452527,2695.4940903065017,3063.4699114783175,0.3400000000000034,D,
DCB_se2_ag1_f_01_1,1771,AE1,682,and,682.1015724897464,1321.47885799609,2456.104014329093,1107.1074299056359,2339.748486926554,3365.64976750936,668.4884321446168,2436.6649529694796,3288.506629242409,0.19999999999998863,sil,N
DCB_se2_ag1_f_01_1,1775,IY1,684,he,413.74738825005977,869.3465306105543,2864.3071414109168,614.7453371593253,1799.2366901710097,3307.176942339524,421.4373527884324,3070.5983108880564,3303.564195897987,0.12999999999999545,HH,Z
DCB_se2_ag1_f_01_1,1778,AH0,686,the,595.6596441973121,1392.0021410732384,3275.199422576615,621.1208012162252,1712.044236347879,3284.201291823932,605.0578370090441,1751.751323934778,3270.853645346533,0.060000000000002274,DH,W
DCB_se2_ag1_f_01_1,1780,AH1,687,one,840.7467030195069,1446.1971823700944,3310.558504800354,841.2275047783851,1440.5146890641647,3312.5436566810217,836.9908071234255,1499.6674473057715,3305.5258927195437,0.060000000000002274,W,N
DCB_se2_ag1_f_01_1,1783,UW1,688,who,575.4449041288063,978.0466062192182,3292.6205124872617,617.8578094599183,938.1379646855124,3338.7408755682436,472.3114113521151,1355.2604647593007,3116.585246362898,0.11999999999997613,HH,S
DCB_se2_ag1_f_01_1,1787,UW1,691,you're,547.8042848916565,1439.282929507067,2472.4678904220336,604.5314482064005,1527.609391958733,2410.687105745828,431.99317927161735,2582.152129547343,3202.022221606295,0.03999999999999204,Y,R
DCB_se2_ag1_f_01_1,1789,AA1,692,on,601.0309093002667,1877.0938045620126,2355.304777353196,616.4134746802908,1623.0408144800108,2555.404942002736,606.9705343112524,2406.9975916911794,3201.0491364916675,0.030000000000001137,R,N
DCB_se2_ag1_f_01_1,1792,IH1,693,his,560.1362799816847,2178.6753639702924,2219.454420150913,602.6079165973678,2447.199294143516,3050.4508215092455,599.149120835828,2522.0705478800833,3338.854085123624,0.07999999999998408,HH,Z
DCB_se2_ag1_f_01_1,1794,IH0,694,insurance,549.7141858306493,1878.8411221930792,2668.2347298025657,549.482315170445,1872.2522976383736,2666.7317558763107,532.5603226231816,2067.625526690347,2711.012066035938,0.060000000000002274,Z,N
DCB_se2_ag1_f_01_1,1797,UH1,694,insurance,610.3766030037914,1699.4205085657104,2339.7662227059536,662.1922450110939,1579.27285178387,2160.698414924741,585.2533141248136,1811.7279397476673,2591.753098091165,0.030000000000001137,SH,R
DCB_se2_ag1_f_01_1,1799,AH0,694,insurance,547.1569229802552,2018.5154062021215,2553.247196162976,576.9009978748777,1945.856624539001,2190.38976534826,564.8394073096345,2220.3405891707816,2635.731931795858,0.04999999999998295,R,N
DCB_se2_ag1_f_01_1,1803,AH0,696,and,564.5302803985333,1963.0480154420097,2346.678883182661,1349.6961524953583,2057.794816074565,3387.368301922496,1344.153286237731,2057.8798974260626,3383.4271262080847,0.05000000000001137,sp,N
DCB_se2_ag1_f_01_1,1807,AO1,698,all,737.3074610986807,1320.7477141763238,3117.894485490889,1417.7981409905149,1560.628806070094,3183.3048470068043,856.4344760955214,1588.4960250954769,2928.424788068453,0.09999999999999432,sp,L
DCB_se2_ag1_f_01_1,1811,IH1,700,this,611.8327766287647,1898.8591528998322,2828.3142834904224,630.3492268344137,1823.1914872159703,2821.6521757073147,553.5171825843641,1940.4854133048207,2912.8861978228224,0.0800000000000125,DH,S
DCB_se2_ag1_f_01_1,1813,AH1,701,other,775.0106445749578,1685.0485786600407,2459.3503542665844,802.356144250342,1663.222505747999,2492.9757700445134,757.2167229981865,1693.4183488895862,2405.2782659873274,0.13999999999998636,S,DH
DCB_se2_ag1_f_01_1,1815,ER0,701,other,690.50634025956,1799.578713756816,2623.92741275473,749.2767915825926,1923.2857688649863,2662.85666648372,749.2767915825926,1923.2857688649863,2662.85666648372,0.030000000000001137,DH,S
DCB_se2_ag1_f_01_1,1818,AH1,702,stuff,751.9118552733186,1966.5940078261906,2633.409799854179,883.1569061113202,2019.66214062251,2789.4493930389845,883.1569061113202,2019.66214062251,2789.4493930389845,0.030000000000001137,T,F
DCB_se2_ag1_f_01_1,1824,AY1,705,right,759.7911320159345,1631.702963239782,2153.3454475079725,812.5168037512798,1763.6270643642952,2012.04713126315,708.7871599995758,1916.1500525152755,2311.453740435718,0.12000000000000455,R,T
DCB_se2_ag1_f_01_1,1828,AH0,707,and,509.83447078089074,1928.5257180474043,2282.9423250983014,628.8709799899233,1856.569450379317,2394.5011733842557,502.86738841689487,2049.800870525584,2768.3590809652587,0.04999999999998295,sil,N
DCB_se2_ag1_f_01_1,1831,IY1,708,she,377.4608419704554,2206.785926506932,2631.3579831786838,419.330769136181,2434.6388507757347,2708.3623499407163,419.2726785556209,2432.829025103935,2706.7499816108516,0.09999999999999432,SH,W
DCB_se2_ag1_f_01_1,1833,AH0,709,was,435.8813988579036,1668.6351781569792,3130.091691594275,435.7294628981103,1668.9855490542857,3129.307057246644,364.3676056037132,1851.1015676711645,2781.626984459188,0.030000000000001137,W,Z
DCB_se2_ag1_f_01_1,1836,AY1,710,like,626.5990355853658,2095.1642438402587,2645.309186066401,652.8342450039415,1973.089767215928,2843.510236444376,612.232032702272,2492.5435445002468,2555.8573011270337,0.040000000000020464,L,K
DCB_se2_ag1_f_01_1,1839,UW1,711,you're,641.4671209098356,2189.9259783654948,2655.5684834216986,687.5514591349676,1379.4501646447122,2416.0510071334793,624.3292958925528,2544.5515940118253,3557.7001889665553,0.03999999999999204,Y,R
DCB_se2_ag1_f_01_1,1841,AA1,712,on,686.9320615332871,1744.3448832290726,2098.946788657972,711.0351178943165,1639.0180777866321,2266.4361404384617,665.1004871242152,1956.6613675741783,2014.439185173525,0.05000000000001137,R,N
DCB_se2_ag1_f_01_1,1844,IH1,713,his,636.6559840670518,2204.2550509417424,2829.011761575775,646.0658373212801,2178.142836586199,3128.2725933075576,645.0812153764208,2248.883691789677,2790.370266881691,0.09000000000000341,HH,Z
DCB_se2_ag1_f_01_1,1846,IH0,714,insurance,558.770235500046,1949.1984529942918,2561.8951014233858,766.2189735424938,2028.7539121329967,3725.297918730536,600.6827161096799,2048.258757033638,3024.7760464735206,0.0800000000000125,Z,N
DCB_se2_ag1_f_01_1,1849,UH1,714,insurance,606.3314005848612,1486.6079706867247,2384.462942398115,643.2657606405471,1331.0529904824446,2064.125625594381,590.9829131037853,1723.5372069992402,2389.645580407948,0.06999999999999318,SH,R
DCB_se2_ag1_f_01_1,1851,AH0,714,insurance,639.7509312240397,1791.4839437268342,2379.221797140117,683.7091471178862,1558.8566021272277,2282.366540160451,584.7044472162374,1936.5799301579896,2353.1344619220426,0.060000000000002274,R,N
DCB_se2_ag1_f_01_1,1857,OW1,716,so,561.0257971768666,1605.6473054583212,3031.8070222926376,587.7666676562753,1619.5388920745145,3308.303031453354,535.7956959114239,1632.601221126152,3069.593826278956,0.030000000000001137,S,DH
DCB_se2_ag1_f_01_1,1859,AE1,717,that,776.6339141087956,1868.8183749901295,2022.225910276215,795.7055556247063,1896.565996535327,2111.2928664598116,759.4113149383621,1938.1490438460878,2038.5783105312664,0.06999999999999318,DH,T
DCB_se2_ag1_f_01_1,1863,UH1,719,your,624.3260724809976,1864.5291301824993,2892.3543623666533,641.6134676359287,1778.3154668959335,2819.958804386673,555.7592375240781,1941.2118602375142,2952.07405332074,0.03999999999999204,Y,R
DCB_se2_ag1_f_01_1,1866,AA1,720,father,940.8619231685553,1377.7822049086292,2853.492898676255,969.2303800641081,1406.4585641803426,2985.2843292160032,745.2173456871508,1690.8567091826915,2860.326821717493,0.18999999999999773,F,DH
DCB_se2_ag1_f_01_1,1868,ER0,720,father,606.7928710298802,1883.5494500433904,2842.3738196678696,754.8009230740773,1837.8410282769883,2778.114624266284,730.3295587614805,1894.6182927520213,2792.9655066319606,0.04999999999998295,DH,AY1
DCB_se2_ag1_f_01_1,1869,AY1,721,i,830.2168554315776,1675.0495816133127,2425.444389284394,877.0173741937734,1751.635567791569,2474.8023454420045,798.3198829479459,1876.9573579506812,2584.956851310541,0.12000000000000455,ER0,W
DCB_se2_ag1_f_01_1,1871,AH0,722,was,483.4532626728418,1390.2648421847437,2953.8908867642576,648.7605520047802,1557.023222962326,3066.445948504443,648.7605520047802,1557.023222962326,3066.445948504443,0.040000000000020464,W,Z
DCB_se2_ag1_f_01_1,1874,AY1,723,like,574.5342586951896,1799.353258524071,2626.2997312979383,574.5410786747516,1799.3968217104295,2626.288353597497,521.9759308788301,2065.1025753168437,2705.8386442044184,0.030000000000001137,L,K
DCB_se2_ag1_f_01_1,1876,AY1,724,i,912.479143684019,1866.4150760712491,2450.722070203232,912.5912970738099,1787.151651375698,2383.0992305798623,909.356506737793,1943.7441551106222,2525.349714918661,0.09000000000000341,K,N
DCB_se2_ag1_f_01_1,1878,OW1,725,know,627.8212273635131,1242.1015656728891,3120.2863911490927,710.2055389624674,1478.4216550466012,3078.2111714357384,654.906050625455,1584.182572273866,2805.6080360662872,0.17000000000001592,N,M
DCB_se2_ag1_f_01_1,1880,AA1,726,mom,931.657882483599,1003.4214500486686,3056.0504813859257,964.784208898889,1013.7250477783277,3157.2096674329755,796.9021547102461,1281.7439097258423,3186.0919842879257,0.12000000000000455,M,M
DCB_se2_ag1_f_01_1,1884,OW1,728,so,583.3349558438119,1599.2401047026322,2993.382410689068,629.3809122606151,1722.308182917436,2977.5571504798863,626.943866443898,1743.442470068582,2984.437460853949,0.19999999999998863,S,sp
DCB_se2_ag1_f_01_1,1887,AE1,730,that,660.6408982871534,1777.3402644302373,2799.5313405723564,662.6231689652662,1854.9336009770398,2774.222980968448,646.4990081562626,1916.4242495589915,2783.5288190401293,0.05000000000001137,DH,T
DCB_se2_ag1_f_01_1,1891,AY1,732,my,878.9158757833633,1394.7896141528984,2866.100396925701,949.12363735349,1467.6269135318978,2942.0796589479596,938.0060719195108,1495.3469755485803,3026.970271207652,0.09999999999999432,M,F
DCB_se2_ag1_f_01_1,1893,AA1,733,father,881.9932688587069,1342.106032054485,2837.4656916035356,890.0212081683984,1342.3319188462071,2823.0399892624305,750.0457185426569,1634.9977328543869,2782.8003017470355,0.13999999999998636,F,DH
DCB_se2_ag1_f_01_1,1895,ER0,733,father,584.8192153201815,1911.377650959688,2782.9117344422184,689.309550571291,1743.9747374326546,2293.0930199308746,599.1327154925026,1928.8641944292742,2730.5644506437757,0.060000000000002274,DH,AY1
DCB_se2_ag1_f_01_1,1896,AY1,734,i,734.7829203999169,1744.6924677936022,2437.3768618895565,794.5783507134804,1903.7822342376703,2749.426295905646,794.5783507134804,1903.7822342376703,2749.426295905646,0.030000000000001137,ER0,HH
DCB_se2_ag1_f_01_1,1898,AE1,735,had,727.4521478160863,1991.850477703085,3025.2864568580567,773.5787252434053,1910.4064450930748,3040.1561356549805,765.5262635364845,2103.953975643499,2964.858744679207,0.060000000000002274,HH,D
DCB_se2_ag1_f_01_1,1901,AH1,736,one,614.7583690868164,1319.977485346178,2507.858733630737,636.3240415723538,1449.3325263737831,3257.7237670658583,636.3240415723538,1449.3325263737831,3257.7237670658583,0.030000000000001137,W,N
DCB_se2_ag1_f_01_1,1905,IH1,737,slip,557.2995007472491,1949.5698838374706,3028.3685967292276,560.4765547879438,1944.285821023423,3051.620400192903,559.4451591775385,1952.6767832685714,3036.5805849538665,0.05000000000001137,L,P
DCB_se2_ag1_f_01_1,1907,AH1,738,up,731.651661720927,1620.3083423841124,3008.3032560341826,762.8816208291214,1649.0468128020032,2975.225706657561,696.120572941345,1674.7081012130516,2926.1106061962305,0.10000000000002274,P,P
DCB_se2_ag1_f_01_1,1911,AH1,740,but,533.7300050755248,1760.8126010482326,2310.5777612102593,589.3249604793076,1599.48182090004,2841.835007804269,522.8390562612815,1770.5664633297483,1969.4105540996827,0.030000000000001137,B,T
DCB_se2_ag1_f_01_1,1914,AH0,741,that,619.0596693374943,2014.162998922038,3222.6117679591057,624.0756049693149,2023.385846220858,3315.3977274942204,623.0797371413254,2021.5547348227994,3296.975929693633,0.0800000000000125,DH,T
DCB_se2_ag1_f_01_1,1916,IH1,742,is,460.64108152882505,2261.512956630476,3173.8070859025293,618.098751837681,2090.2564102444976,2454.570545111899,459.31800828511,2331.0780239184323,3289.977471579507,0.12000000000000455,T,Z
DCB_se2_ag1_f_01_1,1919,AY1,743,my,788.7294009077799,1280.6923613952508,2117.2652478227415,863.2532291726964,1444.8336842684098,2157.0076417620126,740.0852778517542,1498.9412732558244,2002.2475428798464,0.0800000000000125,M,sp
DCB_se2_ag1_f_01_1,1922,AA1,745,father,786.1434856781874,1346.7699224411056,1825.6320374049624,807.5636445154606,1329.6847696236532,1900.0322163722,764.1522157676221,1428.7176603136097,1798.4534262238067,0.0700000000000216,F,DH
DCB_se2_ag1_f_01_1,1924,ER0,745,father,649.9680254683051,1652.5988252649104,2894.0603645274896,698.5755771049361,1555.474730844027,2620.6503843106166,648.47867411153,1650.6156863134058,2889.3230344092535,0.030000000000001137,DH,sp
DCB_se2_ag1_f_01_1,1932,AY1,751,i,928.7091810236232,1940.9856208302454,3234.8758400077054,944.3184000126057,1942.3277800194728,3403.225559288946,686.0532464653669,2094.468213543822,3112.303497498623,0.05000000000001137,sil,EH1
DCB_se2_ag1_f_01_1,1933,EH1,752,f,862.9751485507686,1798.9940186789731,3258.4894377575793,916.9569505879964,1888.6410622909275,3186.7276252563706,873.9830308062951,1980.9257970483318,3207.7861930271756,0.07999999999998408,AY1,F
DCB_se2_ag1_f_01_1,1936,AY1,754,i,1013.7977301207613,1682.0452696962261,2141.7614990006464,1137.8565614115769,2053.468513198398,3055.439509128621,1076.6889348790573,2036.6260241961452,3084.7065384493662,0.18000000000000682,,F
DCB_se2_ag1_f_01_1,1938,IY1,755,feel,688.1140410612859,1751.8778714679027,3467.008563141929,694.6988393564919,1739.8615252018437,3538.5458325119257,689.8464868651487,1757.899795817153,3471.383560099412,0.030000000000001137,F,L
DCB_se2_ag1_f_01_1,1941,AY1,756,like,896.2818800493154,1756.1833605770416,1948.787751321586,947.4139539165791,1889.4318607989676,3428.3785145258153,785.3860874659796,2083.0044837497803,2143.8274352245767,0.060000000000002274,L,K
DCB_se2_ag1_f_01_1,1943,AY1,757,i,1027.9809556141413,1855.2945719277811,2355.6341410403897,1045.0449419452575,1838.8244202416984,2330.392738020226,691.9338579703858,2081.1954419543304,3204.051166764793,0.14000000000001478,K,SH
DCB_se2_ag1_f_01_1,1945,UH1,758,should,534.9632616966225,1987.2719272842946,3527.845391226471,543.1105654439293,1691.135531150453,2707.8622640014555,532.462318665372,2059.2456777137886,3405.5315515169436,0.03999999999999204,SH,D
DCB_se2_ag1_f_01_1,1948,AE1,759,have,676.3483905865572,1666.400137581925,3353.83530545118,682.2807018849255,1623.1350995651271,3288.789462805146,626.9571504385659,1785.4052025605624,3470.5910914786186,0.030000000000001137,HH,V
DCB_se2_ag1_f_01_1,1951,AE1,760,had,720.1666342895339,1888.7454412918855,2909.6614055302975,738.3335728114178,1971.502353194179,3244.8789144526727,736.5649768268484,1958.3373837682796,3249.173820990721,0.04999999999998295,HH,D
DCB_se2_ag1_f_01_1,1953,AH0,761,a,647.3928115656857,1933.3585974860587,3303.5746841489154,664.2845518341709,1933.6290715597852,3242.0857793256287,625.5691212037402,1954.3148791122628,3281.408216458193,0.06999999999999318,D,K
DCB_se2_ag1_f_01_1,1956,OW1,762,closer,586.2146008907191,1181.7509959425354,3412.0781610045333,681.3937216660656,1256.6357037500834,3382.2642759522987,668.338381595939,1260.5855427901415,3386.0307530639802,0.0700000000000216,L,S
DCB_se2_ag1_f_01_1,1958,ER0,762,closer,594.4603550471247,1249.3629509977873,2708.2583795057412,631.2885597273092,1320.0858012413057,2757.786818863235,560.6398623584437,1649.3187723913984,3039.059841818812,0.0800000000000125,S,R
DCB_se2_ag1_f_01_1,1960,IY0,763,relationship,624.0593261607422,1512.5774384576343,3207.036735067273,623.1912653443394,1498.3545651216211,3174.9276166315317,583.001623327742,1536.519591582214,3169.8160312926752,0.03999999999999204,R,L
DCB_se2_ag1_f_01_1,1962,EY1,763,relationship,515.8889981095024,2248.012582942884,2766.142764801151,647.8548482074818,2074.3906113073153,3114.4214393607062,518.6879181183488,2710.745908294768,3280.4167140025793,0.09000000000000341,L,SH
DCB_se2_ag1_f_01_1,1964,AH0,763,relationship,527.6323408571362,2098.8958955827693,3372.1712748863597,704.1121468248128,1786.1639649001218,3638.139227545843,528.1304895275517,2107.2042373357917,3534.2643586257836,0.04999999999998295,SH,N
DCB_se2_ag1_f_01_1,1967,IH2,763,relationship,525.3593679789892,1990.880057572304,3238.780764774995,530.7776277807458,2038.7934180491284,3346.1911563053104,529.1858620611785,2047.1422516186794,3317.6630346452184,0.0800000000000125,SH,P
DCB_se2_ag1_f_01_1,1970,IH0,764,with,501.9317797156173,1493.2287088353235,3118.2918005929428,511.400123141782,1465.5394388008895,3185.910957087188,496.03050513117194,1507.5256778250293,3113.3139624382047,0.04999999999998295,W,TH
DCB_se2_ag1_f_01_1,1973,IH1,765,him,743.8502828671875,1858.6320064163676,3261.7152547667088,744.8072965440098,1838.5737319563525,3288.1255902196212,725.8745142937654,1932.7773547198958,3208.0164151363088,0.10000000000002274,HH,M
DCB_se2_ag1_f_01_1,1976,IH0,766,because,529.1921541622738,2683.5670162517713,3097.942727301531,533.4587800949811,2748.837957559086,3059.052806780614,477.6130525807684,2825.3367735093034,3286.2881528450675,0.06999999999999318,B,K
DCB_se2_ag1_f_01_1,1978,AH1,766,because,656.2313275195522,1578.2906837335167,3294.8235116465858,675.8016766112102,1710.2475256879525,3508.761034047909,628.4898018278204,1774.7438173163246,3295.0243015310057,0.09999999999999432,K,Z
DCB_se2_ag1_f_01_1,1983,AY1,768,kind,863.8398915546925,1730.5051057615146,2007.457564605103,887.9419700131493,1802.596952989853,2177.778072953821,782.3468684927624,1830.9460376652398,1872.014900607089,0.09999999999999432,K,N
DCB_se2_ag1_f_01_1,1985,AH0,769,of,549.4872273698808,1699.3148654540769,3220.8067975745575,549.3915015396485,1698.5911948750067,3163.1870579252986,549.3955082684221,1698.6214850456404,3165.5988068568063,0.030000000000001137,N,V
DCB_se2_ag1_f_01_1,1988,AY1,770,like,753.8845603764039,1362.8157836733644,2663.2316680028675,858.4947680399407,1481.2520170278372,1619.4502754615144,601.2779029115047,2476.2202715153803,3084.0729802366996,0.07999999999998408,L,K
DCB_se2_ag1_f_01_1,1993,OW1,772,so,632.8785352224032,1091.295984359705,3593.1805091444385,680.6108364340291,1442.377182030032,3360.39153336418,588.9267104030619,1677.1935170198599,3311.3603574509275,0.1699999999999875,S,DH
DCB_se2_ag1_f_01_1,1995,EH1,773,there,592.3658938355661,2172.921164860291,3170.267338242162,638.1115606234002,2296.1179789869816,3134.5219433168177,638.1115606234002,2296.1179789869816,3134.5219433168177,0.030000000000001137,DH,R
DCB_se2_ag1_f_01_1,1998,ER0,774,were,582.1509837331328,1637.972886008672,3014.1211883955452,582.1904650507759,1640.7961301572404,3023.978648313036,544.9262411862253,1712.928443132581,3048.7799147503724,0.0800000000000125,W,T
DCB_se2_ag1_f_01_1,2000,IY1,775,t,387.97932973012206,2349.1451527027284,3167.1341752643366,583.9158393276142,2602.986653505903,3091.5557510975514,555.1179694719574,2760.736263430369,2857.7816003851603,0.15000000000000568,T,sp
DCB_se2_ag1_f_01_1,2003,UW1,777,two,540.089148765301,1304.593348077816,3044.3339434548298,546.6999957187621,1740.1467412293425,2985.777760091844,464.01175955326823,1904.0025634233502,3079.59275120422,0.0800000000000125,T,S
DCB_se2_ag1_f_01_1,2007,IY1,778,streets,481.0761158621967,2169.1854974785288,2557.6031601454933,493.14170944455685,2412.6110807540895,2600.0792093490318,493.14170944455685,2412.6110807540895,2600.0792093490318,0.030000000000001137,R,T
DCB_se2_ag1_f_01_1,2011,OW1,779,so,615.4648906348976,1314.3959188391364,3183.2366608202033,667.4985319186547,1567.42736481189,3183.2304529801895,667.4985319186547,1567.42736481189,3183.2304529801895,0.0700000000000216,S,IH0
DCB_se2_ag1_f_01_1,2012,IH0,780,if,605.5137008020018,1434.659205950102,3094.7194914342385,605.6118903133012,1447.2779129571445,3093.528872692161,560.7478445907387,1640.61990225411,3004.1152325717926,0.06999999999999318,OW1,F
DCB_se2_ag1_f_01_1,2015,UW1,781,you,482.2347648095871,1981.9832177195713,2989.445720575717,519.685486928554,2327.177725305031,3115.133986650631,517.7001829776138,2354.2121083125007,3085.8965987693227,0.060000000000002274,Y,TH
DCB_se2_ag1_f_01_1,2017,IH1,782,think,630.1439311709476,2149.734802413589,3084.8322180999703,633.379040255812,2201.9392724447644,3088.27162018526,621.2496855934124,2430.5973960109136,3141.244805169223,0.03999999999999204,TH,NG
DCB_se2_ag1_f_01_1,2020,AH0,783,of,640.9410127519913,1549.6159445652338,2925.358347570882,725.6783357245114,1820.059860981598,2903.198077621945,725.6783357245114,1820.059860981598,2903.198077621945,0.05000000000001137,K,V
DCB_se2_ag1_f_01_1,2023,AY1,784,like,807.1017152303882,1863.7182577546457,2978.1894523275855,878.3586722633294,1672.4503228737678,2992.956656485194,521.5142626021909,2016.7280533235269,2969.279035921999,0.07999999999998408,L,K
DCB_se2_ag1_f_01_1,2027,AY1,786,nineteenth,732.7261483022252,2095.069043256093,2625.846834731197,836.9793043548199,1744.368914116865,1978.7602497339487,723.569763466821,2253.3882422177912,2574.4198569096175,0.09999999999999432,N,N
DCB_se2_ag1_f_01_1,2030,IY1,786,nineteenth,572.7051674165654,2683.818609642431,3397.1230992815276,590.8817013395292,2600.623563717883,2953.8919935019994,574.8592387491027,2673.959300700764,3344.5965052292768,0.03999999999999204,T,N
DCB_se2_ag1_f_01_1,2036,IY1,787,street,450.6154528930439,1898.647546205533,2429.1642042300386,492.1167506580794,1928.7124619754675,2324.5926561272604,436.8891392163938,1932.4964490220582,2452.839608273674,0.060000000000002274,R,T
DCB_se2_ag1_f_01_1,2038,AH0,788,and,552.2227288212604,1912.1126557981413,3059.449545133678,562.1251729806928,2010.027443034571,2976.125596557496,551.1754539816284,2058.547277629463,2845.433801757959,0.030000000000001137,T,N
DCB_se2_ag1_f_01_1,2042,EH1,789,twenty,675.5320234560468,1623.193122272972,3092.7028215765217,707.2821510541987,1443.6985998222506,2309.9909257036907,636.0414434759668,1792.8620686559984,2733.1630073563883,0.05000000000001137,W,N
DCB_se2_ag1_f_01_1,2044,IY0,789,twenty,475.8942004192017,1317.9239198419455,2643.3040253912714,522.0581102532539,1825.9512162255728,2709.564377533403,510.873833233892,2104.271899760542,2588.552881130971,0.060000000000002274,N,F
DCB_se2_ag1_f_01_1,2046,ER1,790,first,546.3172400993236,1575.1285663550166,1982.162673645656,645.4918175057733,1440.8513952488015,1968.2670617700628,482.74805488277076,1848.9801028368743,2598.5999418125652,0.0800000000000125,F,S
DCB_se2_ag1_f_01_1,2052,IY1,791,street,454.2217127540444,1954.986299991867,2471.0766586129594,472.16278212112763,2146.35579762654,2458.756143152173,413.20894266219887,2487.108926457023,3117.9141110268974,0.060000000000002274,R,T
DCB_se2_ag1_f_01_1,2055,AH0,793,a,674.6077902401262,1221.9391617549986,3033.089420174159,1209.8708063694414,2152.218925316173,3601.438272538737,1191.5413280885994,2138.2610324594707,3564.878276850207,0.09999999999999432,sp,B
DCB_se2_ag1_f_01_1,2058,AA1,794,block,892.7893481213637,1409.9555601966638,2862.060236835621,896.5051035944792,1412.7643117271814,2823.662340751763,873.2111466084431,1488.5383266327028,2902.950593683925,0.06999999999999318,L,K
DCB_se2_ag1_f_01_1,2060,AH0,795,away,652.2144625540232,1094.1620574967299,3326.8277034037465,772.5428928573136,1336.4087334205394,3223.5789950712574,772.5428928573136,1336.4087334205394,3223.5789950712574,0.060000000000002274,K,W
DCB_se2_ag1_f_01_1,2062,EY1,795,away,610.3255749738627,2437.5369463140523,3179.5659030215593,647.0406442848658,2445.9466325375515,3199.0894616311484,523.4918792912868,2552.8627505887594,3279.1793086020707,0.11000000000001364,W,sp
DCB_se2_ag1_f_01_1,2065,IY1,797,we,533.8336538322081,2410.2023645019763,3004.2303738430587,575.678303417185,1971.1177282627164,2917.538198885571,538.3751804512434,2592.6493062688746,3001.7236865002574,0.09999999999999432,W,L
DCB_se2_ag1_f_01_1,2067,IH1,798,lived,509.4864115902501,1963.5953778366375,2457.599260563903,581.7411441405734,2375.650511970938,3468.7303458251627,509.37428296700904,2504.775028612504,3051.139506894141,0.12999999999999545,L,V
DCB_se2_ag1_f_01_1,2071,IH0,800,exactly,625.492048847498,2321.7931880271717,3030.7197671262807,819.1276860747242,1957.8574513752205,3114.795426297237,501.95379418640084,2382.0957688219128,3259.016287926032,0.10999999999998522,sp,G
DCB_se2_ag1_f_01_1,2074,AE1,800,exactly,953.4005115048988,1714.6753661550813,2278.8674322175475,953.2708886136627,1712.3048384646352,2267.054257441447,580.0156536618999,1929.3213235943065,2750.2227750464294,0.10000000000002274,Z,K
DCB_se2_ag1_f_01_1,2078,IY0,800,exactly,417.1654437039096,2248.9952031038747,3049.940138668535,533.238192407813,1703.7874168463386,2977.175963175248,484.3847028303425,2351.68138055538,2909.012983825134,0.0800000000000125,L,sp
DCB_se2_ag1_f_01_1,2080,AH0,802,a,750.422546816308,1279.2431018740388,2734.1331338415744,782.6500234343275,1385.6136658150804,2919.942409544056,740.0284407747896,1553.4557857993452,2933.2338761324363,0.11999999999997613,sp,B
DCB_se2_ag1_f_01_1,2083,AA1,803,block,812.80415425399,1225.6855015259227,2877.4120755259255,927.0215042883501,1363.3877936345573,2622.747492682251,920.2817861294559,1376.056885290049,2848.2890078820783,0.06999999999999318,L,K
DCB_se2_ag1_f_01_1,2085,AH0,804,away,577.542231287503,990.1956757753477,3191.0661514602302,726.0625191495825,1198.5723855269882,2671.0880355386876,726.0625191495825,1198.5723855269882,2671.0880355386876,0.05000000000001137,K,W
DCB_se2_ag1_f_01_1,2087,EY1,804,away,597.131016246086,2520.3740319286644,3420.4792288416297,665.0372945737572,1930.2419040827306,2857.9646045199083,559.5336231809425,2651.762178181081,3238.131105861095,0.19999999999998863,W,
DCB_se2_ag1_f_01_1,2090,AH1,806,but,518.0862925430722,1494.5067265902233,2880.047087046177,586.8227618683712,1761.0755581765554,2894.875525885786,580.0994732995232,1805.4429903309017,2888.6147366446557,0.030000000000001137,B,T
DCB_se2_ag1_f_01_1,2093,IY1,807,he,544.9216295915052,2646.094903280418,3133.6048469198904,580.68806025398,2089.518974740896,2835.3120119508685,504.3708296075832,2894.340857173037,3158.0373926792436,0.07999999999998408,HH,W
DCB_se2_ag1_f_01_1,2095,UH1,808,would,448.5600761072284,1389.356465594607,2827.859630443379,470.6122134700271,1176.5208979982785,2772.755031919632,444.40507478779324,1624.1343932405184,3139.8670050336627,0.030000000000001137,W,D
DCB_se2_ag1_f_01_1,2099,IH1,809,still,550.9825886577134,2077.5379074236002,3059.5877345347426,552.0853160675063,1991.0250962468035,3043.249393109883,478.81621694941447,2137.451940363562,3138.2123299231603,0.060000000000002274,T,L
DCB_se2_ag1_f_01_1,2102,AH1,810,come,693.2486981285334,1469.7600066144091,3224.6860752845355,773.4681651173485,1529.1349816615618,3143.995049412045,773.4681651173485,1529.1349816615618,3143.995049412045,0.040000000000020464,K,M
DCB_se2_ag1_f_01_1,2105,IY1,811,see,575.0660217936902,1390.3326752175294,2790.5633916477786,579.1715937235604,2591.338899634026,3027.101210475678,553.8697987427863,2912.0455902456642,3052.0419702085105,0.0800000000000125,S,M
DCB_se2_ag1_f_01_1,2107,IY1,812,me,350.9194408057618,1744.5133727050645,3048.783756220816,478.5819784584476,2009.79377550438,2924.393419733855,428.04177723879945,2209.185700767805,3068.749022637783,0.14000000000001478,M,sp
DCB_se2_ag1_f_01_1,2110,IY1,814,he,392.12808775543226,2598.0196433701876,3206.3944083919996,511.22172008561574,1423.3265282802042,2994.652640207707,404.28956929126934,2860.081584884889,3019.415443647585,0.09999999999999432,HH,W
DCB_se2_ag1_f_01_1,2112,IH1,815,will,483.9300557265699,1049.0085786211343,2899.281852462535,537.5007622903648,1029.0698437183032,2860.5511055380784,463.3429386476821,1064.5230303246472,3164.92257503738,0.030000000000001137,W,L
DCB_se2_ag1_f_01_1,2115,AH1,816,come,762.8015612198759,1404.2287392273706,3362.338818835365,764.5685968578297,1390.0142406037157,2776.6348462715005,762.6007892345398,1640.8526697580246,3236.6090607705073,0.03999999999999204,K,M
DCB_se2_ag1_f_01_1,2118,IH1,817,pick,522.5650122433798,2540.366272210558,3245.8609912004245,610.5424167592109,1603.2845122978988,2807.7404466190233,553.1525212242186,2530.5226860202656,2985.303102863819,0.06999999999999318,P,K
DCB_se2_ag1_f_01_1,2121,IY1,818,me,532.6135668827179,2644.079504113924,3102.376526070677,655.3002158864185,2056.130992656726,2806.4559253791163,531.1815600816847,2681.8604663164697,3089.762965399024,0.09000000000000341,M,AH1
DCB_se2_ag1_f_01_1,2122,AH1,819,up,679.5900160982103,1713.9420368163978,2893.863708017546,680.0027134003973,1709.891036168285,2879.6466156045262,655.3002158864185,2056.130992656726,2806.4559253791163,0.04999999999998295,IY1,P
DCB_se2_ag1_f_01_1,2125,AH0,820,to,447.53231541961975,1751.3696793633785,3170.7001344124415,485.8151288493134,1679.1684031918578,3181.578702802029,446.44042754935253,1758.180208942514,3187.6398068396647,0.040000000000020464,T,G
DCB_se2_ag1_f_01_1,2127,OW1,821,go,588.3593966814125,1115.7198777190285,2778.419079023001,597.9016753115017,1145.2748416705297,2827.256812215099,557.3774501199705,1270.5876054771988,2453.9240955593605,0.060000000000002274,G,T
DCB_se2_ag1_f_01_1,2129,AH0,822,to,505.4063751686209,1432.2303363611786,2474.929810368658,505.9464803459405,1421.3148131784587,2511.553875906017,463.4379232366756,1869.019517796203,2576.16939308792,0.03999999999999204,T,M
DCB_se2_ag1_f_01_1,2131,AY1,823,my,784.9510776772532,1682.7151208608675,1884.7941993667832,940.363506280948,2015.2403717149884,2573.791554422897,940.3175474324347,2028.1967534753485,2587.518418683624,0.07999999999998408,M,G
DCB_se2_ag1_f_01_1,2134,AE1,824,grandparents',700.147189198788,1941.4656934001787,2201.989896769309,717.8508751062005,1711.6269095412028,2060.0245054781826,700.9468230101176,1934.7791485140915,2228.932060491395,0.05000000000001137,R,N
DCB_se2_ag1_f_01_1,2137,EH2,824,grandparents',596.4960353505344,1451.1369106126017,1821.8957759498294,723.7684774785167,1698.531482406013,2670.7832007035427,723.7684774785167,1698.531482406013,2670.7832007035427,0.030000000000001137,P,R
DCB_se2_ag1_f_01_1,2139,AH0,824,grandparents',643.03073097123,1831.6868123466008,2034.558836666679,693.2438873521209,1692.1171127510838,1873.1948174060838,677.5664576358097,1882.500424002327,2786.1791182505362,0.030000000000001137,R,N
DCB_se2_ag1_f_01_1,2144,AW1,825,house,727.6091927403847,1564.4042917112354,2900.337005527438,869.116489003042,1685.4771182485642,2641.129754209082,851.3820340178372,1689.1341302757967,2711.593365780129,0.08999999999997499,HH,S
DCB_se2_ag1_f_01_1,2147,EH1,827,every,819.8006142342289,2047.4747693841337,2751.150632432574,818.5089246809129,2025.966670948119,2740.8036328493226,774.031551869355,2063.1444934957017,3173.900267455049,0.09000000000000341,sp,V
DCB_se2_ag1_f_01_1,2150,IY0,827,every,460.5954655865786,2102.931230102944,2483.599822114958,498.9223669782187,1710.664105964144,2442.400445293037,454.5233659706686,2231.4986215053,2459.7969549469785,0.04999999999998295,R,T
DCB_se2_ag1_f_01_1,2152,UW1,828,two,477.9800392065463,1138.065417898727,2557.7355725875527,484.4356420227551,1225.743935888204,2581.5845076576343,464.19005122892565,1740.9648337239694,2778.4748446233416,0.06999999999999318,T,W
DCB_se2_ag1_f_01_1,2154,IY1,829,weeks,469.6301037808138,2536.0140022376227,2889.270266112673,487.74238573360543,2005.7548770022124,2711.6043451024107,433.67981256179553,2661.932432812378,2926.6489618115193,0.11000000000001364,W,K
DCB_se2_ag1_f_01_1,2159,OW1,831,so,572.2710652832299,1146.3842678812143,2859.7494775801715,631.2248498016547,1275.6303543191307,2844.8903269813054,565.0739547251213,1378.4823034027195,3092.90604610812,0.060000000000002274,S,W
DCB_se2_ag1_f_01_1,2161,IY1,832,we,574.5078373023346,2432.0170077459766,2957.9093843643177,588.6765209484543,1914.2681318784778,2847.3441327643777,561.997601482182,2582.5442081997476,2970.2404366149594,0.03000000000002956,W,M
DCB_se2_ag1_f_01_1,2163,EH1,833,met,546.1879699037399,2209.7617169915425,2926.114503881119,654.3659978041637,2067.8914013598483,2896.3885230791852,501.9074355005829,2500.0848757526915,3123.4478445540117,0.13999999999998636,M,T
DCB_se2_ag1_f_01_1,2170,IH0,837,it,635.6488292317849,1832.8273375342412,2636.5536264000903,799.2087094274713,1876.029592282631,2595.536385055208,589.3026219789155,2117.035921159886,3766.2883972995755,0.0999999999999659,,T
DCB_se2_ag1_f_01_1,2173,AH1,838,was,511.0725008174753,1469.528544846546,3187.4394041945116,528.3863811723455,1528.0179282846584,3224.7269870237064,510.0499312223069,1562.0759329574628,3184.5253964741737,0.040000000000020464,W,Z
DCB_se2_ag1_f_01_1,2176,IH0,839,his,503.7677902183525,1937.0080053080696,3220.652239816858,516.8110026759294,2061.270626713906,3463.3834290562695,516.7198766303143,2091.98729711034,3492.873609588047,0.06999999999999318,HH,Z
DCB_se2_ag1_f_01_1,2179,EH1,840,parents',634.068660497221,1641.8281098711032,2146.1418703686154,684.4119631177713,1756.7602351728517,2170.688731110356,667.8238019672694,1776.231801044529,2173.7003898431744,0.029999999999972715,P,R
DCB_se2_ag1_f_01_1,2181,AH0,840,parents',689.4068294738015,1794.4430511849457,1977.8328088367973,703.5245923731853,1552.0410818209643,2071.916097836373,685.9743411504026,1808.7848043775668,2030.1540867810022,0.029999999999972715,R,N
DCB_se2_ag1_f_01_1,2186,AW1,841,house,854.0237786136851,1555.1579485353298,2682.4954257717995,938.2389508365809,1527.9596250139725,2560.0383536641284,916.3568331221788,1562.6267352528891,2517.3961970342466,0.06999999999999318,HH,S
DCB_se2_ag1_f_01_1,2190,OW1,843,so,659.5840874089735,1104.393899799978,3298.8781778552925,685.2553681746007,1360.6223835261962,3324.1660706597063,683.2432862726201,1372.860264832509,3358.71835571775,0.13999999999998636,S,IH0
DCB_se2_ag1_f_01_1,2191,IH0,844,it,717.0032335258755,915.2040411097653,3347.6777379571695,722.8976927274691,904.8122349980724,3407.8314333232056,665.9923821383749,1001.0143395219617,3401.4983570796353,0.040000000000020464,OW1,T
DCB_se2_ag1_f_01_1,2194,AH0,845,was,502.3300342348744,1480.2113378102918,3101.9845776131488,598.1627438586438,1396.3677011412863,3334.3483493524186,570.2246548084102,1512.7200094902037,3147.757021550557,0.040000000000020464,W,Z
DCB_se2_ag1_f_01_1,2197,EH1,846,never,814.6115058301027,1339.0332631008953,1887.3652677933592,853.6470114018871,1367.0034143326207,1781.950740932747,702.6772300215512,1862.5785902431023,1929.374945208446,0.06999999999999318,N,V
DCB_se2_ag1_f_01_1,2199,ER0,846,never,668.9279855735306,1416.0639545233844,3335.383597531094,673.5402620765861,1400.122061434267,3315.9347495112916,627.3070970502034,1434.1533375159715,3064.2833826850856,0.05000000000001137,V,L
DCB_se2_ag1_f_01_1,2201,AY1,847,like,803.7771382763522,1981.5052760534363,2955.1239091371463,956.84446759455,1509.8515184728085,2788.9729787063643,665.5024435489559,2291.1689195369513,3088.582490628062,0.12999999999999545,L,K
DCB_se2_ag1_f_01_1,2206,IY1,849,we,557.3506197931353,3039.6639352981715,3943.530443860024,586.2650045249861,2961.43204980543,3153.4284841032586,563.0030450754052,3036.387006295621,3803.1283071066737,0.25,W,IH1
DCB_se2_ag1_f_01_1,2207,IH1,850,it,529.6057047111227,2123.6632204834555,3057.6427923840624,579.2588946069183,2132.5493434100517,2927.1650764566175,492.3092135438076,2314.8537026478275,2961.702579072187,0.12000000000000455,IY1,T
DCB_se2_ag1_f_01_1,2209,IH1,851,it,514.2964627771659,2131.9090838145034,2974.4007645732027,525.0548056624802,2165.849511144634,2982.713488844888,526.1224643452894,2170.5891026155596,2980.7792533915476,0.03999999999996362,T,T
DCB_se2_ag1_f_01_1,2212,AH0,852,was,479.3257042114233,1343.932932407419,3151.943108780228,517.2019437933537,1473.2221342505554,3045.6519101932968,517.1769570819176,1473.297738524415,3050.1611227106137,0.040000000000020464,W,Z
DCB_se2_ag1_f_01_1,2215,EH1,853,never,781.1627871695623,1826.41056227693,1950.754741205486,815.9402248014701,1780.2804472084015,3064.066328545806,768.5678895894323,1827.635787721362,1854.9702501327797,0.06999999999999318,N,V
DCB_se2_ag1_f_01_1,2217,ER0,853,never,654.9636057380883,1363.9659252111355,3116.0463434524318,655.4018701211947,1363.0409632189119,3120.451406423342,567.363440935799,1414.0435574234507,3193.594745027588,0.03000000000002956,V,L
DCB_se2_ag1_f_01_1,2219,AY1,854,like,786.9499428489505,1836.4150766062671,3049.620699509883,834.4590755499703,1673.2917796709048,2796.669954671487,668.1123807031959,1995.7756367393397,2809.0593097549454,0.040000000000020464,L,K
DCB_se2_ag1_f_01_1,2222,EH1,855,there,583.474451613669,2239.7022947988685,3043.6452614187974,626.2690037831096,2190.1305824927063,2862.556109745124,610.6979626956232,2252.571791929241,3004.341084868242,0.03000000000002956,DH,R
DCB_se2_ag1_f_01_1,2225,AH1,856,was,520.6919052745183,1390.6237955733593,3227.9811846136245,520.4307182782569,1390.5617237706563,3231.5434774604432,436.44472770445446,1583.9234800878864,3123.9020242021293,0.060000000000002274,W,Z
DCB_se2_ag1_f_01_1,2227,AH0,857,a,571.2875826317132,1692.0159096698806,3154.729836478755,636.9907465534684,1680.2262872638541,3124.9225639383494,599.3708725791081,1707.6576042652862,3163.4061282240796,0.14999999999997726,Z,sp
DCB_se2_ag1_f_01_1,2231,AH0,859,position,494.92868989809097,1665.3325738586257,3254.978925863997,561.7290834955987,1809.3198802656502,3271.7303596823494,551.8740424331868,1811.144394040046,3274.6705990930636,0.060000000000002274,P,Z
DCB_se2_ag1_f_01_1,2233,IH1,859,position,626.6638772814595,2083.87170869066,3096.8428840889883,633.4750016121947,2084.4818956598933,3098.9363829051167,497.7138573051926,2189.832560749234,3380.73528359851,0.0999999999999659,Z,SH
DCB_se2_ag1_f_01_1,2235,AH0,859,position,639.053464844375,1985.934144458707,3297.0873523819505,680.2049294664229,2133.0298611932735,3706.226810424401,680.2049294664229,2133.0298611932735,3706.226810424401,0.060000000000002274,SH,N
DCB_se2_ag1_f_01_1,2238,AO1,860,for,626.914383454636,1064.4041546291403,3268.721469160062,646.0126765517685,1198.0519102065953,3183.155873550175,646.0126765517685,1198.0519102065953,3183.155873550175,0.029999999999972715,F,R
DCB_se2_ag1_f_01_1,2240,AH1,861,us,875.3848937918884,1630.5486390071296,2319.1350322875232,891.3676028545159,1629.4075422460674,3145.6527555626903,613.1655859471556,1821.7068103460347,3218.7871936826223,0.20999999999997954,R,S
DCB_se2_ag1_f_01_1,2243,AA1,862,not,945.230713230387,1781.518953796324,2438.2689880372263,981.2177663099467,1816.203632237866,2453.7804943521264,891.2855089492846,1957.834748056473,2601.103368640993,0.08000000000004093,N,T
DCB_se2_ag1_f_01_1,2246,AH0,863,to,692.7985437380507,2031.556638158829,3346.3420909926344,700.2860942372223,1622.1067001359809,2105.1726104734553,698.3014325686997,2091.292448593447,3310.0048273081584,0.060000000000002274,T,HH
DCB_se2_ag1_f_01_1,2248,AE1,864,have,780.9559428390108,1868.719842813522,2093.8830959030147,814.5244563159289,1446.956354423737,2096.6702917144376,782.426282271364,1882.9565410954551,2074.286208245043,0.060000000000002274,HH,V
DCB_se2_ag1_f_01_1,2250,AH0,865,a,507.6303495147667,1289.964348595969,3357.7416638159298,664.9932940112647,1551.7401062796444,3172.2438332342663,635.7763162742413,1763.9967041058671,3280.8790620772997,0.060000000000002274,V,G
DCB_se2_ag1_f_01_1,2252,UH1,866,good,570.1960784838612,1302.8484436596284,3135.797094020824,646.9804503428359,1209.2796861545087,3006.3875303548666,501.1464416595382,1630.80822037013,3052.79144172512,0.060000000000002274,G,D
DCB_se2_ag1_f_01_1,2255,IY0,867,relationship,681.3266808259307,1534.130550783239,2835.2762965762477,683.0785453304802,1528.1926504798091,2767.070184104526,678.2632347810294,1544.1375434952397,2860.741311274345,0.029999999999972715,R,L
DCB_se2_ag1_f_01_1,2257,EY1,867,relationship,496.48908525008517,1299.1065642637518,2734.8993065809877,627.746267553479,862.4785529439895,2259.2773562139523,502.58183428094964,2267.077866958243,2950.961529233978,0.07999999999998408,L,SH
DCB_se2_ag1_f_01_1,2259,AH0,867,relationship,497.3247947462939,2088.794868800409,2936.5333272801436,654.7279041171887,2132.137585246391,2878.0029746037235,616.3240430304954,2396.7463245633107,3665.957838769521,0.040000000000020464,SH,N
DCB_se2_ag1_f_01_1,2262,IH2,867,relationship,564.395533638479,1944.8471234467156,3247.5146674197804,607.6312237403016,1887.1115109830184,3206.9565863104344,531.3993663084403,1996.36398149679,3219.3933134302893,0.12000000000000455,SH,P
DCB_se2_ag1_f_01_1,2266,IH1,869,it,552.2838999646981,2368.8798894442775,3113.503034289138,639.5890246398301,1755.5501323889112,2778.5351074935165,515.5573609017812,2400.927490581512,3155.0233962367124,0.05000000000001137,sil,T
DCB_se2_ag1_f_01_1,2270,IH0,871,just,464.3698095715003,1853.4932693864343,3118.144491000166,522.8214851547333,1812.5488043009377,3182.155741400714,465.99425171329233,1906.217828392104,3202.376083366867,0.03999999999996362,JH,S
DCB_se2_ag1_f_01_1,2273,AH0,872,that,627.2426413492949,1791.835535376372,2433.8165493630627,627.7963856445261,1689.225359103455,2149.3248927019445,616.7265483614906,2090.670564081016,3302.18640605056,0.03000000000002956,DH,T
DCB_se2_ag1_f_01_1,2276,IY1,873,he,537.2370566558004,1518.5638981126792,2750.2674838303096,587.3609064620856,2559.618322770253,3191.6147378806722,543.4438244441582,2897.5116318490454,3025.7999316918986,0.05000000000001137,HH,N
DCB_se2_ag1_f_01_1,2278,EH1,874,never,690.6967896914258,1753.2222535715432,2059.628746432555,720.4996860027043,1920.5485340140924,2576.3509340912246,534.8465094362848,2032.1464743551057,2202.9791631094017,0.060000000000002274,N,V
DCB_se2_ag1_f_01_1,2280,ER0,874,never,482.07740212168983,985.0526017512906,2615.4642009905115,595.3873753994945,1192.704705620887,2610.7068832555565,580.725643403743,1213.0276458709836,2722.2328207611567,0.11000000000001364,V,sp
DCB_se2_ag1_f_01_1,2283,IH1,876,really,452.8527933658216,1565.0146844874903,2476.91984719586,458.91639049271436,1776.44175835996,2763.94309007751,449.74459498559634,1824.3804068776924,2778.3997720874804,0.05000000000001137,R,L
DCB_se2_ag1_f_01_1,2285,IY0,876,really,473.6904524035443,2292.6771898556062,3244.6574724829998,511.95707883540587,1938.6018757979534,3142.6531241155644,485.0881519796577,2811.961618629363,3379.672629712363,0.06999999999999318,L,W
DCB_se2_ag1_f_01_1,2287,ER1,877,worked,627.3154061855292,1425.6364182789544,1740.2906182433476,639.7055773469167,1314.5497591313476,1758.413115935084,614.2455639180039,1623.9550564861045,1741.5313990855152,0.11000000000001364,W,K
DCB_se2_ag1_f_01_1,2291,AH0,878,towards,518.429817269071,945.5157087544183,3000.202438948244,771.7809889145746,1568.4960115743397,3041.839721966685,771.7809889145746,1568.4960115743397,3041.839721966685,0.05000000000001137,T,W
DCB_se2_ag1_f_01_1,2293,AO1,878,towards,464.8348464434951,798.8609173324093,3044.7389546857357,610.8098093369457,917.2292338246467,2482.365448519137,610.8780121281834,1170.199877552078,2380.000727619266,0.12999999999999545,W,R
DCB_se2_ag1_f_01_1,2299,AE1,880,having,772.0645340493203,954.353264790537,2104.1278235989703,783.7449360841407,973.7707279241997,2102.1841870303556,798.4177855185692,1816.6200646207221,3100.009769088095,0.049999999999954525,HH,V
DCB_se2_ag1_f_01_1,2301,IH0,880,having,571.1541145915813,1416.8811660001868,2080.577632259342,612.4707184902259,1311.2054882275906,2305.7948295215824,595.949878260752,1596.0030477617886,1674.7033195240692,0.03000000000002956,V,NG
DCB_se2_ag1_f_01_1,2303,AH0,881,a,583.3460851251364,1487.4076406406632,2415.7071158824024,625.2233954706059,1687.8218986188288,2038.8741014336206,622.2800446654057,1678.9559088356248,2120.513727504214,0.06999999999999318,NG,sp
DCB_se2_ag1_f_01_1,2309,UH1,885,good,615.9464546286282,1410.0617818979408,2697.0211892729444,636.7891070554067,1171.0344985817976,2680.6750650441004,553.1767901276835,1642.1409381864478,2939.6874662471355,0.060000000000002274,G,D
DCB_se2_ag1_f_01_1,2312,IY0,886,relationship,619.915793190868,1582.7438389395134,2687.2879391151173,620.6168869260531,1549.9620329501229,2675.188852236596,619.023802803377,1624.4516083284643,2702.681414554194,0.029999999999972715,R,L
DCB_se2_ag1_f_01_1,2314,EY1,886,relationship,481.200922540688,2232.064747357336,2876.9388956666703,628.8373606556395,1989.1247963694764,3143.3313388996753,466.4313967212463,2612.3729643502393,3065.558505115526,0.09000000000003183,L,SH
DCB_se2_ag1_f_01_1,2316,AH0,886,relationship,509.3646874425039,1950.169793485355,3616.8163198997263,630.4699745036148,1828.6166016294758,3332.0466395299027,501.68658962274503,2041.6771046077752,3122.521564372967,0.029999999999972715,SH,N
DCB_se2_ag1_f_01_1,2319,IH2,886,relationship,582.2255398796973,1998.201789001225,3138.1857786146816,623.1562556789473,1996.8556391902007,3052.0749932651474,577.8666549955689,2057.10084077319,3542.8867541897866,0.07999999999998408,SH,P
DCB_se2_ag1_f_01_1,2323,AY1,888,right,649.5569685730552,1965.5527140140703,2496.191152315814,696.0397046954906,1931.5910396727083,2420.005015854122,593.0612389497613,2166.9913193452667,2768.8965648514773,0.08000000000004093,R,T
DCB_se2_ag1_f_01_1,2327,AE1,890,yeah,946.4740102556269,1820.8064480892747,2304.2664073541123,991.0330828865316,1881.2190144190602,2034.5759101687772,990.7039971128946,1880.2387973126345,2034.3761549611463,0.060000000000002274,Y,M
DCB_se2_ag1_f_01_1,2329,AY1,891,my,876.228883508631,1409.3660377123715,1807.0197079341458,933.5384522156075,1452.4941526079983,1849.7170451159752,862.7060674114991,1760.7359478600574,2854.449942210064,0.05000000000001137,M,M
DCB_se2_ag1_f_01_1,2331,AY1,892,my,864.0061849549423,1843.5318400045205,1995.8931749926205,981.3436255587595,1808.2659320009998,2786.48203166403,923.6805026182085,1919.693654723562,2859.736631868219,0.12999999999999545,M,S
DCB_se2_ag1_f_01_1,2334,EH1,893,step,520.2887095175978,1979.539358800037,3109.41834820756,598.6257346183958,1994.0607070739766,3063.286694544959,567.3808334366239,1998.4906306505616,3056.8929323732805,0.060000000000002274,T,P
DCB_se2_ag1_f_01_1,2337,AY1,894,my,915.3589628574846,1901.4440230817509,2844.345209174607,917.7634713190038,1893.862427767348,2471.970750671954,821.1010649727274,1947.6797266209192,2727.045361178563,0.08999999999997499,M,S
DCB_se2_ag1_f_01_1,2340,EH1,895,step,528.3107174054521,1654.0110907783371,2991.4227469221555,590.2116707448,1719.7133768107412,2931.0463591119815,589.4588580789828,1740.5777934505327,2930.5642389675745,0.03000000000002956,T,P
DCB_se2_ag1_f_01_1,2344,EH1,897,well,562.891534081168,1436.178109776203,2150.7669593625947,581.192818802786,1427.0712341482874,2118.6891430241926,506.82652233605836,1550.4269770501119,1986.1382044193947,0.06999999999999318,W,L
DCB_se2_ag1_f_01_1,2348,AY1,899,my,749.0263238201651,1595.5082064063827,1951.9456450228163,915.7519423836421,1998.1612578303968,3302.135768341282,910.8995007377138,2001.0241747283276,3306.047118265308,0.11000000000001364,M,sp
DCB_se2_ag1_f_01_1,2351,AE1,901,dad,582.6404324132324,1510.3098997623588,2333.668453947951,607.7360378259025,1706.1008693091283,2377.853917687025,584.560844443144,2390.18726161436,3181.2034580793356,0.18000000000000682,D,D
DCB_se2_ag1_f_01_1,2354,AE1,902,yeah,583.0318032438017,2118.0463343496017,3042.057141115091,615.5370716566882,2117.1890488497615,3051.454350941049,556.6229571764931,2569.932614974224,3054.882158215949,0.160000000000025,Y,
DCB_se2_ag1_f_01_1,2357,AE1,904,yeah,739.0717938408224,1792.4422292923564,2316.212562971767,845.7332298838818,1867.0461056509168,2478.2050926984607,729.4793901596548,2065.4967885983137,2435.1266200603727,0.2699999999999818,Y,
DCB_se2_ag1_f_01_1,2360,AY1,906,right,796.4334872049496,1843.3616338424538,2297.1555434009842,810.6168377574669,1886.1034255883644,2284.228138967366,651.9610656264497,2059.250636020106,2549.842723870592,0.11000000000001364,R,T
DCB_se2_ag1_f_01_1,2364,AY1,908,right,682.7571079760552,927.7593934840594,2107.2546909829634,731.6874395031358,1964.5908519932132,2550.446694278742,666.1020055021909,2063.987893941692,2657.6439086919518,0.05999999999994543,R,T
DCB_se2_ag1_f_01_1,2368,AH1,910,but,670.8566415653938,2014.714177821185,3106.821817713385,671.4736932846737,2048.382049534323,3107.9919924384308,593.4367896817281,2419.720095327916,3178.9034379929967,0.06999999999999318,B,T
DCB_se2_ag1_f_01_1,2371,IY1,911,he,722.152613583057,1578.2511678055,2741.1692764964037,727.2488289969037,1599.075385722327,2797.248622174421,523.6073625892402,2861.7652871334503,3122.256254021838,0.16999999999995907,HH,sp
DCB_se2_ag1_f_01_1,2374,AH1,913,huh,740.7884666336511,1060.180465501484,2103.385709847636,845.6363047740724,1644.3647741773882,2211.3023997040996,814.4638255094505,1770.1428305030674,1915.9602942759159,0.20999999999997954,HH,
DCB_se2_ag1_f_01_1,2378,OW1,915,no,614.8884413029289,1477.762231547168,3568.742422251297,742.8468229570528,938.8404873488548,3023.0975892443694,654.0653644147112,1887.2533833601296,3321.7650365140403,0.22999999999996135,N,B
DCB_se2_ag1_f_01_1,2380,IH0,916,because,517.116386363903,2713.4246115583715,3383.582315943285,1069.8782865468183,2705.2659076495415,3422.438109158479,510.61083585973563,2728.7119873341644,3461.6978338980125,0.0999999999999659,B,K
DCB_se2_ag1_f_01_1,2382,AH1,916,because,684.2806494271598,1605.7145658052423,1748.168062564162,691.3548101891399,1611.947110507633,3398.1744774952117,644.4325334930294,1685.892528506282,3401.354277036148,0.07999999999998408,K,Z
DCB_se2_ag1_f_01_1,2385,AY1,917,my,851.8772466487446,1726.3058474309735,2235.7124413321776,952.38931430801,1686.8478607445782,2205.118795302547,760.9899224614944,1796.5500010482199,2528.6687747945143,0.07999999999998408,M,G
DCB_se2_ag1_f_01_1,2388,AE1,918,grandparents,746.1989309582942,1992.0240477441566,2293.1821708213174,750.7551780406226,1383.1208422621055,2053.7663894440966,736.1397999520248,1998.9607741429134,2878.6602174964373,0.060000000000002274,R,N
DCB_se2_ag1_f_01_1,2391,EH2,918,grandparents,696.6425962742753,1254.8385401278435,1870.494853144977,740.7116142397473,1447.277242921664,1813.863422320762,722.3156998477007,1563.925360189665,1818.9810323762542,0.040000000000020464,P,R
DCB_se2_ag1_f_01_1,2393,AH0,918,grandparents,628.2524742686101,1860.1025980307784,2479.098089093782,647.1441322135539,1971.178203429834,2731.8489287674274,640.5791522592908,1970.290535555952,2672.6100968421665,0.08000000000004093,R,N
DCB_se2_ag1_f_01_1,2397,AA1,919,are,903.6186443941069,1522.885769786994,2349.5112966623615,905.8498897089502,1521.0718843694078,2342.743657832909,855.18700074296,1632.895981068089,2462.0884405877187,0.06999999999999318,S,R
DCB_se2_ag1_f_01_1,2401,IH1,921,really,592.5139084800976,1962.1453780222485,2434.4822513560953,605.3385056927575,1967.0169122490565,3325.2653518359716,600.5005071894402,1984.2028372165212,3443.253871170307,0.05000000000001137,R,L
DCB_se2_ag1_f_01_1,2403,IY0,921,really,474.87473496284423,1385.7439882351948,2901.5521922821667,599.9831245420501,2245.9240630527493,3134.3222371038573,587.7763579694716,2237.2095076289465,3136.4998377885922,0.060000000000002274,L,IH0
DCB_se2_ag1_f_01_1,2404,IH0,922,in,626.9422279784234,1585.5631347160827,2440.550080598991,627.1161735942418,1536.3980200768065,2339.1784291490094,599.9831245420501,2245.9240630527493,3134.3222371038573,0.029999999999972715,IY0,N
DCB_se2_ag1_f_01_1,2407,AY1,923,my,820.434684609222,1567.760110078875,2803.5711695592368,941.4886511621012,1402.2823930136187,2938.536543384976,829.1066668020018,1568.1289633287665,2812.7277817299605,0.1099999999999568,M,L
DCB_se2_ag1_f_01_1,2409,AY1,924,life,645.6383018039317,1131.4178425311345,2494.309562114915,975.5443513920167,1392.7325706767037,2136.8177533691296,692.966970664775,1856.012149132613,2187.3002806954373,0.13999999999998636,L,F
DCB_se2_ag1_f_01_1,2412,AE1,926,and,589.9029424427221,2357.7516857575397,3029.0648555003377,653.982516484491,2345.2151433377962,2993.8914995122636,617.7017482129366,2494.0691915579805,3270.671242494682,0.12999999999999545,,N
DCB_se2_ag1_f_01_1,2415,AH1,927,um,816.9025506198723,1535.4000529372925,2558.8846152135907,817.541339784782,1534.8340661664618,2556.5327812596893,649.8235218364528,1582.810155329984,2546.647118944691,0.060000000000002274,D,M
DCB_se2_ag1_f_01_1,2418,AY1,929,i'm,713.4018603560655,1758.845724921141,2723.9513009813736,851.0266457654927,1683.1908994587438,2620.034439307473,664.8842718723696,1780.808381077892,2731.0947804725097,0.07000000000005002,sp,M
DCB_se2_ag1_f_01_1,2421,IH1,930,really,515.0199689553838,1738.0680763567718,2928.8946177886733,528.9466147097835,1447.8992321049388,2766.0738537902535,494.5684273270108,1849.8478587127013,3030.0803434387785,0.040000000000020464,R,L
DCB_se2_ag1_f_01_1,2423,IY0,930,really,493.665179780804,2553.694029259029,3009.9417567616456,499.75617153443,2580.7060975979953,3012.3224632768874,491.549059091203,2597.0691126688566,3104.0491495751335,0.060000000000002274,L,K
DCB_se2_ag1_f_01_1,2426,OW1,931,close,639.1043392175345,1337.4614150610612,3349.4833012806175,674.2450407599698,1380.5671628337866,3240.567164670845,674.2450407599698,1380.5671628337866,3240.567164670845,0.060000000000002274,L,S
DCB_se2_ag1_f_01_1,2429,AH0,932,to,518.8749621193871,1612.5324747701459,2726.401641421074,560.5949823434503,1644.009503131965,2918.2190287616413,555.2255929918392,1642.9540273035313,2931.039354821087,0.029999999999972715,T,M
DCB_se2_ag1_f_01_1,2431,AY1,933,my,703.2225820433571,1702.9574078595335,2522.855323238589,748.92642183491,1665.4355249470334,2325.4514421735093,722.1190977293113,1711.2057698912906,2537.398511004932,0.06999999999999318,M,G
DCB_se2_ag1_f_01_1,2434,AE1,934,grandparents,723.1057581567047,1933.7517188496952,2532.61695369298,730.5100739736283,1931.4112029423984,2481.364156823231,727.7883558785619,1936.034295294537,2525.8884921102967,0.040000000000020464,R,N
DCB_se2_ag1_f_01_1,2437,EH2,934,grandparents,661.2844032772632,1437.922176086873,2256.3559383610655,719.7150185268835,1628.359307960797,2456.7517304058024,693.5604648437169,1681.6137131115388,2650.554489368429,0.029999999999972715,P,R
DCB_se2_ag1_f_01_1,2439,AH0,934,grandparents,687.1340847113802,1858.192555640459,2231.4656280388053,706.4910185682954,1859.1347945302032,2577.11695112407,680.5324939926439,1895.9627907575673,2379.135260862417,0.029999999999972715,R,N
DCB_se2_ag1_f_01_1,2444,OW1,935,so,796.6628143211248,1584.914913619509,2417.172134097514,853.318804009579,1624.0867657700444,2413.695322813972,758.1862895444835,1753.4750561106796,2980.990348142041,0.05000000000001137,S,AY1
DCB_se2_ag1_f_01_1,2445,AY1,936,i,837.6410552905446,1640.1862148740402,2460.6084352661937,863.8536405575692,1638.2077505692632,2404.4696998675545,846.7877948090977,1646.9521501892789,2434.052481868006,0.08000000000004093,OW1,F
DCB_se2_ag1_f_01_1,2447,IY1,937,feel,657.1545245519535,1532.274693651574,2844.4551425664513,984.7926764279273,2028.3059713377563,2942.117370694848,959.2779348247162,2021.791453962088,2936.82180077045,0.029999999999972715,F,L
DCB_se2_ag1_f_01_1,2450,AY1,938,like,699.6352805932169,2089.0438599167337,2233.913724639065,788.8979330221781,1678.2178587713022,1952.5009421215318,690.5221979256665,2119.4899715290426,2201.0466198287763,0.040000000000020464,L,K
DCB_se2_ag1_f_01_1,2453,AE1,939,that,642.433339392505,1142.6399677732848,2053.762953619806,702.1228087684511,1885.2081134924804,2896.1287032830855,606.5764375177815,2070.270118784892,3131.009924358831,0.03000000000002956,DH,T
DCB_se2_ag1_f_01_1,2456,UH1,940,would,562.2433773019649,1449.349214558808,3077.270617615847,607.6910978289309,1505.0461631190399,3149.3912469100615,603.5081264164186,1518.195638466059,3154.7293799164495,0.029999999999972715,W,D
DCB_se2_ag1_f_01_1,2459,AY1,941,kind,862.7636178240774,1722.1951526297767,1951.5764185906005,862.5015393540699,1747.0394500182806,2042.4745530188911,862.3129255232948,1764.9195074805625,2107.892537732924,0.03999999999996362,K,N
DCB_se2_ag1_f_01_1,2461,AH0,942,of,614.0976868039104,1696.584905753225,2967.288811161066,625.4618982254973,1615.228208966692,2919.6967666502337,611.9109359815864,1708.156486686848,2968.768039143246,0.029999999999972715,N,V
DCB_se2_ag1_f_01_1,2464,IY0,943,be,441.6671653208083,2115.045196330875,2955.566275797445,465.4844018389635,2509.863093558231,2621.503332639661,463.99938111730637,2578.2380598579734,2674.161806613126,0.060000000000002274,B,D
DCB_se2_ag1_f_01_1,2466,IH2,944,disrespectful,549.9553891381204,2012.6638982697373,2840.4707760779297,588.0520405645983,1745.439998321589,2626.0262031766465,578.2360559549646,2044.0574709097073,2810.659956839321,0.07999999999998408,D,S
DCB_se2_ag1_f_01_1,2469,IH0,944,disrespectful,503.08702202837156,1720.8206283179852,2325.804289381753,514.2960058845916,1592.291377385349,2224.040463126928,491.35347783762353,1793.5069129682292,2529.442263221361,0.05000000000001137,R,S
DCB_se2_ag1_f_01_1,2472,EH1,944,disrespectful,769.4501351781299,1458.248471306465,2394.267539214452,788.7572990649119,1761.8903676699094,2558.577591811355,755.8948654995045,1978.251025480598,2941.473650459493,0.09000000000003183,P,K
DCB_se2_ag1_f_01_1,2476,AH0,944,disrespectful,485.02054285988316,918.8130186495017,2538.8828210694605,516.4442518937857,1023.0973729280897,2548.73710692198,516.4442518937857,1023.0973729280897,2548.73710692198,0.03000000000002956,F,L
DCB_se2_ag1_f_01_1,2480,AH0,946,to,704.3277132497448,1783.680972207458,3137.5935444772786,692.2763666360183,1745.9358937989623,3239.9691669972935,530.7278425230606,2051.3526851111546,3066.310662899782,0.2300000000000182,T,sp
DCB_se2_ag1_f_01_1,2483,IY0,948,be,557.9763297217803,2018.9515247604152,3230.4396215908173,587.9471121908973,1856.663713092227,3217.394837571702,471.79562500671426,2303.3368996978825,2903.331095014213,0.040000000000020464,B,L
DCB_se2_ag1_f_01_1,2485,AY1,949,like,857.4541678948426,1689.810789469061,2709.6761309269646,894.4549898117336,1840.7193746337055,2831.7475523658436,896.0224140205704,1860.1640761712817,2837.9228224161834,0.049999999999954525,L,K
DCB_se2_ag1_f_01_1,2487,OW1,950,oh,668.0581848661595,1143.0118429613533,3203.441887200276,833.3553979844721,1651.9879216893733,3018.5835452560505,809.1728728398197,1663.5397330407195,2903.772653337561,0.11000000000001364,K,AY1
DCB_se2_ag1_f_01_1,2488,AY1,951,i,730.3909088840202,1228.312832187275,2136.085150827366,782.5787670722603,1317.5345182832532,1830.9283630698278,777.7952614545446,1311.4935454314552,1855.239042380456,0.029999999999972715,OW1,M
DCB_se2_ag1_f_01_1,2490,AH0,953,a,592.0332742965006,2020.4420625085877,3207.8818454698585,1023.3008968711459,2247.5806705395185,2743.626563656906,1023.3008968711459,2247.5806705395185,2743.626563656906,0.060000000000002274,M,CH
DCB_se2_ag1_f_01_1,2492,EY1,954,change,521.0166377830698,855.1896813267412,2901.056927557915,652.4965666515791,2604.085111362655,3093.5954865660833,577.1541336206263,2767.255868418898,2987.540889194346,0.07999999999998408,CH,N
DCB_se2_ag1_f_01_1,2496,AY1,955,my,798.703228630451,1813.7348798502815,3313.276182501521,818.9885861198693,1786.064165658296,2929.896041097515,783.2128688943006,1947.8904862285553,3216.1262810851913,0.0999999999999659,M,N
DCB_se2_ag1_f_01_1,2498,EY1,956,name,623.3875603058253,1526.015055649738,2613.402943204209,659.115681410501,2115.6113093883964,3110.035906831839,614.0425200330061,2411.170770461021,3198.925530326331,0.10000000000002274,N,M
DCB_se2_ag1_f_01_1,2502,IH1,957,when,561.1051464307861,1812.0983183697751,2525.4411467276086,571.100933322252,1556.292841454517,1994.1892240536683,555.8116806783195,2079.312845040313,3129.1530851325483,0.060000000000002274,W,N
DCB_se2_ag1_f_01_1,2504,IH1,958,it,534.7265829921339,2474.0137168839356,3198.0896034990183,580.0542965150271,2255.2481794368273,3048.8080859780166,498.4100182182017,2517.23436653258,3154.683812079744,0.0999999999999659,N,T
DCB_se2_ag1_f_01_1,2508,AH1,960,someone,724.8033666706837,1492.126697455121,3159.3425062112337,724.3555972655039,1481.2954036915337,3182.7659740748286,640.5190197770271,1629.5422263175747,3060.969288664318,0.060000000000002274,S,M
DCB_se2_ag1_f_01_1,2511,AH2,960,someone,698.7520970369491,1360.3112399665395,1623.99840898537,728.1604013148615,1342.83524616424,1652.0761027163433,705.2493851805468,1398.8674105941489,1622.594828743266,0.06999999999999318,W,N
DCB_se2_ag1_f_01_1,2514,UW1,961,who,458.21558181155456,841.6685311629697,2695.414371776575,638.3742496316066,717.9425329940989,2367.5881197135072,574.6597043544407,1935.5746995282855,2903.344062386198,0.2300000000000182,HH,IH1
DCB_se2_ag1_f_01_1,2515,IH1,962,is,483.0116784714763,2299.512363332057,3231.3521977797695,591.2055146071599,2041.3516281717864,2836.835823477877,533.8747967288175,2491.6924607811925,3187.1437368163843,0.2300000000000182,UW1,Z
DCB_se2_ag1_f_01_1,2517,EY1,963,a,765.3802433375922,1509.41856241604,2812.273884090059,826.5220874866692,1249.682404296043,2979.4403174147683,717.4110558355422,1653.0374014414892,3184.237061250906,0.06999999999999318,Z,TN
DCB_se2_ag1_f_01_1,2521,UW1,966,who,478.6471513940964,1009.1854287449182,3302.7489904236163,575.5729094947691,928.4601259743774,1881.9276037884913,434.7362471700388,1473.3031083001815,2842.2919934868837,0.12000000000000455,HH,S
DCB_se2_ag1_f_01_1,2524,AH1,968,gonna,561.3723040852773,1051.8168547870364,2218.244743769519,622.2022958604468,1430.285842829312,1767.7704724331143,597.2494695836384,1580.019231714114,2954.870233194017,0.10000000000002274,G,N
DCB_se2_ag1_f_01_1,2526,AH0,968,gonna,651.09198908845,1945.6371466069058,3135.4079267146003,661.4685806851437,1980.4142387385639,3127.6199155308173,657.2888667445961,1981.9133374822923,3133.751722174746,0.11000000000001364,N,sp
DCB_se2_ag1_f_01_1,2529,UW1,970,who,442.32294892793226,1124.61676181272,2589.7899062844403,465.3957422052119,1039.2231532866524,3115.6023800005496,407.412633781133,1426.1842887955545,2667.9570945873616,0.06999999999999318,HH,Z
DCB_se2_ag1_f_01_1,2531,IH1,972,in,585.2929642633045,2152.9684994624185,3020.6937191350853,662.4013575321212,2222.7039943786526,3163.5673552190055,597.7298622794968,2295.8198025766724,2974.582995437933,0.0999999999999659,Z,N
DCB_se2_ag1_f_01_1,2534,AY1,973,my,924.9868224457558,1483.8770577517078,2963.9088881641956,958.5585431669064,1563.6615015170473,3054.540161786103,956.1671283952478,1561.3062323851802,3058.6546036436093,0.11000000000001364,M,L
DCB_se2_ag1_f_01_1,2536,AY1,974,life,764.898398865968,2013.0113499653085,3124.0671895347878,877.0894541495567,1743.4694192654279,2703.9839399626394,507.0775909187966,2252.534311196549,2636.90971789692,0.08999999999997499,L,F
DCB_se2_ag1_f_01_1,2538,AH0,975,and,587.6844646366686,2017.092204782477,2958.8461795567914,690.4490164048522,1924.4885022910044,2898.786524358388,602.1779281737209,2023.968572383056,2973.98103070652,0.03999999999996362,F,N
DCB_se2_ag1_f_01_1,2541,EY1,976,making,566.785432297693,2574.4695470143247,3263.083932045432,612.0206485957754,2351.45686873767,3301.2501146086624,460.63060785482804,2758.373951163147,3277.994673982737,0.06999999999999318,M,K
DCB_se2_ag1_f_01_1,2543,IH0,976,making,451.93711267743646,2600.3829891159444,2921.627578086111,629.9056927134679,2107.5103080816352,2821.174215608537,447.41528751847227,2704.7689409617496,2922.7339998028947,0.029999999999972715,K,NG
DCB_se2_ag1_f_01_1,2546,IY1,977,me,464.55270376296176,1926.8285933103507,3012.0054320686095,528.5330385600539,2175.4892824063922,2886.8652409600245,512.8640407001442,2352.6649025210645,3058.633921719893,0.05000000000001137,M,AH0
DCB_se2_ag1_f_01_1,2547,AH0,978,a,539.0818176379237,1858.383842583045,2964.5674563368843,542.518815764076,1945.4706536113363,2945.1147627101927,528.5330385600539,2175.4892824063922,2886.8652409600245,0.05000000000001137,IY1,B
DCB_se2_ag1_f_01_1,2549,EH1,979,better,700.423585208981,2045.6302159754075,2682.779646736607,721.5659183592846,2033.2465036378437,2969.4608160340667,706.4086663661166,2061.9322133848827,2748.638567259581,0.07999999999998408,B,T
DCB_se2_ag1_f_01_1,2551,ER0,979,better,539.9507086313803,1774.0646881009638,2989.3430477784136,561.0737841404897,1953.8856194101209,2613.34653122513,561.0737841404897,1953.8856194101209,2613.34653122513,0.029999999999972715,T,sp
DCB_se2_ag1_f_01_1,2554,ER1,981,person,568.4699449984854,1639.375177863416,1878.230024232901,613.2143101246055,1567.992168418848,1816.1885023740322,529.1215814941773,1920.455964280824,2314.8828526888124,0.09000000000003183,P,S
DCB_se2_ag1_f_01_1,2556,AH0,981,person,633.3029238491632,1419.1401105169257,2964.689910109697,644.4293114850651,1387.7042706454383,2869.8005940341227,546.7622022612104,1473.841159145528,2766.5276229825818,0.029999999999972715,S,N
DCB_se2_ag1_f_01_1,2561,EH1,983,they're,743.9042371869439,1554.2337586229453,2369.126854733479,814.4722403921238,2091.057175465511,2860.1717077528547,822.7092557281809,2221.0587860723826,3006.2991184706016,0.06999999999999318,DH,R
DCB_se2_ag1_f_01_1,2564,AH1,984,the,561.328051194443,1751.860615128234,3236.5732631737555,761.7894992764438,1865.639861675738,3239.9718983962834,758.9234944839925,1866.1349352154973,3235.6247938760507,0.11000000000001364,DH,B
DCB_se2_ag1_f_01_1,2566,EH1,985,best,835.3266611900436,1976.6529030120482,2124.286696973436,867.9838983691342,2055.4242460570495,3236.0606070359772,750.6525155061416,2157.556751567746,3541.65935699329,0.20999999999997954,B,S
DCB_se2_ag1_f_01_1,2571,AY1,988,i,1020.470210705118,1840.5591781715277,1926.1018421334459,1018.7673844436584,1828.3275795973384,1950.6696623560606,995.7444200571892,1985.7649623388315,3171.4155687149237,0.18000000000000682,,L
DCB_se2_ag1_f_01_1,2573,AH1,989,love,744.8271414316652,1635.5119810506433,1997.6497008442643,745.3365598163429,1650.7716269708885,1915.3665382223699,735.3188348510957,1711.565624117159,2502.277649224336,0.08999999999997499,L,V
DCB_se2_ag1_f_01_1,2576,AY1,990,my,800.3493081898916,1818.6667892642943,2975.225381799019,837.5488188767823,1844.0469366611026,2087.521929741005,621.6244556752192,1853.6298282738605,3017.277528186424,0.08999999999997499,M,G
DCB_se2_ag1_f_01_1,2579,AE1,991,grandparents,643.8876583788668,1984.2516681981813,2045.9462499560314,664.3796360799668,1887.4795908478432,2383.8260097820266,643.8172299231353,1983.1399558953292,2045.597473875707,0.06999999999999318,R,N
DCB_se2_ag1_f_01_1,2582,EH2,991,grandparents,664.7407247081237,1514.0230296178372,1945.930642039145,705.07348204908,1689.2250165787575,2394.0773244485554,705.07348204908,1689.2250165787575,2394.0773244485554,0.029999999999972715,P,R
DCB_se2_ag1_f_01_1,2584,AH0,991,grandparents,648.0503022736149,1942.0543907633078,2398.0933534462047,655.5039497159837,1974.5088845910257,2615.352748706794,622.7550479961548,2023.0430266107853,2043.7049871307643,0.05000000000001137,R,N
DCB_se2_ag1_f_01_1,2589,EY1,992,they,668.3218961120132,2232.086187463799,2899.384324755192,701.2405454739488,2156.8754220274877,2865.724854137558,646.0250184801583,2244.1218356565696,2920.8701362842553,0.06999999999999318,DH,ER0
DCB_se2_ag1_f_01_1,2590,ER0,993,are,630.6217759242171,1567.9528633944324,2713.359102885043,664.4347573767147,1797.8122084574063,2256.8295294727127,664.4347573767147,1797.8122084574063,2256.8295294727127,0.029999999999972715,EY1,V
DCB_se2_ag1_f_01_1,2592,EH1,994,very,628.5519534289043,1508.849860036419,2293.905090437218,636.3982314671924,1631.3389997095064,2250.4760873598634,635.0560714772595,1698.2153019471727,2279.249831232685,0.060000000000002274,V,R
DCB_se2_ag1_f_01_1,2594,IY0,994,very,542.523580501937,1745.0699811985517,2418.6934122994758,603.8925174280761,2122.8293540829386,2387.1165956098994,586.7045729803717,2341.892797817778,2635.7275965399044,0.08000000000004093,R,V
DCB_se2_ag1_f_01_1,2596,EH1,995,very,605.1883233441397,1621.4445781412107,2379.621431971052,611.5642031422805,1725.5563755388869,2401.9839461968672,610.9653705174168,1755.2003918774064,2440.887650606687,0.060000000000002274,V,R
DCB_se2_ag1_f_01_1,2598,IY0,995,very,479.32867403476723,2207.9807511388826,2759.8622914034345,547.260386936036,2316.715824254341,3581.9062580497234,461.51458927904724,2379.789451458389,2860.4707909503777,0.07999999999998408,R,V
DCB_se2_ag1_f_01_1,2600,EH1,996,very,606.817484957052,1731.5414103854175,2301.5213229581427,607.8285081403113,1767.3366802260084,2298.3477884540953,607.6523957719705,1770.075108558694,2369.9450923607496,0.06999999999999318,V,R
DCB_se2_ag1_f_01_1,2602,IY0,996,very,481.7526454409168,2332.468984689647,2946.4225169010288,556.6654297176073,2329.4323414406813,2876.2771173855917,521.7219276824394,2467.664412538566,2953.853892431501,0.08000000000004093,R,N
DCB_se2_ag1_f_01_1,2604,AY1,997,nice,628.8182393637998,1914.782773219243,2622.7804972263934,683.4537988990428,1785.4295054711097,2475.54457574207,527.2636508090383,2409.572103876423,2758.8354886341617,0.12999999999999545,N,S
DCB_se2_ag1_f_01_1,2607,IY1,998,people,568.4981787971693,2903.241134598119,3134.420452180683,591.6570614568443,2652.7066861407425,3120.6181430720653,560.3698569651284,2957.768653481441,3082.0118110112408,0.06999999999999318,P,P
DCB_se2_ag1_f_01_1,2609,AH0,998,people,468.2648966087753,1095.9524944816346,2776.1202809802185,1075.2246468319215,2108.196078635471,3115.2687259427366,1075.2246468319215,2108.196078635471,3115.2687259427366,0.040000000000020464,P,L
DCB_se2_ag1_f_01_1,2612,AE1,1000,and,667.4871626935751,2161.016001865026,3107.7094074761753,902.0573218420722,2132.1818639541743,2774.1903686173077,687.701602552788,2408.453862509778,3242.8424234068007,0.13999999999998636,sp,N
DCB_se2_ag1_f_01_1,2616,EY1,1001,they,468.01604789925057,1298.5680659050633,2647.4087907288367,621.7621630836809,2353.3222552630095,3243.031698480076,575.3753244866558,2556.7465278346185,3241.3205732185293,0.09000000000003183,DH,AO1
DCB_se2_ag1_f_01_1,2617,AO1,1002,always,717.242331045344,1353.077657782361,2973.520360653323,725.9716087402132,1331.9886080683061,2926.436726168713,496.0141798426674,1804.1849784127971,3084.20504817705,0.06999999999999318,EY1,L
DCB_se2_ag1_f_01_1,2620,IY0,1002,always,590.6715206753154,2251.86941987585,3057.879959324307,638.0139850712425,1830.8560893869103,3133.5109514569285,608.7900750210807,2307.3134240043237,3083.0792751127965,0.060000000000002274,W,Z
DCB_se2_ag1_f_01_1,2623,UH1,1003,looked,615.2980056292316,1546.3595416752391,3098.25807074441,639.3076317782212,1594.140051786492,2983.061593514056,482.98001464257203,1659.2619460325607,3269.2839777583995,0.05000000000001137,L,K
DCB_se2_ag1_f_01_1,2626,AW1,1004,out,747.0484657530442,1132.1294228365746,2470.8401392323867,871.7430449934384,1636.1733329046742,2385.9110778597615,688.741682425897,1878.7920723097186,2732.054649947354,0.1400000000000432,T,T
DCB_se2_ag1_f_01_1,2629,UH1,1005,look,658.1718243562174,1481.384929856525,3263.284377209655,662.3956760505847,1489.2753337897007,3228.233758456284,593.8417140460173,1547.163897056218,3239.442382961315,0.05000000000001137,L,K
DCB_se2_ag1_f_01_1,2631,AW1,1006,out,777.8789240353623,1472.2305728578212,2339.0745922678366,780.1132254962989,1422.8991151971693,2173.0569809808508,705.0158793533234,1549.0235928074321,3044.6879616801543,0.05999999999994543,K,T
DCB_se2_ag1_f_01_1,2634,ER0,1007,for,608.0548170940215,1295.200453160691,3106.6818560943993,611.8119624245634,1411.1432697066984,2606.230234135853,605.5352108428775,1551.0650042806658,3183.306725165926,0.060000000000002274,F,DH
DCB_se2_ag1_f_01_1,2636,AH0,1008,the,542.2715202439508,1605.4444674188778,3016.4660744615167,641.5448516531833,1795.9910381274515,2996.018305082558,581.2579988803094,1841.8143400973668,3129.6231028332095,0.12999999999999545,DH,sp
DCB_se2_ag1_f_01_1,2639,EH1,1010,better,661.3592057939519,1920.30967159983,2920.829669295995,670.156045718258,1927.1960368619561,2902.8725197765116,665.194766491695,1992.6963058363117,2932.1105591455257,0.0999999999999659,B,T
DCB_se2_ag1_f_01_1,2641,ER0,1010,better,658.5841467878894,1577.3096061997244,2447.430066930815,659.2610068172575,1720.651680583492,2507.992106297963,619.2937686759315,2074.442771829809,2703.4293850150357,0.07999999999998408,T,IH1
DCB_se2_ag1_f_01_1,2642,IH1,1011,interest,578.2694800794802,1718.294274568312,2366.403790039649,651.2502060987342,2180.2529141632085,2725.445358978245,589.9639919879113,2350.99544791635,2967.284023785898,0.12999999999999545,ER0,N
DCB_se2_ag1_f_01_1,2646,IH0,1011,interest,538.3830385995368,2023.0068656253675,2767.033751647374,563.5558896706423,1940.8073169135628,2974.6492125519267,528.8435895874817,2024.209010711055,2766.179315878551,0.040000000000020464,R,S
DCB_se2_ag1_f_01_1,2649,AH1,1012,of,621.6983798677211,1824.9009091500134,3136.14058648876,622.245518954786,1826.0065000087993,3125.700756294767,620.5537904861728,1832.2797568439898,3140.786881822222,0.03999999999996362,T,V
DCB_se2_ag1_f_01_1,2652,IY1,1013,me,468.85918805383614,1215.9017138367171,2996.384173133223,651.8995877955691,2349.574326571451,3142.4551211449398,488.8013043650165,2931.591356426902,3274.3289781190474,0.19999999999998863,M,AE1
DCB_se2_ag1_f_01_1,2653,AE1,1014,and,606.6190741464467,2277.0199091240597,2980.1866147865235,659.4840596607656,2287.2589646028787,2945.112920765479,626.7431111821734,2365.3920687079317,2943.5582953869707,0.11000000000001364,IY1,N
DCB_se2_ag1_f_01_1,2655,AH1,1015,um,809.2392103783066,1500.1044905515955,1717.4445411568042,821.5149572202739,1608.6876791231055,2294.7023457624427,805.7638841628499,1789.7574052102323,2806.690747151577,0.06999999999999318,N,M
DCB_se2_ag1_f_01_1,2658,AY1,1017,i,873.0049612138754,1743.9490562263907,2288.8961908820283,927.3993836418825,1879.3401317063135,2139.4284049701114,904.4233057747025,1964.8823991117533,2240.862178384446,0.14999999999997726,,R
DCB_se2_ag1_f_01_1,2660,IH0,1018,remember,529.3769105887802,1343.1018245132775,2522.623869798987,544.6677709830208,1298.9963577891904,2440.280181652025,524.583456494533,1377.3411113806185,2425.0912191248235,0.03000000000002956,R,M
DCB_se2_ag1_f_01_1,2662,EH1,1018,remember,676.0714615609522,1452.8238754488336,2878.475318459107,688.0473531608739,1421.5766334557902,2816.4426327434894,664.6585577422086,1461.7597776039345,2891.9204454858805,0.03000000000002956,M,M
DCB_se2_ag1_f_01_1,2665,ER0,1018,remember,600.2396772430003,878.940687385669,3194.180598653812,617.842505993882,1035.8279320313188,3299.9069263436095,589.2885862698972,1456.3523678194733,3162.6327519514257,0.05000000000001137,B,W
DCB_se2_ag1_f_01_1,2667,AH1,1019,one,702.7806688839363,1434.3532754178705,2490.822438398642,737.1640246647303,1036.1974796948443,2353.570991970818,698.3489782347284,1665.8694370855096,2130.3076948565135,0.05000000000001137,W,N
DCB_se2_ag1_f_01_1,2670,AY1,1020,time,820.291170301793,1610.7077705210818,1751.9274094054488,868.7215475268808,1734.5646219122489,1879.7696350025496,852.8496042617413,1766.4899367350467,1822.0770166837567,0.07999999999998408,T,M
DCB_se2_ag1_f_01_1,2673,IH1,1021,when,634.9302659787988,1742.020394675888,3279.3857171139384,650.7025753663767,1673.856635943415,3268.0757202245272,630.7929169867496,1807.5253001341346,3245.7437469379306,0.040000000000020464,W,N
DCB_se2_ag1_f_01_1,2676,AY1,1022,my,882.592150474298,1595.5305074920705,2234.8673148513567,955.9003692554244,1485.205665796958,2135.4596520673285,635.2321199605107,1517.7763198308362,2320.6744859061764,0.06999999999999318,M,G
DCB_se2_ag1_f_01_1,2679,AE1,1023,granddad,654.9350914984823,1436.7394562256877,2148.4156313422363,656.0296223001893,1355.2938735676419,2146.097069924088,648.775331278478,2181.528298314035,2917.964468771299,0.08999999999997499,R,N
DCB_se2_ag1_f_01_1,2682,AE1,1023,granddad,595.1621927708541,2402.2024912902452,3014.0624941102897,628.5408089165564,1145.662260949618,2621.3751161073615,592.537237542869,2405.9082794670803,3062.76178328416,0.160000000000025,D,D
DCB_se2_ag1_f_01_1,2685,AH0,1024,was,438.7265635511206,1617.8074377450562,3115.809283584466,561.499518399399,1602.3268419082442,3106.2230339253547,399.7237191097536,1660.5449216334089,3008.273759602119,0.03999999999996362,W,Z
DCB_se2_ag1_f_01_1,2688,AY1,1025,like,779.0317729056479,1794.8276524145397,2701.6847994155564,781.0242299209173,1739.835929373447,1940.7755015856405,735.601023492917,1879.957485951372,2652.206470774328,0.11000000000001364,L,K
DCB_se2_ag1_f_01_1,2692,AA1,1027,cause,506.36409582687077,1986.590653297969,3086.46811767148,508.7824629025343,1947.0489680626376,3022.21233203934,497.9346965495248,2223.0852455910826,3151.133621195491,0.040000000000020464,K,Z
DCB_se2_ag1_f_01_1,2695,IY1,1028,he,488.7714367225808,2703.287809210161,3126.9573855035615,564.894669179469,2052.597506031936,3118.374635073184,483.9993145496752,2775.197031675479,3082.025338308964,0.09000000000003183,HH,Z
DCB_se2_ag1_f_01_1,2698,IY1,1030,he,503.80495230865967,2218.362226283777,3111.242115247021,587.4523914222159,2087.614531015617,3105.3543925478853,515.1746094967606,2743.8699028686747,3089.722016459374,0.09000000000003183,HH,Z
DCB_se2_ag1_f_01_1,2701,EH1,1032,never,708.4635304433675,1958.7404173301054,2217.3991704863156,739.8052648171088,1939.0821801738516,2299.693047524419,686.4787151414201,1958.8871278220986,2028.9657424992424,0.049999999999954525,N,V
DCB_se2_ag1_f_01_1,2703,ER0,1032,never,476.2360241271223,1642.4616467972326,2479.098071676633,648.0671708022328,1736.34156636729,2435.847160192297,628.9378018488914,1833.8728812431114,2739.0034707865807,0.029999999999972715,V,HH
DCB_se2_ag1_f_01_1,2705,IY1,1033,he,506.1662486658312,2400.008360059673,3005.688507735215,529.90689120684,2264.8689851602803,2989.8581756151084,430.4202300251033,2573.180171877214,2951.5445409645417,0.049999999999954525,HH,Z
DCB_se2_ag1_f_01_1,2708,EH1,1035,never,659.6700662563758,1878.3628244492324,3065.8856232057815,705.3674565428649,1662.4523624486928,3046.806368061433,640.9166852593529,2010.9631568467053,3161.6516887682005,0.05000000000001137,N,V
DCB_se2_ag1_f_01_1,2710,ER0,1035,never,529.4760519933163,964.321219543406,2892.634886489227,535.781711208407,929.6069082408642,2477.1724645988884,490.1957270937004,1426.5819221672505,2666.844043250736,0.09000000000003183,V,W
DCB_se2_ag1_f_01_1,2712,UW1,1036,whooped,563.3551971784412,1383.0352371726397,3244.910612075528,645.9694635023614,1354.4971207440133,3298.465001715543,595.2482849991604,1398.6347629420227,3296.543540290755,0.06999999999999318,W,P
DCB_se2_ag1_f_01_1,2716,IY1,1037,me,457.74395152439365,2600.3514025297277,2995.2377906997067,458.9623351295611,2424.588016123907,3025.7591150181092,457.7436457051946,2600.215013446278,2995.266787179306,0.08000000000004093,M,B
DCB_se2_ag1_f_01_1,2718,IY2,1038,before,497.3321057010098,1220.5590534700668,3014.661143507372,619.4938660537448,1874.3206277579275,3017.973849146142,595.3346508898368,1898.9700250990288,2907.8326913423816,0.08999999999997499,B,F
DCB_se2_ag1_f_01_1,2720,AO1,1038,before,491.41466962874716,765.5500290031204,3231.7320719613053,670.7026535032533,1188.8878378266163,2752.1028205764387,670.7026535032533,1188.8878378266163,2752.1028205764387,0.16999999999995907,F,R
DCB_se2_ag1_f_01_1,2724,IY1,1040,he,496.3995684405586,1843.3335114890888,2832.119579670035,552.9733359167877,2167.073238999802,2883.47330797523,523.4633940022961,2603.2234705022847,2943.826834280843,0.06999999999999318,HH,Z
DCB_se2_ag1_f_01_1,2727,EH1,1042,never,677.2340641372174,1041.1557409486136,2400.9255800363107,725.5832841182573,1906.021035835914,2851.9032096500737,594.6243259153317,2033.2055238322312,3457.2361472364437,0.06999999999999318,N,V
DCB_se2_ag1_f_01_1,2729,ER0,1042,never,559.9481246048755,1480.2236951061634,2363.860689930715,576.1647666936176,1409.0643514579492,2457.334145883623,547.1516065005588,1515.5256609750782,2496.770102293928,0.060000000000002274,V,L
DCB_se2_ag1_f_01_1,2731,AY1,1043,like,749.7407731374172,1323.8847508572364,2016.0230726774644,898.740883033448,1591.8362062138194,2059.6399223968588,642.6232724606008,2258.6219077876754,3260.926613549722,0.09000000000003183,L,K
DCB_se2_ag1_f_01_1,2735,IH1,1045,really,531.5288246763138,1699.7304573461852,1894.3771898227365,532.3710187676116,1729.6142590693519,1848.280093399534,511.85451603912026,1863.0975862896983,3477.178327633443,0.05000000000001137,R,L
DCB_se2_ag1_f_01_1,2737,IY0,1045,really,460.6997155109039,2426.5613559906305,3032.390192636603,489.1022256950947,2398.9650056478467,3071.9327977884277,411.04891983897494,2760.7583878482374,3237.173480144014,0.07999999999998408,L,Y
DCB_se2_ag1_f_01_1,2739,EH1,1046,yelled,601.0099157150885,1862.9623027861142,2967.1391809226675,648.0792628153649,1366.2805605179697,3272.185153888507,467.0858016326413,2434.203800789594,3144.4598641012067,0.07999999999998408,Y,L
DCB_se2_ag1_f_01_1,2742,AE1,1047,at,640.7561139016337,2119.318416049783,3144.7417838437227,658.1502356173628,1830.5766010594434,2028.4109492142227,638.4686567879961,2135.1802433791304,3156.8813963698467,0.060000000000002274,D,T
DCB_se2_ag1_f_01_1,2745,IY1,1048,me,483.0738593759005,2860.5600185959834,3180.870899896722,490.4185519121469,824.2153014994618,2982.097240650732,490.14584681666406,2927.3250736887053,3129.451899967631,0.07999999999998408,M,B
DCB_se2_ag1_f_01_1,2747,IY2,1049,before,543.6050961787553,1165.8283128391333,3052.1761036365756,570.2482210186755,1115.829657078992,3087.2692826389034,521.7658099746179,2033.1912362480373,2765.9081051506673,0.05000000000001137,B,F
DCB_se2_ag1_f_01_1,2749,AO1,1049,before,489.063633371767,717.5325559395151,3147.902168706969,668.4644128215056,1140.6087466647723,2317.9196471261707,668.4644128215056,1140.6087466647723,2317.9196471261707,0.14999999999997726,F,R
DCB_se2_ag1_f_01_1,2753,AH1,1051,but,498.41015637965893,1125.0888486939066,3074.6761074526084,503.7000139408173,1152.5502266319054,3056.153983858107,493.00414324094714,1431.6929984495387,3068.705691514341,0.03000000000002956,B,T
DCB_se2_ag1_f_01_1,2756,AH1,1052,one,856.7155899773517,913.4066089638599,1603.2895022632376,816.8017291852964,898.8176364707169,1613.3614043548882,804.4962627840555,1715.163347997644,3312.6461239720093,0.03999999999996362,W,N
DCB_se2_ag1_f_01_1,2759,AY1,1053,time,954.5173045886255,1696.0323527156463,3409.300263244083,995.0507323962003,1733.1821511689345,3088.346334749836,804.5124450465089,1807.0477923914134,3433.5399801541275,0.07999999999998408,T,M
DCB_se2_ag1_f_01_1,2762,IY1,1054,he,529.3026619573128,2274.99544839483,3166.660883751651,699.7448604200596,2151.9472261161727,3222.2799731646905,492.7753164953868,2811.5195216312222,3063.206291533537,0.07999999999998408,HH,S
DCB_se2_ag1_f_01_1,2764,EH1,1055,said,518.3423328368089,2181.2388994315447,3314.82766600029,560.7446606402161,2110.7989636673174,3269.618682160006,489.28255917782127,2331.9001031568023,3320.659884115854,0.03000000000002956,S,D
DCB_se2_ag1_f_01_1,2767,IY1,1056,he,522.3511237335099,2433.7953205042677,2906.408888213444,523.2250594538228,2453.6872948766827,2899.5880139439755,520.8898537722006,2733.2489743538904,3070.5292485058108,0.05999999999994543,HH,W
DCB_se2_ag1_f_01_1,2769,AH0,1057,was,429.9169318202227,1710.5370842084126,3125.614301854196,449.1447641769323,1683.8133322817118,2938.511987276266,434.3611814765082,1735.65024893406,3142.702024841462,0.03000000000002956,W,Z
DCB_se2_ag1_f_01_1,2772,IH2,1058,disappointed,487.10308399452254,1977.6965368325007,3189.343727902008,510.64261817656023,1954.0355698514695,3175.458364934722,465.3532300425137,2040.3602125102227,3250.0688645694354,0.06999999999999318,D,S
DCB_se2_ag1_f_01_1,2774,AH0,1058,disappointed,579.8717466501118,1451.548551530381,3257.956244461573,594.4667006716603,1494.1062024575256,3272.7613357908026,554.8333641552797,1812.3198272351726,3226.4744420166235,0.08000000000004093,S,P
DCB_se2_ag1_f_01_1,2776,OY1,1058,disappointed,703.1400343834737,1517.7991784144783,2718.106749508174,684.1302054540062,1598.2425719933617,2786.143727149715,657.5522261755297,2181.4593107058176,3361.5734616137297,0.08999999999997499,P,N
DCB_se2_ag1_f_01_1,2779,IH0,1058,disappointed,646.3844180490894,2043.6947681299866,2375.1031154110697,647.3251975217263,2024.5491919404374,2372.9268720905748,542.5004652956676,2373.590674975153,3413.182265840876,0.060000000000002274,T,D
DCB_se2_ag1_f_01_1,2781,IH1,1059,in,584.1691979247894,1495.099692715247,2469.220361456108,638.5378433300983,2407.164071453742,3666.7956109116717,638.4526010588099,2407.129891138687,3670.894516931565,0.08999999999997499,D,N
DCB_se2_ag1_f_01_1,2784,IY1,1060,me,516.4740831430624,2924.2000102313627,3658.871650978299,568.9579368808269,2564.4951100759667,3175.0835535466335,514.7194109742537,2973.760779828416,3270.567394491591,0.11000000000001364,M,AH0
DCB_se2_ag1_f_01_1,2785,AH0,1061,and,601.9450802121663,2162.2070289090925,3295.557332714516,609.957652294462,2153.1681649513203,3229.807398251788,575.6899809133339,2328.7493205802266,3608.714256071206,0.03999999999996362,IY1,N
DCB_se2_ag1_f_01_1,2788,AE1,1062,that,748.5050672188771,1416.368682711367,2052.9157417970946,750.2855490217619,1404.0348423778596,2044.1895163568406,677.3206942615057,1983.3054899211365,3301.604065311908,0.07999999999998408,DH,T
DCB_se2_ag1_f_01_1,2792,OW1,1063,broke,514.295994873236,899.17980564927,2661.2663425272626,585.1270972024763,1106.395538544408,2509.127925965013,563.3550396197975,1124.3963281044373,2481.197044099739,0.09000000000003183,R,K
DCB_se2_ag1_f_01_1,2795,IY1,1064,me,462.90229134478295,786.635569537927,2943.47338054814,632.3536653300433,1508.8926918849365,2822.388478408099,534.5539784830572,2860.414706848802,3589.295872190258,0.18999999999999773,M,
DCB_se2_ag1_f_01_1,2798,AW1,1066,down,669.5204954837382,1968.114383958738,2177.4224484455026,694.0790753944373,1595.9409469279965,2987.9030239331164,653.9248133397668,2115.0167686761374,2128.789326681438,0.20000000000004547,D,N
DCB_se2_ag1_f_01_1,2802,AY1,1068,like,599.7081371277305,2264.3737096710156,3387.119754167453,664.2850612220111,2107.284763703415,3479.8427604698063,578.4123569767924,2503.983050239022,3518.641959209109,0.03000000000002956,L,K
DCB_se2_ag1_f_01_1,2805,AY1,1070,i,1100.3166512027121,1682.8028403602561,2448.652013350019,1151.019706377363,1734.1999299427164,2903.0502057041394,1108.828454752305,2085.7635815503727,2477.464475273013,0.19000000000005457,sp,W
DCB_se2_ag1_f_01_1,2807,AH0,1071,was,480.7723017597027,1370.4103202248643,2886.9330004620874,492.8988688956103,1547.691320110614,2003.9945353704043,443.90519820125337,1682.4987344137262,2475.4279653473827,0.040000000000020464,W,Z
DCB_se2_ag1_f_01_1,2809,IH1,1072,in,481.4270878843838,2816.843086194739,3553.197304365511,560.6647872795406,1617.0973523780974,3005.108768467546,468.31072268568556,2829.166744434799,3533.756305257706,0.1099999999999568,Z,N
DCB_se2_ag1_f_01_1,2813,IH1,1074,tears,564.9923458357437,2479.0732690778736,2880.585256482896,626.658392484061,2481.230164835889,2812.974628836398,548.7255173698614,2910.342546125939,2954.685355158655,0.3299999999999841,T,R
DCB_se2_ag1_f_01_1,2817,EH1,1076,everywhere,792.9972592802518,1464.955573139358,2347.797811963525,814.8038017367513,2026.3551580914398,2269.297400313456,807.8994702177484,2061.579991215805,2390.591733402136,0.09000000000003183,sp,V
DCB_se2_ag1_f_01_1,2820,IY0,1076,everywhere,463.53293279432535,1417.9419371252138,2661.4573763712788,488.68082242392296,1141.4745763100236,2355.293345953537,461.1248896307945,1466.7323151921037,2686.6848731741375,0.060000000000002274,R,W
DCB_se2_ag1_f_01_1,2822,EH2,1076,everywhere,520.3299917227479,1152.7675755934172,2457.2104913482353,581.8546714683192,2312.3057692643124,2914.0946902462692,574.7444199287655,2307.841157076388,2919.3243848424718,0.06999999999999318,W,R
DCB_se2_ag1_f_01_1,2825,AA1,1077,sobbing,1010.852745688933,1360.0811977070814,2975.9765354019764,1025.7196866964237,1372.5505070892314,2914.3235985721017,777.1207079623933,1492.3153213846645,3414.741093858509,0.18999999999999773,S,B
DCB_se2_ag1_f_01_1,2827,IH0,1077,sobbing,583.8371422609692,2000.2538973063608,2974.20227455799,610.1239991528395,1996.37563513108,3055.9768210116613,583.6681424003445,2001.0010534452858,2980.150197711524,0.07000000000005002,B,NG
DCB_se2_ag1_f_01_1,2830,AY1,1078,like,686.804528622016,2006.8346704028759,2555.06678630465,728.5298983014746,1762.9169699130496,3136.585163314721,580.4320109849734,2425.576452994976,2740.11576216619,0.060000000000002274,L,K
DCB_se2_ag1_f_01_1,2833,AA1,1079,mom,669.4196294984299,1187.4443862019398,3636.15949167636,717.9169792611,1101.4436247616347,3299.4296476065942,682.7537537327729,1214.6922105552578,3430.221626113345,0.09000000000003183,M,M
DCB_se2_ag1_f_01_1,2838,AE1,1081,granddad,656.0461738323147,1741.6060535888864,2356.4784701516046,709.4048863844585,1126.8235320790525,1736.4018420924199,655.7669157090594,1784.0085430457239,2424.088252805205,0.10000000000002274,R,N
DCB_se2_ag1_f_01_1,2841,AE1,1081,granddad,792.4583916162206,1909.6696128823514,2383.104115077684,812.3469961193232,2006.9437378534124,2558.3648426493173,604.7001348859762,2095.1662293248373,2246.8953173211494,0.10000000000002274,D,D
DCB_se2_ag1_f_01_1,2843,IH0,1082,is,523.7796589280889,2005.1529036406887,2627.794048857355,542.0109279840655,1971.3091838639157,2695.5055908395598,528.8418784442664,2082.07850131006,2749.5209591078406,0.06999999999999318,D,Z
DCB_se2_ag1_f_01_1,2846,AE1,1083,mad,785.067729762555,2176.9093330880805,2825.876161479737,785.1453548429538,2168.3634225697424,2785.7440172058496,748.1191293387669,2254.3461467515262,3351.1460662354993,0.17000000000001592,M,D
DCB_se2_ag1_f_01_1,2848,AE1,1084,at,669.2033954536115,1989.8870466056542,2289.5072530959756,684.9240714062421,1973.9551578266116,2407.846695207858,657.0208518259634,2226.2290776359923,2423.4586524191755,0.06999999999999318,D,T
DCB_se2_ag1_f_01_1,2852,IY1,1086,me,470.4918117741295,1602.8384977155092,2795.3135405592034,546.4805693200702,1769.2625652245415,2924.9480471048255,488.3119180781852,2771.7276699299264,2905.8303796705563,0.20999999999997954,M,
DCB_se2_ag1_f_01_1,2855,AE1,1088,and,627.5337439360558,1884.9209398709029,2281.4836097797133,695.3579771706726,1740.6596940672803,2841.375159289746,642.4600174713019,2251.4082588858387,2802.7406465822287,0.049999999999954525,sil,N
DCB_se2_ag1_f_01_1,2857,IH1,1089,it,597.095851670743,2301.824910039188,3220.1781883985473,601.3828211778493,2301.226857322896,3190.0601351602045,547.646734854777,2331.988471315145,3252.7814033775926,0.060000000000002274,N,T
DCB_se2_ag1_f_01_1,2859,IH1,1090,it,540.1895631991904,2346.5348535489097,3262.7268714597967,651.2786532226127,2327.057827749904,3237.335068217053,580.112588720845,2470.7668230830936,3539.261802252192,0.07999999999998408,T,T
DCB_se2_ag1_f_01_1,2862,EY1,1091,made,532.8813299516133,2489.343287895776,3025.7323108266296,643.1086695342754,2259.607959189344,3489.9882302554042,520.2509987122231,2600.7886839732882,2910.953487919764,0.060000000000002274,M,D
DCB_se2_ag1_f_01_1,2865,IY1,1092,me,507.3941369363421,1355.9291898878098,2700.566545177489,508.3636637263044,1342.0458865918577,2689.2012206052354,431.3162880093472,1761.1344088897433,2806.6081830185817,0.05000000000001137,M,F
DCB_se2_ag1_f_01_1,2867,IY1,1093,feel,544.2430530848718,1450.4278005836345,2565.682817862305,1457.4042619707627,2644.3732099836234,4074.073086164849,1457.4042619707627,2644.3732099836234,4074.073086164849,0.05000000000001137,F,L
DCB_se2_ag1_f_01_1,2870,IH1,1094,really,515.2674084367965,1625.2744353445682,2740.2007530963197,516.5448692801258,1574.5192353457232,2514.483375815883,502.7929276521171,1713.7821596964593,2975.2078210773925,0.05000000000001137,R,L
DCB_se2_ag1_f_01_1,2872,IY0,1094,really,511.79626240879867,1948.3772908768633,2733.7216521004148,580.6003210282013,2092.6894406297743,2925.2946394633145,557.5454249040404,2394.5196781425234,2953.4701102707218,0.07999999999998408,L,B
DCB_se2_ag1_f_01_1,2874,AE1,1095,bad,662.7294948291976,1139.629607634323,2165.219516928041,662.7042017450993,1142.0658682388835,2167.282808324798,646.7466249068545,2180.7131339793036,3230.3568670668888,0.1099999999999568,B,D
DCB_se2_ag1_f_01_1,2877,OW1,1096,so,587.8218474974406,1349.4249392040824,3450.7961332956074,650.5169583755328,1512.3675535599743,3252.6111600351483,624.2458384246232,1549.0314239589618,3205.148840942054,0.08999999999997499,S,DH
DCB_se2_ag1_f_01_1,2879,EY1,1097,they,509.1946294406196,1644.3591723356164,2532.917359624025,552.5457540921353,1775.9593189941086,2889.5924101337027,500.5579147455514,2395.6636588052074,2660.83184637028,0.10000000000002274,DH,HH
DCB_se2_ag1_f_01_1,2881,OW1,1098,hold,600.8737830729515,972.3958501782505,3324.1076977299745,657.2731931643607,1116.2754283764298,2904.764325078826,657.2628241912108,1163.7870261002681,2485.321095085845,0.06999999999999318,HH,L
DCB_se2_ag1_f_01_1,2885,IH1,1099,really,585.436137828308,1506.2937781442035,2141.0228280679435,589.116462893895,1593.9275216103742,1981.6964178070566,589.5822963967225,1609.9754009924297,1951.5868220076309,0.05000000000001137,R,L
DCB_se2_ag1_f_01_1,2887,IY0,1099,really,502.2174650371094,2743.4586314426892,3102.655241964345,524.6043070155621,2295.032403935535,3223.297417419396,490.1865229958288,2749.6561852720233,3161.956268478134,0.06999999999999318,L,HH
DCB_se2_ag1_f_01_1,2889,AY1,1100,high,909.2985565429017,1677.0798676041536,2328.318554223218,938.714295620762,1592.4835512708564,2123.856464233102,793.4554401552639,1911.7502499672792,2877.8884742616337,0.11000000000001364,HH,S
DCB_se2_ag1_f_01_1,2892,AE1,1101,standards,638.020682038564,2167.5380082303727,3004.0204373551232,642.6119900018214,2146.211872721546,3042.3849288347665,638.8727026669487,2473.07388138733,3673.92371688439,0.07999999999998408,T,N
DCB_se2_ag1_f_01_1,2895,ER0,1101,standards,595.8993183134234,2135.711649674832,2637.760740866187,598.2377590436975,2016.5942948552097,2562.0442584070297,596.3763660865469,2151.8923853566153,2598.620103871631,0.060000000000002274,D,D
DCB_se2_ag1_f_01_1,2900,IH1,1103,in,650.8592500965738,2170.948210652285,3008.1161127651435,875.9050858719932,1831.1962574270208,2898.627438527235,641.409231380066,2387.3242640729177,3106.7502635584315,0.060000000000002274,sil,N
DCB_se2_ag1_f_01_1,2903,AY1,1104,my,783.6058291015526,1421.8992058868798,2595.575823544287,919.9536068698253,1488.1677468464156,2576.093255804729,773.9628302833343,1568.7224942962227,2758.5602246663807,0.12000000000000455,M,L
DCB_se2_ag1_f_01_1,2905,AY1,1105,life,662.1850798915536,1262.8214553072426,2942.194671181913,801.6059615585402,1122.9529774993252,1699.7912746871446,613.8470003705661,2414.6929777766877,3171.040910886887,0.11000000000001364,L,F
DCB_se2_ag1_f_01_1,2907,AE1,1106,and,571.152201339058,2216.3251351758026,3279.800484518427,640.7754885824479,2201.382957936216,3315.789957336616,630.0723107063563,2253.8089182657072,3244.8723145292392,0.05000000000001137,F,N
DCB_se2_ag1_f_01_1,2910,EY1,1107,they,589.9737348615213,2469.860969015102,3113.2372078634894,620.1461665645479,2293.8400545413488,3166.3481941296445,591.5140137962237,2468.2968434861336,3111.53693110286,0.060000000000002274,DH,AO1
DCB_se2_ag1_f_01_1,2911,AO1,1108,always,620.9532234604303,1277.0885746064164,3011.300422368027,689.8577531504525,1162.665169072566,3347.5354563017686,618.821225809711,1866.7114705505603,3054.2366888279216,0.07999999999998408,EY1,L
DCB_se2_ag1_f_01_1,2914,IY0,1108,always,469.76937554634526,2375.704523540029,3018.2804310022025,604.8335609863504,2019.0630111713363,3157.9302053599927,475.36889462316867,2443.9104328971803,3032.2720053644407,0.07000000000005002,W,Z
DCB_se2_ag1_f_01_1,2917,EY1,1109,make,621.3111439417853,2440.207574848339,3244.802858969238,621.9082728081299,2489.694332766899,3373.037145832527,618.6654939270318,2640.8662786747796,3011.740042318524,0.03999999999996362,M,K
DCB_se2_ag1_f_01_1,2920,UH1,1110,sure,648.507090317723,1343.7296819665694,3167.1189575396866,690.5911271606889,1196.7955356662544,3050.253724348227,622.8431946408963,1554.8798526044463,3055.55385350968,0.03000000000002956,SH,R
DCB_se2_ag1_f_01_1,2922,AY1,1111,i'm,795.0055431456531,1325.6194856321893,2114.771241794068,834.8720482328088,1333.0602528715053,2027.2090811477162,759.8502974718019,1410.8600963389254,2130.373240809653,0.05000000000001137,R,M
DCB_se2_ag1_f_01_1,2925,UW1,1112,doing,586.4939236530171,882.1104605702178,2478.0640054947125,630.5062924158879,880.793955647129,2300.694900471874,461.44701878470613,1881.3872742578274,2654.484484442191,0.12000000000000455,D,IH0
DCB_se2_ag1_f_01_1,2926,IH0,1112,doing,607.435625181368,1466.7355249487357,3054.5255306951267,630.0647795283736,1119.7273522218272,2244.6779330152935,551.4156430094242,1630.8474153770112,2332.1149944282206,0.049999999999954525,UW1,NG
DCB_se2_ag1_f_01_1,2929,AH0,1113,the,430.35192978096876,1498.9006649132853,2595.824473112102,593.3316220632557,1751.8674725918577,2927.13561438268,571.6465004630143,1800.418100605305,3011.872122790054,0.10000000000002274,DH,B
DCB_se2_ag1_f_01_1,2931,EH1,1114,best,717.3839187692665,1875.4074521076627,2942.252103376067,788.6091697108575,1964.7785363815246,3139.204949281762,638.9168091764828,2004.1480553378274,2987.2169836553803,0.11000000000001364,B,S
DCB_se2_ag1_f_01_1,2935,AH0,1115,that,547.4599102864481,1731.280513651973,3051.978783405179,765.3005580603831,1830.2059216731814,3042.86047103132,765.3005580603831,1830.2059216731814,3042.86047103132,0.03000000000002956,DH,T
DCB_se2_ag1_f_01_1,2937,AY1,1116,i,915.5130997433624,1618.4116104693865,2354.156924087011,917.7903412039371,1654.1036577045925,2428.3435476083328,887.8670554247025,1858.9147246342097,2517.5310640396547,0.08999999999997499,T,K
DCB_se2_ag1_f_01_1,2939,UH1,1117,could,633.2737397191812,1223.2682880061582,3042.165235743273,704.5325534879607,1481.3165835474015,2685.890896900868,659.6431135366907,1487.0558465026572,2889.7744089780067,0.040000000000020464,K,D
DCB_se2_ag1_f_01_1,2942,AA1,1118,possibly,827.5753180705487,1361.832608918735,3016.71614110413,829.1184072813857,1366.8833287983819,3028.1404959574375,651.7501878250018,1552.9311716645525,3068.7302130365943,0.1099999999999568,P,S
DCB_se2_ag1_f_01_1,2944,AH0,1118,possibly,427.69406909430097,1597.082563564084,2968.2572724733163,718.4784129257034,1754.985284590743,3040.172313197808,457.58963183947736,1874.507440351006,3075.6823923544994,0.07999999999998408,S,B
DCB_se2_ag1_f_01_1,2947,IY0,1118,possibly,379.6247686944997,1673.6990927142954,2830.363565580464,379.5328433622722,1676.219274043782,2832.7164557927454,378.18583436382465,2102.8899357074247,2813.039305487399,0.06999999999999318,L,D
DCB_se2_ag1_f_01_1,2949,UW1,1119,do,439.84681206826986,1742.4973091085135,2932.027781727164,648.7092913422126,2122.040116143324,2572.8292625038584,437.5218702089713,2173.9228258357357,2948.514162571218,0.13999999999998636,D,sp
DCB_se2_ag1_f_01_1,2952,EH1,1121,they're,591.4223383314275,2106.735513427535,3181.530640306265,666.4473014822164,1946.3322722010807,2946.5579640023625,551.3356290890127,2135.000114331137,3274.5532735399183,0.03000000000002956,DH,R
DCB_se2_ag1_f_01_1,2955,OW1,1122,both,662.4679247531602,1284.9568753944225,4040.7387174988476,664.0868174560086,1272.9305240066317,3819.269260828079,660.9642554501984,1311.5840091114794,3155.645394288534,0.060000000000002274,B,TH
DCB_se2_ag1_f_01_1,2959,IH1,1123,still,538.2739309088482,1574.1639282388248,3392.431742532973,582.2974427764455,1565.185277561096,3607.1381955428033,580.9360194075033,1684.7201116596664,3367.394640600103,0.03000000000002956,T,L
DCB_se2_ag1_f_01_1,2962,IH1,1124,living,651.6146985416487,1589.1306686488115,3272.636135956978,654.219181204883,1572.7926012091125,3225.873718415445,652.2692616968766,1594.7775006479108,3276.18349753593,0.03999999999996362,L,V
DCB_se2_ag1_f_01_1,2964,IH0,1124,living,649.484878544197,1644.6038385062495,2789.0843185708204,649.4483590908425,1643.5519550511829,2757.538340605497,646.6882814805673,1689.8023961080312,2127.6735170990423,0.05000000000001137,V,NG
DCB_se2_ag1_f_01_1,2968,AY1,1126,my,724.1573806301541,1795.4552288891225,2702.8955008299295,809.3696508704235,1800.4859861288253,2614.421211985701,691.6764765117749,1831.6629537024687,3122.1672925240355,0.06999999999999318,M,G
DCB_se2_ag1_f_01_1,2971,AE1,1127,grandmom,742.2259420976002,1698.0302971388785,2183.0288530351913,748.4343356729851,1655.6423858937217,2330.635338973253,746.3216773594268,1709.289504055118,2277.4865533777947,0.03000000000002956,R,N
DCB_se2_ag1_f_01_1,2975,AA1,1127,grandmom,797.9530860565654,1621.0496544726732,3319.578880886449,793.7616885656884,1612.0867526190912,3414.3986808913037,797.6485303491834,1621.1219313380932,3322.4651829222366,0.040000000000020464,M,M
DCB_se2_ag1_f_01_1,2978,IH0,1128,just,500.75904852298913,1597.037563411491,3341.6918357626837,515.559292660924,1533.9355198190783,3280.2262941854233,480.3486666358773,1915.2388390517024,3320.511768198492,0.06999999999999318,JH,S
DCB_se2_ag1_f_01_1,2982,IY0,1129,retired,452.8407439299826,1899.6844186138972,3003.3017350190435,506.677203363839,1262.0925127013775,2858.257015741648,452.60103141940914,1891.5091536474329,2995.1761591991267,0.05000000000001137,R,T
DCB_se2_ag1_f_01_1,2984,AY1,1129,retired,679.1494745167056,1358.29647265187,2699.750012224126,854.086892152821,1244.8714216444503,2137.0530549823234,567.7095298543713,2431.8529097750948,3169.819834309831,0.25,T,ER0
DCB_se2_ag1_f_01_1,2985,ER0,1129,retired,603.764707305141,1892.375078545062,2162.106434939491,623.4831343916599,1822.3502884059758,2185.94639622477,609.2686269672505,2105.4997831202118,2908.301764703848,0.06999999999999318,AY1,D
DCB_se2_ag1_f_01_1,2988,AE1,1130,last,644.2144004951366,2217.366736840197,3110.9597487475125,650.7534400354646,2244.0752415936345,3242.2392832911737,648.8796394147263,2281.146540912998,3298.8165510540803,0.12999999999999545,L,S
DCB_se2_ag1_f_01_1,2991,IH1,1131,year,483.7303077077046,2370.187654335552,2706.59130711701,510.3845342200549,1900.8476171631135,2284.961131426752,484.33193172051557,2539.2864375610197,3006.034681032027,0.1500000000000341,Y,R
DCB_se2_ag1_f_01_1,2995,OW1,1133,so,538.8701085392694,1253.1914684836565,3175.567876728797,606.6270901375523,1740.8908580172592,3110.3699625231616,607.1883342778626,1744.0500602002164,3110.423638897179,0.19999999999998863,S,sp
DCB_se2_ag1_f_01_1,2998,EH1,1135,they're,555.9189913115572,2290.4072570132407,3354.779864488088,636.9800876012157,2269.9907826321264,3443.036943286369,500.4248204450802,2595.2984417653984,3701.83100710938,0.12000000000000455,DH,R
DCB_se2_ag1_f_01_1,3001,EH1,1137,f,1009.0924738392611,1829.301476403547,2802.9657065248434,1114.0865685609326,1936.0254661253045,2989.8205614013978,1086.9041700647645,1925.9991876817069,3013.8922552665013,0.03000000000002956,sp,F
DCB_se2_ag1_f_01_1,3007,AY1,1141,my,727.7777979485026,1771.1206217694028,2484.055064644944,817.1130327917516,1767.6616420139117,2464.9171227094116,669.4622266938642,2003.6268535066258,2324.439449514576,0.0999999999999659,M,G
DCB_se2_ag1_f_01_1,3010,AE1,1142,granddad,610.2243590278657,1946.9614055495995,2513.5341241558717,666.119816510434,1884.2915831332336,2364.3957641524967,592.9206907280378,2066.6076382576753,2519.4485831602365,0.03000000000002956,R,N
DCB_se2_ag1_f_01_1,3013,AE1,1142,granddad,620.6586987466253,2347.7343457942584,3146.51827264638,669.1273215775177,2252.443231079234,3185.575959408436,636.2259413617793,2423.3831326005925,3099.3756297159002,0.12000000000000455,D,D
DCB_se2_ag1_f_01_1,3019,IH1,1146,sixty,516.9901995078977,2240.108770461382,2813.2831838169627,533.6808864203641,2222.5120777214684,2966.2625926084434,523.7726997597623,2289.0660115458422,2855.7392200443414,0.049999999999954525,S,K
DCB_se2_ag1_f_01_1,3023,IY0,1146,sixty,472.9481675752052,2775.1253845018987,3992.0511435732546,535.0405772155833,2817.0065533608704,3163.729567464223,539.1191785437737,2823.1494539878568,3162.474091346709,0.06999999999999318,T,S
DCB_se2_ag1_f_01_1,3025,AH1,1147,something,779.5577618443614,1560.894236515496,2853.643086747659,778.8826016369364,1554.3843150409461,2828.2190548353406,599.6083205006307,1764.36109528998,3217.2285079032044,0.06999999999999318,S,M
DCB_se2_ag1_f_01_1,3028,IH0,1147,something,529.2777012163873,1947.538377340864,2999.139164391553,654.7801256614134,1900.5740980556932,3048.3379193796713,542.9810942441668,2081.4644800710544,3030.763002334691,0.03999999999996362,TH,NG
DCB_se2_ag1_f_01_1,3032,IY1,1149,he,448.35189190741045,2381.993792455095,2844.5998275880434,453.33047607743543,2562.680573558261,2926.5340470441733,435.90169841033776,2735.611501903053,2886.2070834073916,0.05000000000001137,HH,Z
DCB_se2_ag1_f_01_1,3035,AY1,1151,like,712.4743695524623,1904.3890714279328,2406.243296298737,777.5969966823874,1793.5244652365363,2620.1994016584963,619.98769900948,1956.6413663090289,2970.2705476266606,0.06999999999999318,L,K
DCB_se2_ag1_f_01_1,3038,OW1,1153,old,511.8159620764976,876.9156834968617,3252.4119830823724,728.3724415083975,1330.1555247001443,2512.766850166672,693.4281455957374,1550.6142214272434,2302.1792210724034,0.17000000000001592,sp,L
DCB_se2_ag1_f_01_1,3042,IH1,1154,sixties,494.12995006957755,2127.579484231407,2939.720624208124,512.7662300590449,2102.943618999851,2696.7985784190128,511.5741876631697,2191.166798532954,2247.6627722248663,0.03000000000002956,S,K
DCB_se2_ag1_f_01_1,3046,IY0,1154,sixties,430.433781615733,2337.3571506926583,2920.0900953046903,465.7125374003668,2136.1593166128855,3009.3274346714716,416.85494017219906,2438.7665550812967,2740.7161130441527,0.060000000000002274,T,Z
DCB_se2_ag1_f_01_1,3049,OW1,1156,older,662.9981507766697,1148.6877155299164,3238.99494605025,1223.472842138894,2347.0062975439782,3840.673688773035,1223.472842138894,2347.0062975439782,3840.673688773035,0.1300000000000523,sp,L
DCB_se2_ag1_f_01_1,3052,ER0,1156,older,481.0420227002699,1323.8255396344593,2528.86654038374,490.62804576227427,1617.3989383521607,2773.7463020359805,482.31877996639207,1880.5496605293781,2655.4736340205245,0.09000000000003183,D,S
DCB_se2_ag1_f_01_1,3054,IH1,1157,sixty,494.39098736973574,2016.3792412957935,2681.839248475388,562.7992716287715,1900.8997385226792,2878.0086473185484,519.4733685576971,2063.2524754185492,2848.977226990063,0.05000000000001137,S,K
DCB_se2_ag1_f_01_1,3058,IY0,1157,sixty,480.46133681149104,2415.6270065161098,2766.059020144984,489.342865480844,2407.731356386375,2832.658597149979,465.5521230185747,2550.254154240509,2602.5306969346098,0.060000000000002274,T,S
DCB_se2_ag1_f_01_1,3060,AH1,1158,something,725.0582089226472,1722.7365047125397,3035.5901664794933,730.6971737413611,1711.573007132599,2581.949529495792,566.7021846708103,1818.7143732731788,3193.141471853995,0.040000000000020464,S,M
DCB_se2_ag1_f_01_1,3063,IH0,1158,something,676.414634257079,1706.1568183497975,2417.621393504831,783.9437190233724,1792.7339518571728,2601.132335706291,774.4641453806516,1813.6139186408927,2935.6951528300015,0.029999999999972715,TH,NG
DCB_se2_ag1_f_01_1,3065,AH0,1159,and,650.5421586398754,2033.0569747196664,2979.6626005907933,649.9714715784803,2027.0908437222397,2995.7044241886433,650.231161208554,2032.9614839207122,2970.9144597569257,0.029999999999972715,NG,N
DCB_se2_ag1_f_01_1,3068,AY1,1160,my,797.4278294912405,1717.4027748066908,2555.5090628104717,812.5823436654729,1635.3074082786582,2588.7077101056475,722.2999196854313,1747.836238268268,2793.352714759461,0.049999999999954525,M,G
DCB_se2_ag1_f_01_1,3071,AE1,1161,grandma,687.613663084523,1349.9203575773497,1792.7163337972365,693.4426984762913,1454.0725966599236,1664.069675821108,689.3522988142361,1453.7397619386238,1738.6963821082438,0.029999999999972715,R,M
DCB_se2_ag1_f_01_1,3073,AA0,1161,grandma,699.1141805961954,1668.3505937730372,3336.2500819180036,695.3809828497949,1648.9598417634063,3351.6711334164597,699.389878594053,1669.782607791358,3335.1112317118814,0.03999999999996362,M,Z
DCB_se2_ag1_f_01_1,3076,AH1,1163,young,751.5658394200465,1637.539236397186,2951.55354820099,775.7115787844749,1753.980544307217,3068.592199143397,554.2834952395184,2121.1139651066906,2618.0451267734793,0.07999999999998408,Y,NG
DCB_se2_ag1_f_01_1,3080,AH1,1165,younger,734.4051862531985,1607.6173405484824,2011.8906269097604,745.8342749728042,1591.0374803940176,1849.5057188274184,631.7072749412575,1844.1444743138545,2900.156076281748,0.06999999999999318,Y,NG
DCB_se2_ag1_f_01_1,3083,ER0,1165,younger,511.9397397066959,1532.8266813346675,2398.832363262529,512.1226626148991,1531.8129443952682,2403.8220097623007,509.3349732273078,1547.2619864837156,2327.781317364198,0.03999999999996362,G,sp
DCB_se2_ag1_f_01_1,3086,IH1,1167,sixty,491.99834700073376,1747.8407943250531,2516.182437080694,819.6534650552767,1911.5420653841686,2991.7445604937852,754.4476537990363,1894.7824073247261,2973.970127962644,0.03000000000002956,S,K
DCB_se2_ag1_f_01_1,3090,IY0,1167,sixty,917.2773725842894,2031.648146073392,3026.822803616175,1013.1559633288023,2108.438427733326,3288.3137329463884,919.860211177746,2209.8266657225936,3707.3258475882053,0.03000000000002956,T,S
DCB_se2_ag1_f_01_1,3092,AH1,1168,something,670.4979108984019,1651.6847946916057,2989.4561387557847,752.9327241353182,1660.1201477848256,2739.9777829007717,676.632536931038,1737.8855406639398,2858.8188581539835,0.029999999999972715,S,M
DCB_se2_ag1_f_01_1,3095,IH0,1168,something,821.1490263588747,1824.1006328931817,2532.268734655588,897.5218639032004,1608.1967219653168,2590.998398893853,770.6717507948466,1842.3564440330383,2649.9385801422254,0.03000000000002956,TH,NG
DCB_se2_ag1_f_01_1,3099,AY1,1170,i,936.7372790581558,1784.9812662463548,2494.9074758060506,965.5626688567717,1754.7967851801416,2457.5267289310923,792.6592629326348,1860.096787815573,2459.1093059105647,0.06999999999999318,sil,D
DCB_se2_ag1_f_01_1,3101,OW1,1171,don't,711.2363811430121,1540.443096636429,2907.518082440189,747.102866072311,1503.5882885106496,2821.860862848235,635.0192856092586,1745.5650737288704,3110.5405431579543,0.05000000000001137,D,N
DCB_se2_ag1_f_01_1,3104,OW1,1172,know,697.1702884429018,1492.5785239778086,3036.9396617899806,708.6416719556709,1503.9525531449056,3044.836704086082,666.4951293586131,1579.6091904285515,3029.294653876485,0.06999999999999318,N,DH
DCB_se2_ag1_f_01_1,3106,EH1,1173,their,615.9459149129649,2190.3515654772486,2699.580326046452,640.3526597449452,1883.9489737605932,2304.6450438921593,619.363749281645,2207.545194477177,2721.38064708317,0.08999999999997499,DH,R
DCB_se2_ag1_f_01_1,3108,IH0,1174,exact,602.4520753083808,2207.0969613999364,2442.933229063834,623.8993736205779,2208.588592695803,2513.6748751560176,607.1479063731992,2219.4887632719815,2436.9228991368454,0.029999999999972715,R,G
DCB_se2_ag1_f_01_1,3111,AE1,1174,exact,941.3626327799273,1754.8559221304317,2156.0914419338997,963.1230944596911,1853.71399664619,2402.1543226400327,794.5671126257877,1990.86445751551,2551.9384235352823,0.08999999999997499,Z,K
DCB_se2_ag1_f_01_1,3115,EY1,1176,ages,550.9666941467929,2432.109242053296,3002.9588805107223,666.91698740251,2297.725090240223,3064.1370074786173,545.1476523655127,2568.137339053513,2925.175285864743,0.16999999999995907,sp,JH
DCB_se2_ag1_f_01_1,3117,IH0,1176,ages,527.9385037971379,2014.66893585397,2698.740520404634,582.0551079836014,2069.102760271182,2785.15319936723,562.0987289381075,2128.9378087335485,2709.2984764757007,0.029999999999972715,JH,Z
DCB_se2_ag1_f_01_1,3120,AH1,1177,but,640.5345600724733,1743.4229202841557,2848.3337892979966,712.7626323001587,2001.739671322675,2967.908076963915,712.473336821242,2004.1336579479773,2961.5269561272894,0.029999999999972715,B,T
DCB_se2_ag1_f_01_1,3126,IY1,1180,dc,588.1479416152022,2504.860052389892,3239.8423656022987,589.5137975243721,2531.47483374753,3249.965005216357,584.9672730858516,2589.7226587775044,3304.1613885826687,0.08999999999997499,D,S
DCB_se2_ag1_f_01_1,3128,IY1,1180,dc,502.5103680935168,2339.0504298025376,3230.3872780480788,615.0119390471083,2140.138799164451,3066.1775687439017,461.2277152196611,2526.039450271775,3075.649213202734,0.16999999999995907,S,sp
DCB_se2_ag1_f_01_1,3130,AH1,1182,uh,747.3832406343835,1737.0970837493264,3033.9208401266656,750.8976462404498,1749.0744939483675,3096.473256840615,626.0539724311828,1751.54792046257,3543.4890832786577,0.22000000000002728,sp,sp
DCB_se2_ag1_f_01_1,3133,EH1,1184,well,605.0859532472207,1664.253932204228,3058.5739930399873,629.6293351764689,1560.3120880168076,3227.6922130226035,598.2427751912761,1686.4253701252694,2711.2370458797113,0.10000000000002274,W,L
DCB_se2_ag1_f_01_1,3136,AH1,1186,uh,660.9354710713776,2129.2974568206337,3055.3482780765225,732.1093447842421,1901.8009228204203,2837.692921817759,638.353941874691,2195.679297669151,3096.428258688106,0.05000000000001137,sp,AO1
DCB_se2_ag1_f_01_1,3137,AO1,1187,on,575.9830327659085,979.0992191823258,2032.30337935523,747.7850845443935,1044.611480299309,2116.4468343880253,731.4942696590908,1757.2586442551378,2788.640555897905,0.20999999999997954,AH1,N
DCB_se2_ag1_f_01_1,3139,EH1,1188,mlk,675.1403494960209,1885.9028739798528,3186.8996753022775,701.2238436236087,1623.4402063854698,3220.82041037841,693.1065254615199,1907.2138781429408,3117.756302749501,0.060000000000002274,N,M
DCB_se2_ag1_f_01_1,3141,EH1,1188,mlk,756.5354754440841,1583.1262424635618,3219.5884628455815,756.7508467152637,1575.9912907385956,3219.109317169298,745.1433732376875,1605.380377145993,3211.084813948542,0.05000000000001137,M,L
DCB_se2_ag1_f_01_1,3144,EY1,1188,mlk,579.2634558399891,1782.6585031208685,2526.4548636375857,729.7588116169261,2266.333322379859,3175.4166692610497,518.8971838406559,2610.7073352704892,2991.253778762783,0.19999999999998863,K,sp
DCB_se2_ag1_f_01_1,3146,AO1,1190,on,610.3869690685584,1152.5204544225624,1739.6716049861507,629.9471521420917,2061.630730607281,3116.351837935063,626.9461083051158,2102.373763424186,3108.02714552438,0.03000000000002956,sp,N
DCB_se2_ag1_f_01_1,3149,AA1,1191,martin,833.0899619418169,1342.1585154458587,2608.326637204309,843.9512685889985,1506.5644934102058,2359.513613724303,843.9512685889985,1506.5644934102058,2359.513613724303,0.029999999999972715,M,R
DCB_se2_ag1_f_01_1,3152,AH0,1191,martin,538.937847988643,1591.1160650149884,3264.240332918211,723.5680978181899,1708.2148574232385,3094.920485818285,723.5680978181899,1708.2148574232385,3094.920485818285,0.03000000000002956,T,N
DCB_se2_ag1_f_01_1,3155,UW1,1192,luther,465.41076159402786,1695.9136504337991,3240.7828629894466,464.6331289217288,1694.1357593728533,3215.496356866068,444.74093566797194,1816.4918639238028,3040.423628577156,0.029999999999972715,L,TH
DCB_se2_ag1_f_01_1,3157,ER0,1192,luther,449.5632111016313,1981.1230711710734,3125.0204464635312,625.7014869965071,2032.4073359284669,3067.1338768628075,510.36901283469587,2072.312149383319,3535.211506671813,0.03999999999996362,TH,K
DCB_se2_ag1_f_01_1,3159,IH1,1193,king,499.9569048191296,2489.0394795227176,3175.036657917997,643.5697742831019,2140.9413686984713,2912.3181601567458,492.73753596979134,2494.586403236528,3141.7759802382857,0.029999999999972715,K,NG
DCB_se2_ag1_f_01_1,3162,AE1,1195,avenue,788.4194922942237,1412.1647685771466,2547.89790901806,793.114060218736,1450.4042907696783,2559.7965076564587,787.760814095472,1459.9083448145252,2599.6008859387493,0.029999999999972715,sp,V
DCB_se2_ag1_f_01_1,3164,AH0,1195,avenue,716.3529614120586,1489.8255899160856,2801.2968531049423,783.5448898480362,1495.9027442182692,2643.5985605696046,702.5127402030716,1495.9961092416092,2779.3103906259375,0.040000000000020464,V,N
DCB_se2_ag1_f_01_1,3166,UW2,1195,avenue,472.82663778879277,1415.3760123787702,2976.625203468931,760.5768594103372,1555.8309609172481,2878.9535441032385,370.40418141553806,1587.3081183300492,2980.4032754709824,0.03000000000002956,N,
DCB_se2_ag1_f_01_1,3168,EH1,1197,s,688.8126140884879,1672.536398121595,2968.8015687512493,991.4202447134658,1793.3976055543508,2972.1031170526985,991.4486102388169,1795.4224978168327,2975.8381097113406,0.21999999999997044,,S
DCB_se2_ag1_f_01_1,3171,AW2,1198,southeast,796.8089521640263,1578.5415761880222,2631.675359916383,825.2176481588912,1643.897853297224,2597.405385296727,815.7794859069934,1702.1718723898343,2506.108622690515,0.07999999999998408,S,TH
DCB_se2_ag1_f_01_1,3173,IY1,1198,southeast,502.4230367126442,2447.0804983134144,2983.155416385584,518.5615942816121,2220.104244188946,2878.5282809070554,485.97692260712637,2490.0202856258397,2802.57455514025,0.060000000000002274,TH,S
DCB_se2_ag1_f_01_1,3177,AY1,1199,side,736.2061160377147,1793.4545327220162,2642.8453017880747,747.6152209927058,1786.7738538952826,2666.799578202324,699.638024886662,1879.362154748201,2468.329931591472,0.03999999999996362,S,D
DCB_se2_ag1_f_01_1,3181,EH1,1201,yes,689.8496505433164,1482.0463588184223,2368.511806373193,700.1616602633834,1541.2990370796813,2346.572946385872,677.785581662743,1574.09435221258,2529.621167519627,0.07999999999998408,Y,S
DCB_se2_ag1_f_01_1,3185,EY1,1203,they,524.3624132592305,2241.7499211030654,2558.3620093350023,573.9154804749239,1787.7765804769028,2384.59659391384,525.4607450010237,2262.127466688421,2436.3992239185777,0.060000000000002274,DH,L
DCB_se2_ag1_f_01_1,3187,IH1,1204,live,584.1341290255647,1943.472433647372,3109.885979462078,585.623659441343,1658.3985981155965,2910.99068308422,578.3516333957007,1999.0370017112334,3167.9944789731435,0.05000000000001137,L,V
DCB_se2_ag1_f_01_1,3189,AO1,1205,on,702.1803886854133,1280.0454391764947,3083.9233940858185,705.5256810939759,1162.5079464137823,2496.516391229254,571.7772797271136,1394.9498951920013,2548.2690491651065,0.060000000000002274,V,N
DCB_se2_ag1_f_01_1,3194,AH0,1208,the,546.8306236080462,1944.874663942953,3048.932448738098,587.094101520603,1893.7823736791822,3141.035808959173,521.7732965646886,1994.3457032107049,3174.6852873141133,0.06999999999999318,DH,DH
DCB_se2_ag1_f_01_1,3196,AH0,1209,the,773.3826051434754,1611.8101326763363,1916.1246226568333,906.1458279308084,1913.225219533971,2776.4419060812647,664.7450758206755,2008.0274750951903,3319.5231714555516,0.07999999999998408,DH,HH
DCB_se2_ag1_f_01_1,3198,AY1,1210,highs,925.0845938173868,1972.2046875159094,2163.705998972543,1027.70786970671,1665.2172334299114,1948.382556016202,789.4506499241147,1992.7737928269428,2786.44219276893,0.08999999999997499,HH,Z
DCB_se2_ag1_f_01_1,3200,OW1,1211,over,507.59581464440464,1451.9690832766214,2450.01725580664,749.9249096412456,1868.5202792799307,2796.7343268229924,749.9249096412456,1868.5202792799307,2796.7343268229924,0.05000000000001137,Z,V
DCB_se2_ag1_f_01_1,3202,ER0,1211,over,586.6625872897123,1437.025338506138,2465.6267481977766,586.5140967043438,1436.3437991174626,2465.6421061979495,497.96777941932044,1470.4501321718726,2479.813925162235,0.03000000000002956,V,TH
DCB_se2_ag1_f_01_1,3205,AH0,1213,the,800.9054979931329,1923.3264704585292,2712.926042418575,959.2364467835453,1833.4613935236064,2698.1790532179975,749.472859640249,1974.1930480244732,2673.2447581352562,0.060000000000002274,DH,HH
DCB_se2_ag1_f_01_1,3207,AY1,1214,high,874.1720729761628,1757.9322877645698,2655.5425624364416,963.2807741968469,1799.327951646916,2711.0233128792065,934.5841339270348,1843.8830342999224,2666.63541317189,0.06999999999999318,HH,R
DCB_se2_ag1_f_01_1,3209,AY1,1215,rises,874.3291314073249,1745.6888292918773,2557.5586573758824,874.9646720715792,1798.3461844946648,2561.84112229009,688.4986114777632,1900.0314510585447,2603.0590374974076,0.0999999999999659,R,Z
DCB_se2_ag1_f_01_1,3211,IH0,1215,rises,692.5671823374596,1555.3051827741226,2640.6644148436467,706.5128112070232,1853.426899800867,2953.2349287308225,694.8187849559341,1854.1773395629739,2897.7128637361934,0.03000000000002956,Z,Z
DCB_se2_ag1_f_01_1,3214,OW1,1217,over,574.4292726993662,1520.499349333094,2894.6097571214245,617.6703077528687,1705.284132637609,3194.3439277667367,618.1898474216999,1745.1238593167143,3399.3166372234646,0.040000000000020464,sp,V
DCB_se2_ag1_f_01_1,3216,ER0,1217,over,647.0886363649164,1398.0573690372657,2854.9294103391294,652.7749910472867,1424.7876827500322,2847.5598898959115,583.3202938349309,1588.1088310998596,2796.1567782194174,0.03000000000002956,V,sp
DCB_se2_ag1_f_01_1,3219,EH1,1219,there,548.2344032749539,1956.402478564466,3018.3369267986445,622.8397845485644,1945.7937410080197,2449.5669228670367,534.0254218857358,1964.3526941908037,2935.5012340281323,0.03000000000002956,DH,R
DCB_se2_ag1_f_01_1,3223,UW1,1221,you,498.0695419106487,2226.303672786081,2744.1650719022623,552.2487022599948,2066.007276924474,3042.9665729768353,455.7124735308059,2386.985580965332,2629.970483161651,0.03000000000002956,Y,D
DCB_se2_ag1_f_01_1,3225,OW1,1222,don't,647.2271463348378,1477.4953716424839,2600.447031010953,680.7483661604384,1535.444964592329,3081.4064507057324,657.2679792379632,1681.638811709654,3167.5855815776126,0.07999999999998408,D,N
DCB_se2_ag1_f_01_1,3228,OW1,1223,know,715.4150665167875,1862.1764650311202,3318.1916410601475,802.0893820885053,1898.957435758377,3282.8122682637736,779.3882975911197,1899.020575417035,3312.565899374384,0.03999999999996362,N,spn
DCB_se2_ag1_f_01_1,3232,IH1,1226,it,567.640558576665,2314.306020453429,3045.2553148994825,607.3032038378365,2276.229505691686,3183.7251688833558,563.1224547556099,2376.872448717802,3050.679553934365,0.1099999999999568,,T
DCB_se2_ag1_f_01_1,3235,OW2,1228,okay,639.0526278699073,1594.9590720454714,3081.1566603372485,656.5831316479859,1630.6586696214922,2981.433282078019,628.0268218723122,1717.479649799498,3120.1240970457725,0.060000000000002274,Z,K
DCB_se2_ag1_f_01_1,3237,EY1,1228,okay,678.4499099430187,2259.1417423522066,2469.75047624505,765.5980203136094,2337.1118091171197,2418.827482929918,679.452867678442,2500.366667352148,2936.8726234221717,0.13999999999998636,K,spn
DCB_se2_ag1_f_01_1,3241,AE1,1231,yeah,854.5073031733027,1442.7793468438183,2686.5593379521943,883.7134944833784,1679.3226813398558,2507.2948796633773,709.7527167391697,1925.7466853228634,2686.3757882741265,0.28000000000002956,Y,spn
DCB_se2_ag1_f_01_1,3245,AY1,1234,right,850.4327564046342,1616.940703981256,2379.8639998851845,883.6455210662597,1605.5038200625947,2406.694739693502,840.8508435365743,1656.81046880008,2333.803437863969,0.03999999999996362,R,T
DCB_se2_ag1_f_01_1,3252,AY1,1238,right,745.4677127892961,1842.0675352395108,2134.0403399332754,794.5528623810791,1884.7674381008692,1919.626373194412,624.8189839832125,2187.490582231691,2568.651206363563,0.1099999999999568,R,T
DCB_se2_ag1_f_01_1,3257,AE1,1240,yeah,576.0207264727269,1410.537121798636,2842.6863141268786,748.6171964201359,1971.664799399454,3022.583693087907,618.8118690803011,2184.78667504834,2568.201770776814,0.2599999999999909,Y,W
DCB_se2_ag1_f_01_1,3259,IY1,1241,we,676.7757871752282,1553.6344918936693,2904.5843548987577,995.7346423486721,1601.3944503601867,3154.9517313835304,723.2702429134072,2264.2687093439836,2905.7215644730118,0.09000000000003183,W,HH
DCB_se2_ag1_f_01_1,3261,AA1,1242,hopped,649.3948223045462,1386.07020345113,2587.045201492011,703.6355481804892,1622.6863287341168,1928.5033079028567,628.8951960891342,1655.598678399684,2336.468340933172,0.0999999999999659,HH,P
DCB_se2_ag1_f_01_1,3264,ER0,1243,around,694.7601134519496,1335.6749986833731,2179.5936668055515,750.0537764212206,1414.4765874531668,2037.1924891597282,694.1181700207823,1431.3236251442959,2038.494506981147,0.03000000000002956,T,AW1
DCB_se2_ag1_f_01_1,3265,AW1,1243,around,763.0951972051379,1451.6961807196735,2138.059057575798,817.5376610837253,1388.924797136481,2078.7165429233323,754.215373117317,1450.69935224683,2142.899630001669,0.029999999999972715,ER0,N
DCB_se2_ag1_f_01_1,3268,EY1,1244,a,572.7906514449452,1780.9368808708023,2518.3200573477307,764.5238360112952,1709.8740543117701,2997.009978281563,539.3976695166385,1928.0269374364702,2423.9093083747402,0.17000000000001592,D,L
DCB_se2_ag1_f_01_1,3270,AA1,1245,lot,1004.6138825860926,1695.808626668655,2526.6530737345247,1011.5178362819196,1741.2255921700346,2525.0454870329313,811.6197354196177,1800.071529971006,2441.503746073732,0.12999999999999545,L,T
DCB_se2_ag1_f_01_1,3273,AH1,1247,um,941.6276461949536,1639.6761061469092,1781.619188538792,1159.197305851044,2048.219418978155,3146.2215101859074,1138.982059657269,2028.5311046758231,3157.0452747481495,0.2400000000000091,,M
DCB_se2_ag1_f_01_1,3276,IY1,1248,we,520.1320257517243,2417.2562912685407,3304.39543889809,576.2868271102639,934.1052304502454,3183.9667163112754,524.2791724638888,2602.5951934475497,3089.521307681957,0.20999999999997954,W,sp
DCB_se2_ag1_f_01_1,3279,IY1,1250,we,492.8474686695746,2561.9086490606956,3238.996305006727,1055.5003239334803,2089.236750101851,3426.9974102317537,506.46516910045005,2859.630663990859,3336.890810877858,0.25,W,
DCB_se2_ag1_f_01_1,3283,IY1,1252,we,518.0673705665158,1207.783408141591,2289.7296458110736,528.9494969092905,1961.9368966193686,2756.5220548281472,526.3378124665276,1996.0246073576754,2584.002804765358,0.05000000000001137,W,L
DCB_se2_ag1_f_01_1,3285,IH1,1253,lived,543.144265291324,2018.7915424669334,3427.4295191301867,559.248330169271,1835.5224701823563,3020.483823043413,534.0742106842912,2064.121472086029,3404.5831296185556,0.08999999999997499,L,V
DCB_se2_ag1_f_01_1,3288,IH0,1254,in,548.941711417941,1888.2922522347355,4035.1899547038015,566.2314535834993,1852.6382376231356,3447.6795677689197,547.7602780271417,1886.9827201047715,3940.3401324762517,0.03000000000002956,D,N
DCB_se2_ag1_f_01_1,3290,AH0,1255,a,866.9821378171338,1709.3717113483826,1836.2282847553756,982.2114938661549,1848.5293956210814,3243.0830709294682,982.2114938661549,1848.5293956210814,3243.0830709294682,0.07999999999998408,N,HH
DCB_se2_ag1_f_01_1,3292,AW1,1256,house,798.2389046439351,1335.7653746281394,3216.9774317076112,1029.6615207442658,1483.3141449606262,1749.2652429132424,1002.5449498491199,1656.7279881756306,1753.6460368347518,0.160000000000025,HH,S
DCB_se2_ag1_f_01_1,3297,AH1,1258,one,745.3427327447864,878.1008802689563,1528.355419859664,771.9724104692153,888.059211459487,1645.8165498190142,694.9650512585773,1766.0180095097028,3638.778122227583,0.08000000000004093,W,N
DCB_se2_ag1_f_01_1,3300,AY1,1259,time,854.6515642635113,1462.3478859791742,1803.7206994524431,997.8302371024976,1196.7843000121334,1811.3016243846134,832.0189646090698,1778.5363827996164,3310.2294109225145,0.2400000000000091,T,M
DCB_se2_ag1_f_01_1,3304,AE1,1261,and,603.5513251978389,2579.21984278632,3395.8534412331446,917.1131931980055,1898.4924967343104,3162.6360041982557,626.2243386555326,2618.494766867375,3377.976298815959,0.1400000000000432,sil,N
DCB_se2_ag1_f_01_1,3308,AE1,1262,that,763.7385099730154,1343.9095284053508,1987.5204136076648,833.4292962496814,1700.6112836333978,2023.8145661410076,637.485154191545,2067.0477629677107,3367.4608580166837,0.09000000000003183,DH,T
DCB_se2_ag1_f_01_1,3311,AH0,1263,was,495.3590113889718,1475.9573772229353,3399.8756599767576,617.1450195130407,1497.569275389153,3509.431790198468,528.1298682550267,1783.5251671552378,3396.8656491621073,0.040000000000020464,W,Z
DCB_se2_ag1_f_01_1,3314,EH1,1264,when,633.4429154822125,1463.8009235814345,3295.9388395251453,647.775504862338,1472.976148984769,3193.594137666492,641.3251760421896,1503.9217227273334,3215.1738927086294,0.05000000000001137,W,N
DCB_se2_ag1_f_01_1,3317,IY1,1265,we,510.64287859514536,2287.643604035727,3024.9936106474806,511.44418736414565,2359.358088182461,3022.837859845947,460.08855983636374,2778.216162031124,3079.431894709782,0.07999999999998408,W,HH
DCB_se2_ag1_f_01_1,3319,AE1,1266,had,658.9628552648537,1026.6617356489248,2290.903035621261,676.2460297566524,1251.0479517625768,2407.3402236054876,676.2460297566524,1251.0479517625768,2407.3402236054876,0.040000000000020464,HH,D
DCB_se2_ag1_f_01_1,3322,AH0,1267,to,586.8782058314748,1655.5177043214132,3004.1431759268953,593.4463504251224,1860.2864542884026,3167.690220967199,586.1039644405142,1927.2002219305102,3242.9989303127163,0.040000000000020464,T,M
DCB_se2_ag1_f_01_1,3324,UW1,1268,move,539.7749272060934,932.1666711627907,2426.7780677598676,589.7872072018872,1560.4807976754,1810.0230694250063,577.76288921595,1773.4125346971248,3003.3934280681096,0.05000000000001137,M,V
DCB_se2_ag1_f_01_1,3326,IH0,1269,in,622.9254186584269,1458.3696602365142,3213.478225850419,624.508742158191,1449.1954057573896,3205.3151379001793,623.3402227394222,1458.751795299566,3214.106617048582,0.03000000000002956,V,N
DCB_se2_ag1_f_01_1,3329,IH0,1270,with,592.217731817009,1061.6476286552702,3327.9382152468665,599.6914557892499,1065.8375368369532,3294.323700165571,566.2800709796728,1190.8591992815923,2604.599090985171,0.03999999999996362,W,DH
DCB_se2_ag1_f_01_1,3332,AY1,1271,my,1013.5952909948232,1800.2043214966868,2501.734492241624,1025.0456359960463,1803.2591968999254,2514.1398380859437,597.2432270180796,1923.5719573986926,2845.245839961175,0.10000000000002274,M,G
DCB_se2_ag1_f_01_1,3335,AE1,1272,grandmother,701.2585507596916,1620.9292993187864,2049.921334237805,705.5159964973708,1952.6232182518831,2654.511554073588,705.0241660244137,1992.6106614600326,2746.1602405784943,0.06999999999999318,R,N
DCB_se2_ag1_f_01_1,3338,AH2,1272,grandmother,857.3573603039163,1754.8848311822592,3147.978784081579,863.7176838258384,1752.243617720957,3148.2305794190434,714.0785769874647,1888.3930213267304,3420.2391929144114,0.06999999999999318,M,DH
DCB_se2_ag1_f_01_1,3340,ER0,1272,grandmother,628.8395753659338,1947.0971261742782,3221.1029014827795,852.7216302500354,1869.289063381915,2731.3632484475493,613.036224219097,1960.8534576970683,3117.7487921555517,0.13999999999998636,DH,
DCB_se2_ag1_f_01_1,3343,AH1,1274,uh,758.4285955826441,1703.818810788374,3285.3258723020776,904.8042677226709,1780.339283667445,3125.1230212229907,827.5514885081442,1784.731704566997,3033.8354235467377,0.12999999999999545,sil,B
DCB_se2_ag1_f_01_1,3345,IH0,1275,because,450.4566993440276,2798.4386700511964,2976.751695073124,466.0857332910583,1759.0977838506142,2782.9377726090825,454.596065619192,2817.8154674210214,2966.824036517778,0.06999999999999318,B,K
DCB_se2_ag1_f_01_1,3347,AH1,1275,because,614.6587476445338,1650.538943710927,3253.8920391447173,672.9562208460865,1735.026183412048,3311.026656477797,579.3163120089945,1893.4343214036503,3237.9862160191315,0.14999999999997726,K,Z
DCB_se2_ag1_f_01_1,3350,IY1,1276,she,478.940017923699,1657.6753944899806,2864.658734133899,566.3055491848272,2072.571192792125,2825.5244669254,473.9215477661156,2233.7365712918418,3069.3926623125817,0.12000000000000455,SH,sp
DCB_se2_ag1_f_01_1,3353,AY1,1278,my,851.6945395476897,1800.0311182116882,3047.60263289545,936.3046472475871,1770.4200371803372,3068.9392163179764,832.5166452817199,1833.8965234882025,3072.277303694756,0.160000000000025,M,
DCB_se2_ag1_f_01_1,3356,AY1,1280,my,961.0119616807319,1858.2085638218268,2444.7417758684246,1025.3179067138083,1840.5263442351716,2527.520879758994,752.5787862501683,1944.8627959742425,2710.7385135442314,0.06999999999999318,M,G
DCB_se2_ag1_f_01_1,3359,EY1,1281,great,538.6043265926078,2370.7796634780316,2874.1022561378795,616.0331429346297,2104.9493646378814,2855.4957601539923,532.1989768422861,2387.9194232957043,2921.7640694145102,0.08999999999997499,R,T
DCB_se2_ag1_f_01_1,3361,IH1,1282,it,577.8444264015772,1961.9988115837145,2923.8938466670143,647.2999986956203,2127.7495663042687,2840.1843825912088,537.7166576462793,2225.438794671547,2431.696331180944,0.029999999999972715,T,T
DCB_se2_ag1_f_01_1,3364,AH0,1283,was,514.2325946291952,1483.8351571202143,3172.8387578021557,519.4183891283907,1421.6499656885633,3253.2163739057482,487.2214371777435,1501.8986741373744,3129.07443890756,0.040000000000020464,W,Z
DCB_se2_ag1_f_01_1,3367,AE1,1285,actually,1185.543239714944,2030.7586929191523,2612.204779760747,1204.105677654632,2017.3527174393892,2625.1807292236444,1081.9605442680343,2140.318618265063,3109.203115461861,0.12000000000000455,sp,K
DCB_se2_ag1_f_01_1,3371,IY0,1285,actually,522.811404700616,1408.180733821549,3105.7650124525835,535.0813200753778,1801.0148633585434,3317.9273011221676,535.0813200753778,1801.0148633585434,3317.9273011221676,0.029999999999972715,L,M
DCB_se2_ag1_f_01_1,3373,AY1,1286,my,793.4236758781619,1834.9632104795921,2301.4729048101217,892.2720296856781,1770.1022023948158,2417.216308855876,794.5773143403627,1841.8903635450854,2314.293714617661,0.09000000000003183,M,G
DCB_se2_ag1_f_01_1,3376,EY1,1287,great,537.9984430439184,2324.1731478726288,2765.9221456539376,599.5172420393529,1805.299165882721,2228.778478250281,538.5542504778608,2508.168197616917,2803.272050860352,0.10000000000002274,R,T
DCB_se2_ag1_f_01_1,3380,AE1,1288,grandmother,651.9966311315612,2166.0577202048917,2206.098042895823,661.2123076434968,1845.9720454758208,2213.7252450468727,652.8315817531525,2164.3690750853007,2200.7586917882436,0.0999999999999659,R,M
DCB_se2_ag1_f_01_1,3382,AH2,1288,grandmother,786.820789157878,1782.239294485404,3302.7099901183365,819.2824196218259,1789.389050332241,3086.403216649621,724.183756202898,1955.0539835061195,3271.107335152901,0.07999999999998408,M,DH
DCB_se2_ag1_f_01_1,3384,ER0,1288,grandmother,575.4180842005366,1962.5235742526386,2978.094077793655,601.9452685800915,1977.8726349903468,3014.9303760117405,577.6222195910549,2014.5220015377759,3094.941406412739,0.07999999999998408,DH,
DCB_se2_ag1_f_01_1,3387,UW1,1290,who,514.5360633673394,868.5654335847655,3200.9286299389687,636.3446841213967,1061.6845098096178,2370.8693044814568,636.5289681398236,1062.626350182657,2368.2901197138294,0.1099999999999568,HH,W
DCB_se2_ag1_f_01_1,3389,AH1,1291,was,610.6539118340066,1541.8680057266558,3242.1455835762376,612.2863970249293,1615.5074382860184,3242.302064170213,608.7327170757675,1634.49068425835,3195.1816071086564,0.060000000000002274,W,Z
DCB_se2_ag1_f_01_1,3392,AY1,1292,my,958.0682220320398,1355.792755650669,3082.6529249022033,972.1409632993815,1274.084339289354,3234.035649159368,948.1540365419467,1387.203492199683,2658.072598925341,0.060000000000002274,M,M
DCB_se2_ag1_f_01_1,3394,AA1,1293,mom,800.5042924041163,1424.9466522988864,1668.4361088065884,823.1910558033294,1351.6589087987927,1501.2445951024617,811.4036781113338,1440.8610596771073,1591.2287379745746,0.18000000000000682,M,M
DCB_se2_ag1_f_01_1,3400,AA1,1296,father,935.675218414774,1292.0234878228596,1864.5207154369261,1022.5507233551026,1332.0966529001773,2970.6845364327232,810.3677724470792,1667.4423617723915,3026.1448701826525,0.18999999999999773,F,DH
DCB_se2_ag1_f_01_1,3402,ER0,1296,father,525.7343743117467,1505.9409906538574,2277.8254960547747,547.765726597538,1894.9577138497816,2867.7799062224167,481.27501889571874,2119.5120277057686,2314.493231654906,0.18000000000000682,DH,Z
DCB_se2_ag1_f_01_1,3406,AA1,1299,mom,745.6774274574226,1304.676858812206,3042.394694653415,826.6968672063178,1280.210560688464,3188.083632163376,805.946207344304,1352.117289397681,3110.544403396095,0.029999999999972715,M,M
DCB_se2_ag1_f_01_1,3410,OW2,1301,okay,662.1638796738465,1269.235297721335,3004.830442280793,733.7730497782065,1414.6244303687665,3128.964922773752,730.4318549491304,1412.9674223363847,3115.749154756338,0.0999999999999659,sil,K
DCB_se2_ag1_f_01_1,3412,EY1,1301,okay,712.0494871730235,2211.7165188365025,2966.314447703676,722.78687793099,2191.169735318583,2998.318882513151,681.1486953015303,2285.6938039342685,2997.8780890543426,0.060000000000002274,K,sp
DCB_se2_ag1_f_01_1,3415,AE1,1303,yeah,622.3309186983714,1884.980982176948,3072.6522672439705,630.96102886534,2065.164187952539,3092.5027734681385,507.7734325910002,2276.3965945879568,3055.4879598138914,0.060000000000002274,Y,B
DCB_se2_ag1_f_01_1,3417,IH0,1304,because,532.1780111723107,2689.1742332793424,3427.8704474080405,538.3468980901994,2729.4987121324807,3270.2886691804624,534.2587071946225,2831.189175949233,3167.1893111776285,0.05000000000001137,B,K
DCB_se2_ag1_f_01_1,3419,AH1,1304,because,703.271782615825,1798.245488248104,3287.514239348528,713.7033920120399,1831.579632143816,3288.9219426030736,560.4534270616733,1921.9055714672816,3249.0154380284694,0.06999999999999318,K,Z
DCB_se2_ag1_f_01_1,3421,AY1,1305,i,997.3186611505882,1782.993837532269,2549.624545742059,1039.366129317434,1790.53489921613,2513.0624379864817,714.9720487999689,2053.573915627545,2549.8263977227484,0.12999999999999545,Z,D
DCB_se2_ag1_f_01_1,3423,OW1,1306,don't,682.8629664852195,1323.3938094636542,3133.57041685186,720.4151287615933,1178.3030308890652,2813.6372951725552,654.9434782644634,1886.7718074992076,3181.6884722633226,0.1199999999999477,D,N
DCB_se2_ag1_f_01_1,3426,AY1,1308,i,1037.4864504125653,1543.741211838078,2392.496125661691,1039.95968437616,1547.4261650965987,2382.280339061155,923.7094646536766,1634.5878313160542,2465.697534021083,0.19999999999998863,sp,OW1
DCB_se2_ag1_f_01_1,3427,OW1,1309,only,970.637535892094,1144.3137781285527,2151.8244397457443,972.35588476002,1120.1199699484512,2161.0655888934525,802.284395604842,1323.0222836511855,2286.2417386952434,0.040000000000020464,AY1,N
DCB_se2_ag1_f_01_1,3430,IY0,1309,only,535.5603990293461,973.0830911547819,2828.908826013931,570.7577802667446,1148.2143742669768,2952.50613617899,541.4183824651886,2541.8138078368165,3324.0643437438084,0.08000000000004093,L,N
DCB_se2_ag1_f_01_1,3432,UW1,1310,knew,519.9618864566867,962.8360059910134,2200.0802126824115,668.943202050944,1452.5661561217169,3403.9303919136773,496.94520999437157,1742.3818939344897,3081.157223847867,0.12000000000000455,N,M
DCB_se2_ag1_f_01_1,3434,AY1,1311,my,985.9707104977757,1530.2992714559134,2754.922764795329,989.22018102282,1542.5760019013856,2915.1647226059067,941.8212611957387,1583.8653963842844,3215.049299441045,0.06999999999999318,M,M
DCB_se2_ag1_f_01_1,3436,AA1,1312,mom,698.1763225984629,1254.9902577148112,2035.7753603696203,710.8520847625123,1259.3138362994696,2254.916567186978,711.6278144204263,1261.959475337592,2264.637786269312,0.12999999999999545,M,M
DCB_se2_ag1_f_01_1,3440,AA1,1314,mom,687.6857552978367,1238.592834875471,2355.801171554299,769.3287042593162,1196.0141114898086,1693.4316457288119,764.5759193195164,1305.470508521123,1512.4304405269438,0.21999999999997044,M,M
DCB_se2_ag1_f_01_1,3444,AE1,1316,and,578.1251157596965,2456.5983580028624,3386.9995164938505,593.0729729624909,1836.275300829229,3012.7377831051044,555.3572221529023,2641.2127466142406,3271.0866606873215,0.03999999999996362,sil,N
DCB_se2_ag1_f_01_1,3447,IY1,1317,she,577.806564335614,3095.2199896412867,3450.019908603605,899.1063248939043,1824.416151266664,3171.216010687614,570.8279600801169,3110.329112795731,3772.7446425593675,0.2300000000000182,SH,sp
DCB_se2_ag1_f_01_1,3449,AY1,1319,i,937.5237809479589,1826.2516026824248,2522.800399386232,942.1230816002821,1867.5023397666525,2634.74942564383,678.6030051713814,2065.3935514825666,3182.364560372408,0.3100000000000023,sp,sp
DCB_se2_ag1_f_01_1,3452,AY1,1321,my,908.1767949802045,2286.3769727311883,2518.6508965197168,941.9960212656188,1660.4212699493144,2252.8913082735417,907.4320717776499,2288.174993034303,2511.824279282074,0.07999999999998408,M,S
DCB_se2_ag1_f_01_1,3455,EH1,1322,step,634.0788157036129,2166.725908359743,2778.448718588097,697.726639680681,1939.0874828552546,3122.018680922361,633.1597693999082,2173.7597459002864,3255.1319212701546,0.07999999999998408,T,P
DCB_se2_ag1_f_01_1,3459,AE1,1323,grandfather,651.5842748433681,1742.4358195389534,2192.8915817082298,669.462366624488,1683.9972634901399,2019.787445160179,663.3916337935929,1909.6297732358678,1958.9749048773904,0.11000000000001364,R,N
DCB_se2_ag1_f_01_1,3462,AA2,1323,grandfather,919.7349289419839,1436.3498138916227,2396.8899517615264,925.3585761047207,1434.4223091693489,2345.754320376285,776.3916878154321,1631.0882642879042,2945.8873607215933,0.12999999999999545,F,DH
DCB_se2_ag1_f_01_1,3464,ER0,1323,grandfather,588.8592112186532,1931.6492540078611,2444.9235195056754,654.6437370595237,1760.394702567516,2336.9224355997835,573.5741890883675,2005.5740587204893,2614.803081750909,0.18999999999999773,DH,
DCB_se2_ag1_f_01_1,3467,IY1,1325,we're,565.9880945887719,1678.0630789230395,2706.619717300739,866.8452708259849,1924.6755012871913,3129.5179751077094,870.30784481225,1956.7547859520419,3141.5903019360367,0.029999999999972715,W,R
DCB_se2_ag1_f_01_1,3471,AA1,1327,not,645.0589505835095,1897.080152539904,2459.5593030615037,780.0657566603398,1962.3614534585715,2376.8166013665855,765.5913588446294,1995.364217660992,2232.498615877011,0.03000000000002956,N,T
DCB_se2_ag1_f_01_1,3475,AH1,1329,gonna,614.3106798766261,1245.2010371485078,2452.902884831995,936.459601451281,2069.834660310981,3193.223167352741,936.459601451281,2069.834660310981,3193.223167352741,0.029999999999972715,G,N
DCB_se2_ag1_f_01_1,3477,AH0,1329,gonna,527.5951936678833,1655.021510293273,2922.1669799991805,575.9772148237764,1254.9647146921443,2384.353814165399,523.807315971207,2005.0768609232878,2780.3171515700797,0.029999999999972715,N,sp
DCB_se2_ag1_f_01_1,3480,OW1,1331,go,570.9113802399546,1197.0040995460736,2780.7415764013235,615.3063765976152,1150.7352849736126,2449.808894938321,579.0027271779023,1459.502366810407,2856.842375840989,0.029999999999972715,G,IH0
DCB_se2_ag1_f_01_1,3481,IH0,1332,into,644.4013086437617,1239.1983150580534,2435.2216294379655,659.6026208509105,1343.2304076747473,2190.742184473313,661.6494477199847,1367.1865606032347,2107.6291260910225,0.03000000000002956,OW1,N
DCB_se2_ag1_f_01_1,3484,AH0,1332,into,548.2610453495307,1833.396488551921,2346.996183658457,609.2790302076543,1776.304326038265,3254.1735186129586,551.590961980703,1837.5782601870644,2346.442935724971,0.03000000000002956,T,sp
DCB_se2_ag1_f_01_1,3487,AH0,1334,that,621.1192220202297,2242.739063911829,3510.8274752046545,667.1734804779787,2181.740783276737,2997.122334761728,605.513800308567,2257.097863583667,3633.6238024674053,0.060000000000002274,DH,T
DCB_se2_ag1_f_01_1,3491,AH1,1336,but,663.4100489308713,1732.340129111951,3196.0210606345768,673.8678742379425,1743.179818820665,3214.80014990946,649.3665933246814,1780.6377616986522,3224.417275758798,0.09000000000003183,B,T
DCB_se2_ag1_f_01_1,3494,AY1,1337,my,829.7258176351587,1845.4825953051738,2466.1381107271895,834.2936656843918,1860.7353442336419,2252.5038320197555,833.4336313803991,1882.4513763153327,2115.5117718365377,0.06999999999999318,M,S
DCB_se2_ag1_f_01_1,3497,EH1,1338,step,633.4788068978658,1914.919055174955,3006.152061170024,638.3270868113545,1957.661362911112,2959.410959743105,637.7145361464072,1961.832106927105,2955.541467045305,0.05000000000001137,T,P
DCB_se2_ag1_f_01_1,3501,AE1,1339,grandfather,653.2837196644776,1661.8548147408017,2167.675395749223,668.9579532788326,1664.673155785403,2082.3904607641834,661.107456378739,1741.55201165113,2132.181070729723,0.03999999999996362,R,N
DCB_se2_ag1_f_01_1,3504,AA2,1339,grandfather,814.5968694502973,1538.1639571195856,2578.103196832283,824.7156223768949,1512.2596819508244,2457.3184022693936,765.180062048077,1638.673367106411,2877.052426234809,0.06999999999999318,F,DH
DCB_se2_ag1_f_01_1,3506,ER0,1339,grandfather,647.1657465061912,1551.481467855697,1971.0990674249485,694.560702853992,1633.5644994222162,2517.4826906916956,679.3046135196653,1679.394008675733,2055.9832966415406,0.049999999999954525,DH,sp
DCB_se2_ag1_f_01_1,3509,AH1,1341,but,755.5923363518774,1609.1190000596978,3030.562485327602,824.4577727218817,1625.7422267376023,3050.2760517999563,823.7456460807182,1626.2841383684183,3059.033335722797,0.09000000000003183,B,T
DCB_se2_ag1_f_01_1,3511,AH1,1342,um,779.1194535650828,1426.3702306416747,2567.3716034816,868.8572816573759,1529.5325298244325,2974.048075944423,832.6042277246058,1583.3628674661045,2977.4767253459017,0.21999999999997044,T,M
DCB_se2_ag1_f_01_1,3514,AY1,1343,my,984.9308038117449,1468.825332734339,1621.8428103087379,984.4981749161904,1461.5480598216689,1639.6700045876125,952.8368370205337,1526.2539328544387,1649.2068004711862,0.0999999999999659,M,M
DCB_se2_ag1_f_01_1,3516,AA1,1344,mom,731.2878065660711,1347.8358976960214,2104.766980039873,754.6833888036133,1325.6930290178811,2168.5317056777944,693.7142764723615,1359.2145008296225,1987.983937321462,0.21999999999997044,M,M
DCB_se2_ag1_f_01_1,3522,UW1,1348,u,635.6922133489969,1680.6718543630834,2673.914336032677,789.3976282098731,1801.8134453875236,2710.793684205753,805.964543511707,1863.2541394679774,2779.33869646215,0.029999999999972715,Y,AY1
DCB_se2_ag1_f_01_1,3523,AY1,1349,i,931.3226517329605,1464.910125816736,2409.7406920762865,976.2934176221094,1527.7069025641163,2391.247915283124,813.8366774155343,1528.8114391819522,2377.1932183291688,0.06999999999999318,UW1,OW1
DCB_se2_ag1_f_01_1,3524,OW1,1350,only,777.5662628421727,1131.393320100446,1814.282081858401,807.5708944445234,1295.1046879628493,2454.0870793578356,807.5708944445234,1295.1046879628493,2454.0870793578356,0.03000000000002956,AY1,N
DCB_se2_ag1_f_01_1,3527,IY0,1350,only,598.8850974912071,1473.6571452770802,2530.444976438438,668.1702877313976,1656.0267394708003,2779.5967535122672,528.104034899724,1995.1555397851803,2563.221658862865,0.05000000000001137,L,N
DCB_se2_ag1_f_01_1,3529,UW1,1351,knew,538.3788415291863,1496.950820983503,2780.824498522249,627.4130761202921,1359.1152423828812,2757.9246745697174,568.013545219069,1702.8533474091523,2860.6039486922446,0.040000000000020464,N,M
DCB_se2_ag1_f_01_1,3531,AY1,1352,my,989.505097124792,1259.462553684513,2714.994610305787,985.5484348241257,1285.409903360786,2722.4978858446834,915.985441067976,1369.6868611059103,2746.216475199656,0.040000000000020464,M,M
DCB_se2_ag1_f_01_1,3533,AA1,1353,mom,732.3909342929915,1326.9471942844136,1951.0605078371457,784.626506914596,1335.8942888339463,2415.064658376814,711.0187279804322,1463.1415236284283,1867.7229662504355,0.06999999999999318,M,M
DCB_se2_ag1_f_01_1,3537,AA1,1355,mom,701.9614348636364,1235.6752594338536,2962.4697000319557,711.8517156250468,1256.1714379292162,3159.9886444759504,660.1538213565245,1505.2293811106551,3169.6347556309765,0.07999999999998408,M,M
DCB_se2_ag1_f_01_1,3540,IH0,1356,because,500.7245984438955,2579.349988630288,3009.110524698509,503.8744808227071,2576.555958937095,3027.092296359556,494.8436916915337,2584.238061306821,2990.310286225393,0.040000000000020464,B,K
DCB_se2_ag1_f_01_1,3542,AH1,1356,because,662.4983870068496,1677.8446384668268,3304.71554856624,664.6821798448557,1678.441061199497,3323.415941429362,636.7261179245096,1722.1969940675529,3550.593478593811,0.03999999999996362,K,Z
DCB_se2_ag1_f_01_1,3545,AY1,1357,my,947.9415140460983,1433.6024577542041,2309.5768334781924,947.3916203376335,1429.9480916108387,2312.328915576725,933.6919520387722,1632.6749394082258,2286.7534278251546,0.060000000000002274,M,M
DCB_se2_ag1_f_01_1,3547,AA1,1358,mom,699.9209279805918,1255.1907167508423,2078.5435795412764,717.8064782969487,1229.5637031998758,2006.8998648291565,668.9186078064798,1301.0476177110404,2046.4586801576297,0.160000000000025,M,M
DCB_se2_ag1_f_01_1,3551,AE1,1360,dad,646.3837446155593,1099.5320302114085,2497.4920047727223,619.2896307152193,1666.2081002362563,3008.629083768574,627.8123777067581,2522.8134709357582,3389.7584894992256,0.2400000000000091,D,D
DCB_se2_ag1_f_01_1,3554,AH1,1362,um,933.721605190398,1618.2578949892056,3201.393009420779,993.5316389531873,1678.5862376558598,3417.225558827953,872.6018544931605,1822.9893608283094,2989.318602324003,0.18000000000000682,,M
DCB_se2_ag1_f_01_1,3558,AE1,1364,passed,636.7232269219443,2275.7830855664697,3280.41632466641,691.5492884343835,1387.9904738001005,2281.218985014894,616.9065444505824,2252.9539107140704,3260.539650752413,0.11000000000001364,P,S
DCB_se2_ag1_f_01_1,3561,AH0,1365,away,556.5456610036725,1192.9039889789594,3169.235515091274,571.4100165609555,1374.8477385080437,3320.1128460487876,552.0798808766169,1848.7223225654852,3176.0764313866453,0.05000000000001137,T,W
DCB_se2_ag1_f_01_1,3563,EY1,1365,away,589.6397650912925,2475.895469218307,2872.2029149749164,616.7651713612553,1769.5636570411073,3207.1744938386114,591.9651088038731,2471.4342449913834,2993.3280968904637,0.11000000000001364,W,B
DCB_se2_ag1_f_01_1,3565,IY2,1366,before,476.03922840080156,1153.1403689448966,3057.0932472205154,596.2060483905034,1715.4136816494085,2834.147478783752,596.2060483905034,1715.4136816494085,2834.147478783752,0.05000000000001137,B,F
DCB_se2_ag1_f_01_1,3567,AO1,1366,before,589.4358450641962,861.8014857357147,3273.2464189265684,657.3839806692788,1051.3731224480368,3073.933239637811,657.3839806692788,1051.3731224480368,3073.933239637811,0.05000000000001137,F,R
DCB_se2_ag1_f_01_1,3569,AY1,1367,i,917.5851272526654,1393.4262401812168,2668.9187846605955,1023.465904905092,1439.0543948786349,2549.9704103915333,930.9928880175503,1496.0673439869638,2538.8892833305295,0.08999999999997499,R,W
DCB_se2_ag1_f_01_1,3571,AH0,1368,was,449.78664124324865,1324.2737466380322,3272.9761136118586,495.3911201158465,1223.3303968719943,3366.0464439187963,451.6706545105612,1477.5327300927584,3372.0272514822536,0.03999999999996362,W,Z
DCB_se2_ag1_f_01_1,3574,AO1,1369,born,590.2730472143523,1142.494644588626,2214.2430607075717,705.8333240867153,1346.3415792666303,2055.8848605828266,700.4904467057078,1744.8901090927545,3395.8936833281796,0.18999999999999773,B,R
DCB_se2_ag1_f_01_1,3579,OW1,1371,so,573.072090557878,1136.4333126612676,2728.1491435581065,737.0814371358182,1563.7914581434063,3137.4189367230388,628.2311224628153,1687.2139723906528,3142.2078315251333,0.28000000000002956,S,sp
DCB_se2_ag1_f_01_1,3582,AE1,1373,yeah,742.9611347919005,1642.6451745099473,2103.0879834778457,938.0667240690487,1912.6181582878835,2181.0982759315575,588.9269537091091,2420.2445492786414,3365.8781078714314,0.06999999999999318,Y,AY1
DCB_se2_ag1_f_01_1,3583,AY1,1374,i,1003.7219324412664,1848.285594004183,2532.5133749080323,1003.8317307638035,1846.5480524278344,2538.6816908472997,744.9950253579924,1966.7570378057085,2507.7457232542833,0.08999999999997499,AE1,D
DCB_se2_ag1_f_01_1,3585,IH1,1375,didn't,548.3463477501426,1736.2423704086268,2361.755972600559,692.0859570583948,2145.5463417921324,2940.616526095103,570.0470704143555,2304.0736719057254,3256.5585002451153,0.06999999999999318,D,N
DCB_se2_ag1_f_01_1,3590,EH1,1377,well,702.8630305311204,1354.6619523736251,2434.400173443712,760.7845075742036,1529.566033904203,3122.012652803066,760.7845075742036,1529.566033904203,3122.012652803066,0.049999999999954525,W,L
DCB_se2_ag1_f_01_1,3592,AY1,1378,i,944.1510143195428,1724.515218715891,3143.0229186840997,1036.8937131007356,1691.7049150455705,3016.315299141775,914.5850845038192,1879.2745819733734,2894.982863257557,0.10000000000002274,L,D
DCB_se2_ag1_f_01_1,3594,IH1,1379,didn't,512.7173271084375,2364.7541449277733,3194.5352742459067,617.4414106378788,2255.209584899545,3007.800981107217,492.59758475232195,2392.8027620086405,3229.4563313386057,0.11000000000001364,D,N
DCB_se2_ag1_f_01_1,3598,IH1,1380,really,614.1620869244657,1172.3512850570933,2736.0648312054595,614.1226059138795,1149.0486408177173,2699.4945601672052,584.1290517238863,1602.272237461263,2937.5284996160963,0.03000000000002956,R,L
DCB_se2_ag1_f_01_1,3600,IY0,1380,really,386.05954226283063,1631.9075849313292,2897.935415399603,577.251744447092,2801.7438191500382,2853.6383088507637,576.8671879778983,2803.895535295446,2848.3488735969386,0.1099999999999568,L,N
DCB_se2_ag1_f_01_1,3604,OW1,1383,know,627.0673498803086,1050.4200105748023,3208.1865080355774,654.2011760959373,1209.5203642444649,3189.211321485845,523.222205626173,1588.3732796768045,3025.0681084646844,0.10000000000002274,N,DH
DCB_se2_ag1_f_01_1,3606,AE1,1384,that,677.1263276866592,1912.3628633414337,3055.295425364965,699.1066223611425,1868.3084380440741,2941.8360442356334,669.2819857354928,1926.0366524346016,3069.6941789591688,0.049999999999954525,DH,T
DCB_se2_ag1_f_01_1,3609,AH1,1385,much,700.0291446878183,1761.7997708833952,3088.53396957043,745.2231539880136,1600.844237409268,3141.085550994963,660.6880684961902,1881.2833903614048,3202.261392651796,0.060000000000002274,M,CH
DCB_se2_ag1_f_01_1,3611,AH0,1386,of,640.1977345658557,1170.630828074507,3166.7725031747686,646.3450685039884,1189.9255186848297,3130.324342242929,613.2230288800808,1783.123422846009,3008.6749390865034,0.03000000000002956,CH,V
DCB_se2_ag1_f_01_1,3614,AY1,1387,my,710.0284652190207,1539.4976147304542,2906.804330800812,728.0389437222775,1640.5191822979934,2870.0227859476804,728.0651438952799,1667.3386020586834,2909.834099509184,0.06999999999999318,M,M
DCB_se2_ag1_f_01_1,3616,AA1,1388,mom,620.8042386460195,1172.4527005501004,2779.6945212455216,684.5107026777948,1204.2493532089247,2743.462483834857,614.9071233193547,1271.5715315425393,2243.3816220039807,0.18000000000000682,M,M
DCB_se2_ag1_f_01_1,3621,AE1,1391,family,625.9885470456262,1714.8467729163917,2781.895619966258,670.0606838776854,2015.01740592461,2922.0715073465744,625.2977556053828,2306.7416213760816,3131.6040971156167,0.1400000000000432,F,M
DCB_se2_ag1_f_01_1,3623,AH0,1391,family,461.74924107350245,1413.7386266328401,2384.2838467225674,512.9251104852498,1342.17820798285,2533.9129587067623,482.10668404412263,1438.7337255978318,2554.810552534615,0.040000000000020464,M,L
DCB_se2_ag1_f_01_1,3625,IY0,1391,family,450.0807785333165,1725.4380688369947,3000.99845496724,884.515754957198,1741.3767139042004,2972.580299575625,474.47216829473587,2014.8184295185783,3001.1591495979656,0.1099999999999568,L,
DCB_se2_ag1_f_01_1,3628,IH0,1393,because,484.22330126825875,2568.3605917267128,3061.2803177161427,1810.1921443148901,2618.7229268088354,3725.9694836723047,1810.1921443148901,2618.7229268088354,3725.9694836723047,0.07999999999998408,B,K
DCB_se2_ag1_f_01_1,3630,AH1,1393,because,623.103054273033,1317.3141142587965,3319.140692508094,650.9101046650939,1536.7169864955097,3335.851000549913,564.4710771845726,1856.846281252918,3014.577813955282,0.27000000000003865,K,Z
DCB_se2_ag1_f_01_1,3633,AH0,1395,a,829.7255683962513,1665.1144259093073,3166.448647768216,830.3409710708107,1661.0928166045187,3177.9034862829826,829.9323447100934,1663.7631585487088,3170.2974924054856,0.11000000000001364,sp,L
DCB_se2_ag1_f_01_1,3635,AA1,1396,lot,885.2702988172011,1788.105244934684,1932.6087967469568,892.7617733987781,1773.2556518753256,2035.1541988161396,887.7237878588047,1790.6904799084055,1959.9592040296354,0.060000000000002274,L,T
DCB_se2_ag1_f_01_1,3637,AH0,1397,of,641.3602897882174,1918.2683066284865,2364.372897387556,664.8581031050219,1606.0715103958207,1943.7139429545625,663.9196899946504,1967.4752988641947,2080.5654283930503,0.029999999999972715,T,V
DCB_se2_ag1_f_01_1,3640,EH1,1398,them,696.7225945143169,985.5013439388265,1778.343754099161,717.8006838190328,1670.547683016939,3321.381759918264,578.6788397839344,1923.0540153401691,3248.9581183023024,0.08000000000004093,DH,M
DCB_se2_ag1_f_01_1,3643,AH1,1400,um,770.6359443488984,1348.4785946488817,3318.0881193766527,847.3938347919666,1293.0238561276335,2963.113831077989,596.9583283488065,1444.668350975087,2607.0116483064903,0.15999999999996817,sp,M
DCB_se2_ag1_f_01_1,3647,AE1,1402,passed,672.1660423943018,2218.9368891552817,2383.745969022999,701.7492920858984,1455.8068538160305,2287.821358368521,679.610563718393,2317.5592150555544,2775.7514647420567,0.12000000000000455,P,S
DCB_se2_ag1_f_01_1,3650,AH0,1403,away,578.706214052807,1280.1372656313995,3199.4728050953213,617.2739725492622,1671.3695111797524,3214.2436277655806,554.3000057431825,1821.1633432049844,3125.790703208907,0.05000000000001137,T,W
DCB_se2_ag1_f_01_1,3652,EY1,1403,away,500.3722435790247,2542.3701578979944,2949.128915288778,1051.809696353165,2227.1259370354283,3185.141453761746,614.287263786732,2457.9734223425567,3263.3149334009927,0.2599999999999909,W,
DCB_se2_ag1_f_01_1,3655,AH0,1405,and,663.4726003629422,2050.786478409017,2454.9126405192874,903.1367670445997,1971.5819437372836,3002.855143242574,662.0779703420194,2117.1479229639535,2559.349694908421,0.06999999999999318,sil,N
DCB_se2_ag1_f_01_1,3658,AY1,1406,like,707.395520467476,1826.6611564260625,3378.0740858251884,830.3388115326948,1980.775407210273,3339.373036162964,582.8390037357456,2042.177041749111,3084.9468032170535,0.06999999999999318,L,K
DCB_se2_ag1_f_01_1,3661,AY1,1407,like,731.9990519108287,1973.3916207934355,2685.827747069421,788.1597803897282,1787.0016341951755,2701.437365514603,625.833270170422,2382.2278254657845,2859.0324278918733,0.049999999999954525,L,K
DCB_se2_ag1_f_01_1,3664,AW1,1408,now,770.7455029824699,1962.49315399184,3121.2917666830467,793.0034846580625,1870.6064113364025,3225.2570034917794,713.1494203358775,2113.102103055379,2924.1403108650584,0.1099999999999568,N,SH
DCB_se2_ag1_f_01_1,3666,IY1,1409,she,554.4623800068402,2283.329474255249,3070.694067408197,571.6803464585676,2007.4948529835879,3171.5716175750567,548.5319023100601,2528.5462507057814,3150.49595884655,0.06999999999999318,SH,Z
DCB_se2_ag1_f_01_1,3669,IH1,1411,really,598.0410452553662,1551.937373144362,3034.1544812482994,604.9966599398307,1564.4504401569943,3044.3410710244825,586.6880499143692,1592.728510478858,3134.803682859279,0.029999999999972715,R,L
DCB_se2_ag1_f_01_1,3671,IY0,1411,really,507.7698170949436,2774.655271492577,3264.8289419453477,645.1537084154633,1961.7244282404326,3284.755950922055,554.3842253845814,3087.3324500200933,3403.1782645723897,0.07000000000005002,L,IH0
DCB_se2_ag1_f_01_1,3672,IH0,1412,excited,630.4807871154774,1871.613117306317,3179.019095217473,702.8664328812994,1980.3936625907013,3179.899464534674,621.3341718374879,2036.2142693831502,3337.9542276553084,0.060000000000002274,IY0,K
DCB_se2_ag1_f_01_1,3675,AY1,1412,excited,829.0477411578819,1725.8056001024252,2066.453286512096,851.8388012814921,1661.0084064358057,2446.739320016508,755.9042944289278,1893.626364683204,3198.10664232487,0.060000000000002274,S,T
DCB_se2_ag1_f_01_1,3677,AH0,1412,excited,576.3443467183622,1942.1110200412954,3282.0731916928194,625.7414274444961,1929.5848719902338,3015.674993469409,618.0640549803975,1949.415345413895,3069.896276668075,0.040000000000020464,T,D
DCB_se2_ag1_f_01_1,3680,IH0,1413,because,471.3427248254374,2479.3047961219672,3183.10802001162,544.7578334229753,2273.5465606180073,3187.802296219321,505.35237782522233,2580.314365854323,3353.922357896072,0.06999999999999318,B,K
DCB_se2_ag1_f_01_1,3682,AA1,1413,because,623.201346811462,1921.300223106679,3216.446145404071,625.173210875332,1921.6055706835557,3219.4719835689925,543.0493367476531,2054.1049362604576,3284.284280057875,0.05000000000001137,K,Z
DCB_se2_ag1_f_01_1,3685,IY1,1414,she,563.9499762793736,2400.8683143311227,3255.93231559013,658.5651021285602,2305.5937193309815,2697.331163395006,562.3795061414087,2409.3584253536183,3200.567130503294,0.040000000000020464,SH,Z
DCB_se2_ag1_f_01_1,3688,AY1,1416,finally,882.383111891215,1572.6422372552731,2119.4001676000616,889.3818605466658,1582.1124103934312,2016.7213752514874,863.843387184214,1600.1587169809072,1947.2119675074305,0.029999999999972715,F,N
DCB_se2_ag1_f_01_1,3690,AH0,1416,finally,636.0982243136687,1624.704017959473,1703.1509530694282,703.5055184483399,1656.9712345956107,1760.5685314979123,688.6173058786404,1663.1208017748158,1740.1687804836156,0.029999999999972715,N,L
DCB_se2_ag1_f_01_1,3692,IY0,1416,finally,467.87219306235136,1473.4715374017803,2863.4289596805756,583.9925493863486,1784.7189305862469,2900.150386114351,564.4861924078418,1933.8256860285608,3215.147480578003,0.060000000000002274,L,G
DCB_se2_ag1_f_01_1,3694,AH1,1417,gonna,625.3549435788988,1200.8542757912999,3253.566086647408,630.6473195509292,1390.5028038248036,3276.284666679007,606.6129118093611,1523.6289237316957,2100.169161150686,0.06999999999999318,G,N
DCB_se2_ag1_f_01_1,3696,AH0,1417,gonna,341.50169693190617,834.272579382085,1727.24539550964,582.7434180922546,1763.584772155758,3094.9720145434517,531.0623721269229,1691.1016344227826,2299.310661662278,0.060000000000002274,N,B
DCB_se2_ag1_f_01_1,3698,IY1,1418,be,553.3206480371114,2711.060469388109,3078.339256887865,619.0440127634524,2233.4239627676684,3136.8951538869646,553.5854307526758,2712.2732148322007,3077.6689912580982,0.08999999999997499,B,AH0
DCB_se2_ag1_f_01_1,3699,AH0,1419,a,767.5432232283018,1705.1270827974915,3117.470895935737,888.3572588350705,1561.2266509436454,2906.0190356382645,619.0440127634524,2233.4239627676684,3136.8951538869646,0.060000000000002274,IY1,AO1
DCB_se2_ag1_f_01_1,3700,AO1,1420,aunt,741.9511070916941,1266.0581187916384,1982.747920787784,905.4588099821892,1297.320510414865,3025.407106732797,887.2633336315564,1554.3173507069673,2941.8243900709367,0.20999999999997954,AH0,N
DCB_se2_ag1_f_01_1,3705,AE1,1422,and,688.3631410057313,2057.098564018322,2868.4056829087995,836.7879636698958,1467.576373814021,2558.216335602676,707.8516982090368,2132.558858455176,2631.562904808869,0.1500000000000341,,N
DCB_se2_ag1_f_01_1,3707,AH1,1423,um,817.0157789955717,1546.121300409883,3432.3621716177195,902.3272365673325,1728.191380790974,3115.9735952667334,820.6330881943206,1750.3932417360904,3301.192762036179,0.2400000000000091,N,M
DCB_se2_ag1_f_01_1,3711,AA1,1425,cause,635.5326173011853,1865.5317915154023,3089.2972241531484,757.9780852099512,2006.0457027915163,3112.512251291951,721.7028153696665,2064.1292013974494,3151.7775884917432,0.06999999999999318,K,Z
DCB_se2_ag1_f_01_1,3714,AY1,1426,like,805.4739342829791,1740.4107667943836,2111.9147702735445,846.2770631542651,1733.2881790541815,2513.6565778126023,677.0727830214526,2123.084468905017,3022.091679670477,0.08000000000004093,L,K
DCB_se2_ag1_f_01_1,3716,AO1,1427,all,674.9636995047794,1044.048243009112,3156.1801462426674,728.0127393040403,1130.8763738235891,2939.9757612767926,718.0086390343519,1162.2941529226837,2694.500856729547,0.11000000000001364,K,L
DCB_se2_ag1_f_01_1,3719,ER1,1428,her,596.9652228030624,1500.6046133313826,1910.6581869174518,672.3545196512192,1271.2860576910914,1797.8198531617295,535.8248015635434,1881.9848990051391,2127.016308439949,0.07999999999998408,HH,S
DCB_se2_ag1_f_01_1,3721,IH1,1429,siblings,623.1428845674798,1833.6270167951718,3082.011223508153,625.190763065813,1778.1651592582368,3083.6825783384934,545.1915005059221,1967.652945921161,3101.8720083680378,0.05000000000001137,S,B
DCB_se2_ag1_f_01_1,3724,IH0,1429,siblings,790.5782505220593,1976.016828106073,3167.2508974667408,832.7838994498767,1799.1187695838453,3156.2189441319783,797.6804889370301,1961.6048664938494,3161.3936809695633,0.05000000000001137,L,NG
DCB_se2_ag1_f_01_1,3728,AY1,1430,like,618.563570356582,1629.6527825855032,1982.514969675921,663.02251335476,1417.7877300066475,1844.3972715501377,598.6880087433365,1799.86284945619,2185.670387237278,0.05000000000001137,L,K
DCB_se2_ag1_f_01_1,3731,UW1,1431,two,627.4458369614114,1929.5164870876933,3161.469721042294,642.7340244378042,1909.2624531345314,3060.193500204841,580.0358704597629,1952.7014737831546,3201.4482504564153,0.029999999999972715,T,AH0
DCB_se2_ag1_f_01_1,3732,AH0,1432,of,653.0843206290514,1787.700004459948,3002.2596792325003,659.0378896057704,1731.8988763214227,3072.778959582416,642.7340244378042,1909.2624531345314,3060.193500204841,0.03000000000002956,UW1,V
DCB_se2_ag1_f_01_1,3735,ER0,1433,her,619.541343949102,1846.5832586165882,3162.230100482807,621.9969165921113,1855.4731114893953,3188.08505135023,610.6491653777535,1954.4048220386621,3302.6593964145945,0.05000000000001137,HH,S
DCB_se2_ag1_f_01_1,3737,IH1,1434,siblings,403.5686369863458,1474.5340726146676,2853.660770508828,443.5347221697308,1729.4310224230323,2946.902192821215,443.5347221697308,1729.4310224230323,2946.902192821215,0.03000000000002956,S,B
DCB_se2_ag1_f_01_1,3740,IH0,1434,siblings,584.4952819773509,749.3924120693309,2104.869395877218,615.877764464007,916.7523068480484,2412.5831721959084,486.0408749562796,929.7981117261213,2201.3085583762277,0.029999999999972715,L,NG
DCB_se2_ag1_f_01_1,3744,ER1,1435,were,659.9674901368287,1526.2748186481836,2008.8864162420005,660.0909126308902,1520.2380769340064,2014.0894125958312,649.1035862012419,1699.5462784510842,2020.0808209758352,0.060000000000002274,W,M
DCB_se2_ag1_f_01_1,3746,ER1,1436,murdered,642.6188755357676,1856.4177117809925,2257.1590278124004,652.2042561087632,1721.305344754455,2072.6012277280624,567.5758661460882,1950.5920952920733,2605.3288215228417,0.049999999999954525,M,D
DCB_se2_ag1_f_01_1,3748,ER0,1436,murdered,550.7151528863943,2034.848060222368,2689.8822457007295,603.9976832518017,2019.7805826307065,2778.930359040496,506.1540278699511,2145.4711506827052,2819.789022982986,0.08999999999997499,D,D
DCB_se2_ag1_f_01_1,3752,EH1,1438,when,606.6298017404373,1504.8483386426785,3220.430675485248,659.6990058540595,1519.381906327038,2588.8102869107615,611.3208222637941,1739.5866971148255,3202.191179218576,0.03000000000002956,W,N
DCB_se2_ag1_f_01_1,3755,EY1,1439,they,620.0339196093886,2140.6462795675006,2859.940942990488,627.8845395515873,2260.214622771232,3130.622887822789,622.9549889683884,2280.4937616548896,3184.1574616752723,0.08999999999997499,DH,W
DCB_se2_ag1_f_01_1,3757,ER0,1440,were,501.33621310377055,1850.821928636506,2407.434851820911,590.1749322649695,1549.4972220920217,2315.6670415343265,463.3841151855842,1964.3217358699908,2403.8992698745924,0.05000000000001137,W,Y
DCB_se2_ag1_f_01_1,3759,AH1,1441,young,744.1264366984879,1465.2905692666147,1790.4394510874122,750.4759262815165,1453.0602093897337,1505.3193280180376,634.8728717350979,2264.78084687538,3074.1005073817887,0.15999999999996817,Y,NG
DCB_se2_ag1_f_01_1,3763,AE1,1443,and,628.7020423947673,2118.749322666476,2426.273320506428,868.2423646389678,1536.4632076435832,2662.6528403375914,649.3904607183872,2343.228867503333,3340.513903758242,0.10000000000002274,,N
DCB_se2_ag1_f_01_1,3767,EH1,1444,then,621.5146067253045,2277.466476097412,2411.4384116638585,631.1617609371647,1717.7893223309889,2245.286008681712,542.4636738775422,2362.026662352979,3216.228206336145,0.14999999999997726,DH,N
DCB_se2_ag1_f_01_1,3770,IY1,1445,she,530.3838098198769,2712.693448877958,3053.9201340333257,685.2339825770825,1654.2976957469014,3184.405534822543,554.5981253872202,2967.756912442978,3211.8497778275478,0.06999999999999318,SH,OW1
DCB_se2_ag1_f_01_1,3771,OW1,1446,only,798.2163775970043,1378.2835048672368,3591.99461472474,802.8260670432933,1327.5171784454108,3285.849458135656,685.2339825770825,1654.2976957469014,3184.405534822543,0.06999999999999318,IY1,N
DCB_se2_ag1_f_01_1,3774,IY0,1446,only,536.3978724463885,2930.9438041552157,3258.3642176804065,558.2297504507453,2582.8843192142913,2993.0532131917716,538.7155037860306,2939.803351452524,3212.4243306721514,0.060000000000002274,L,HH
DCB_se2_ag1_f_01_1,3776,AE1,1447,has,743.389760351887,1922.332174178017,2576.549688179684,756.4428910741382,2194.988194717738,3170.941235806144,719.4563437260578,2219.3325159798114,3195.623867836209,0.0999999999999659,HH,Z
DCB_se2_ag1_f_01_1,3778,AH0,1448,a,646.1009987372878,1550.5049989400047,3012.583922079568,701.1536592828995,1610.5539146453636,3008.2775006750794,678.6550329932095,1863.9315889724694,3123.685965598305,0.18999999999999773,Z,sp
DCB_se2_ag1_f_01_1,3781,EH1,1450,well,498.5356293704808,1212.4235693783253,2921.244670888928,531.4593584858803,1455.0950323671434,2592.0496286034936,530.3628193768187,1469.3565038073086,2559.8912157814966,0.029999999999972715,W,L
DCB_se2_ag1_f_01_1,3784,IY1,1451,she,538.9578119642218,2537.497427573956,3001.4085747135355,542.9762628097882,2627.649683875481,3001.2902577730424,538.2527185829654,2701.3309371228584,3067.335137036846,0.029999999999972715,SH,W
DCB_se2_ag1_f_01_1,3786,AA1,1452,was,664.0612253097083,1917.376727973486,2725.5291933656367,679.1416573219765,1988.1277292374573,2423.191732236426,668.2341102250665,2110.8049673711625,3061.672845271208,0.06999999999999318,W,Z
DCB_se2_ag1_f_01_1,3788,AH0,1453,a,574.4082160514552,1371.166994453042,2559.5143089705257,603.9297549875472,1678.699854723687,2925.9899338975893,496.9229974182929,1804.45928198805,3058.2087257948983,0.08999999999997499,Z,B
DCB_se2_ag1_f_01_1,3791,AH1,1454,brother,717.3823987632195,1819.425631641175,2824.52983634513,717.5888949805907,1827.544224783921,2830.3529412090807,657.3355494515274,1885.007768186642,2935.967953749257,0.07999999999998408,R,DH
DCB_se2_ag1_f_01_1,3793,ER0,1454,brother,581.6839165924275,1967.3219528606978,2684.260363841232,653.5534236730908,1971.7672303687616,2899.7932842723326,582.7382539516751,2032.8710506372227,2857.789898924495,0.18999999999999773,DH,
DCB_se2_ag1_f_01_1,3796,AH0,1456,and,590.6338168985583,2021.8434896424583,3103.9613501173367,1082.1683972275137,1331.509411915604,2641.6014826435035,531.8716328927825,2251.699312142646,3206.8577372027507,0.029999999999972715,sil,N
DCB_se2_ag1_f_01_1,3799,EH1,1457,then,676.4736323006434,2012.192700914893,2310.9034161500545,691.2914267335442,1914.5402175169013,2725.491720306284,671.0575250744513,2035.2772662258913,2244.4268824956957,0.040000000000020464,DH,N
DCB_se2_ag1_f_01_1,3802,AY1,1458,my,932.4579815740015,1585.2700205250333,2991.478013123256,950.1301952914043,1553.2400326246186,3002.866003319786,936.830932605181,1650.2258778637554,3080.233727350784,0.14999999999997726,M,AH1
DCB_se2_ag1_f_01_1,3803,AH1,1459,other,793.2901349326189,1656.6992609717815,3141.3926034564947,824.9897456335998,1460.3773423963007,3158.969200136876,704.0725430439519,1844.1330801577835,3258.649592703244,0.1500000000000341,AY1,DH
DCB_se2_ag1_f_01_1,3805,ER0,1459,other,647.2643879462539,1683.5112450015686,2917.0442926539013,648.8835122148085,1701.649405610079,2975.354276976275,620.8456275703805,1763.9292878275107,3063.006268489445,0.029999999999972715,DH,AH1
DCB_se2_ag1_f_01_1,3806,AH1,1460,uncle,732.3725300933808,1298.735356649299,2138.2911032865145,748.1944027297044,1363.8987144098799,2664.8540315540226,644.2131240900019,1632.4058065539666,2721.1857363158574,0.1500000000000341,ER0,NG
DCB_se2_ag1_f_01_1,3809,AH0,1460,uncle,471.09507847687996,981.0991606710016,2681.262573284905,685.1148628572255,1151.9611266829972,2422.5176259904647,502.0257671348658,1257.148564113574,2468.6196675184788,0.03000000000002956,K,L
DCB_se2_ag1_f_01_1,3812,IY1,1461,he,562.5632154178745,2338.7991726260548,2786.8061985140544,587.8350021252777,2652.728873716368,2786.1604283511056,585.8071313007869,2640.3475107727018,2785.243636292782,0.06999999999999318,HH,W
DCB_se2_ag1_f_01_1,3814,AH0,1462,was,487.8206159503186,1794.9376434426592,3237.986261144617,518.436916348223,1731.7562280951495,3128.9091508552547,483.65859722153203,1795.3170031948396,3225.7316661333166,0.049999999999954525,W,Z
DCB_se2_ag1_f_01_1,3816,IH0,1463,in,507.49926099356446,2011.2952163797531,3010.2423952797876,513.6968621315455,2010.9910849317325,3079.601507860753,447.9944002935025,2081.4589000459487,3298.664054364135,0.08999999999997499,Z,N
DCB_se2_ag1_f_01_1,3819,EY1,1464,jail,615.8394670078193,1743.4010421774124,2142.8167679864914,630.9567415762222,1888.2231411871314,2135.658728424579,566.0811425290033,2040.5175082004314,2986.4692670281192,0.19999999999998863,JH,L
DCB_se2_ag1_f_01_1,3822,AE1,1466,and,619.8773349130254,876.609713393484,2624.757264078565,858.9785660604317,1835.1882717246706,2855.3312079521434,596.4130907166734,2634.1443953287253,3270.1894963821283,0.03999999999996362,sp,N
DCB_se2_ag1_f_01_1,3825,IY1,1467,he,605.48599900146,2346.5971644920146,3157.6564480169814,606.2301177878313,2352.6771358053015,3146.5579054218683,574.3787783310931,2640.9031053033414,3252.626709410198,0.12000000000000455,HH,JH
DCB_se2_ag1_f_01_1,3827,IH0,1468,just,507.2833832820877,1872.986778152584,3257.1940489569715,514.1494364982221,1425.90005756351,2334.1774485339797,451.0316683938198,2143.0180597839476,2963.5706020020825,0.09000000000003183,JH,S
DCB_se2_ag1_f_01_1,3830,AA1,1469,got,773.4992509109849,2063.1433236988787,2659.8893991271952,783.5060102198315,1976.161969284932,2623.6973109557575,764.3558345079949,2096.2854319822004,2764.920169464131,0.05000000000001137,G,T
DCB_se2_ag1_f_01_1,3832,AW1,1470,out,725.3341192287359,1723.5068991839344,2771.316607460126,734.7856006226001,1727.37050700259,2805.2345498188015,733.7343061063825,1813.8992653848786,2727.0617324465816,0.03999999999996362,T,T
DCB_se2_ag1_f_01_1,3835,IY1,1471,he,570.4365006050621,2534.111383552793,3129.9339573612215,584.8475293516718,2087.684962956473,3092.2756442969467,553.4866415623019,2715.522815687012,3034.205154402433,0.060000000000002274,HH,Z
DCB_se2_ag1_f_01_1,3837,IH0,1473,in,523.2466934525365,1915.9471392312971,3075.765297116716,603.8062708518223,1907.069869674691,2630.5604844349214,575.6883721073993,1954.384176638757,2207.383100826562,0.05000000000001137,Z,N
DCB_se2_ag1_f_01_1,3840,AH1,1474,the,726.9411691501185,1993.7255054552716,2639.311982169876,837.4975260549596,2108.3918760963415,3126.3526167799982,837.4975260549596,2108.3918760963415,3126.3526167799982,0.029999999999972715,DH,HH
DCB_se2_ag1_f_01_1,3842,AE1,1475,halfway,656.626643608687,2082.269478437959,2227.9634812346694,728.4584798775397,1553.881001661961,2341.674035670679,649.7564867793293,2127.4209970640322,2207.7139366771175,0.06999999999999318,HH,F
DCB_se2_ag1_f_01_1,3845,EY1,1475,halfway,525.0728804761396,2453.5480700569487,3128.504117693354,589.438890599732,2306.037772943148,2991.7824280821246,504.98647771469956,2496.109634862185,2783.6534876916235,0.049999999999954525,W,HH
DCB_se2_ag1_f_01_1,3847,AW1,1476,house,791.8268957435,1713.2934234410916,2906.355669039918,858.6249376724294,1838.0237754078546,3023.156274527711,856.1943574489708,1853.2502123026322,3075.7236418423718,0.08000000000004093,HH,S
DCB_se2_ag1_f_01_1,3850,OW1,1477,so,508.8349246628101,1533.5756676469837,2944.3839871697396,619.3658917242566,1684.0693785872108,2834.6289856737844,479.64584276468565,1687.541287571318,3138.193616228207,0.040000000000020464,S,HH
DCB_se2_ag1_f_01_1,3852,IY1,1478,he,476.0753634796654,1871.1654030042728,2923.2954790385684,562.1320481111366,1882.688899544781,2750.328838483698,548.0333518358935,2005.3717462123946,3000.799118602273,0.03000000000002956,HH,sp
DCB_se2_ag1_f_01_1,3855,AE1,1480,halfway,701.7211722276735,1369.5191197507052,2243.7800032776577,724.4277769849508,1510.651821483705,2320.810363647882,711.5236444613786,2174.7597380372713,3186.015703254939,0.0999999999999659,HH,F
DCB_se2_ag1_f_01_1,3858,EY1,1480,halfway,627.2058202158826,2107.497802230381,2870.583568835986,720.4415497136083,1665.658321192189,2245.6399495744813,572.1912911031997,2255.229907179511,2849.067565958108,0.06999999999999318,W,AW1
DCB_se2_ag1_f_01_1,3859,AW1,1481,out,808.3095706170686,1733.229262601347,2686.3783114817907,825.9370213085502,1945.5199212845346,2832.1577039486133,818.1026479607424,1998.0843069752027,2871.154131394798,0.03000000000002956,EY1,T
DCB_se2_ag1_f_01_1,3861,AH0,1482,of,501.38515681000524,1990.309936452177,2935.665411531409,789.9797141889694,1905.7821587504202,2966.4932368024743,491.7938417660556,2078.148361795494,2977.5248814283755,0.03999999999996362,T,V
DCB_se2_ag1_f_01_1,3864,EY1,1483,jail,570.8465605927428,1625.3931560429592,2359.621043340133,633.7556462257298,1520.855088089771,2522.060880291243,524.1805901603894,1995.5604217700627,2409.1748954090644,0.09000000000003183,JH,L
DCB_se2_ag1_f_01_1,3868,UW1,1485,woo,435.16255990322094,742.5964727440869,3125.4194201302407,646.9158921824312,724.4111375232396,2936.2214408894997,468.9853700559003,792.8730779282293,2494.7499980272564,0.07999999999998408,W,W
DCB_se2_ag1_f_01_1,3870,UW1,1486,woo,493.011727648273,830.9594616920307,3201.1005594462745,623.1355790009876,810.8584941708222,3114.2570344213277,501.6096408869084,933.46419632258,2760.760830974673,0.08000000000004093,W,sp
DCB_se2_ag1_f_01_1,3873,EH1,1488,let,692.9700856705348,1881.768284748911,3144.2575040955608,697.9909629944475,1856.6666017735051,3113.2022249825345,697.2114158792351,1908.1615798499736,3132.4212848049106,0.03000000000002956,L,T
DCB_se2_ag1_f_01_1,3877,OW1,1490,go,609.7779009225222,1163.5363134862853,3041.399071256225,654.7000365799446,1376.1353769408934,2297.379031150897,551.8762637966242,1604.7278728402293,3249.514083641853,0.0999999999999659,G,AH1
DCB_se2_ag1_f_01_1,3878,AH1,1491,uncle,735.5222088869947,1094.66765994423,2409.853483647742,743.6007730615918,1096.6840699634458,2501.483976585379,628.9115426280237,1862.3285379764845,2402.75262272745,0.12999999999999545,OW1,NG
DCB_se2_ag1_f_01_1,3881,AH0,1491,uncle,491.5765015398726,1457.7131195144555,2189.624001731242,1065.7586074657486,2040.8269459502067,3233.550297698114,1045.6625074348628,2035.42463051897,3148.4973248858696,0.029999999999972715,K,L
DCB_se2_ag1_f_01_1,3884,IY1,1492,d,472.1586138748554,2613.9311166169778,3038.2617296423864,756.8186599116015,2666.2079705787783,2942.90504765731,713.7229713624153,2724.4367358084537,2925.7142287000406,0.2400000000000091,D,sp
DCB_se2_ag1_f_01_1,3887,AE1,1494,and,546.7720134353292,2527.5824215497573,2994.0266598499193,841.4486449357795,1814.4597313048196,2679.117895927526,562.3498237011745,2586.3587553375114,3355.8864079536966,0.160000000000025,,N
DCB_se2_ag1_f_01_1,3890,EH1,1495,then,634.3569787050723,2368.234954593424,3283.5730503039,695.7662603331833,2318.8264366336434,3369.287010513648,647.0344978847821,2373.304645457008,3276.1973515325694,0.10000000000002274,DH,N
DCB_se2_ag1_f_01_1,3893,AH1,1497,uh,677.8209709017142,1818.2703438595024,2552.7866539713214,744.4148876037095,1778.3971704163644,2651.749363688318,701.2331864368747,1979.898076216117,2635.0225293321846,0.049999999999954525,sp,SH
DCB_se2_ag1_f_01_1,3895,IY1,1498,she,524.0348448517616,1465.7886681739487,2737.1486043890473,553.877176354956,2610.5562732694852,3204.9681300820416,494.4050814715003,2634.4013893802157,3044.75729179933,0.06999999999999318,SH,HH
DCB_se2_ag1_f_01_1,3897,AE1,1499,has,651.6069286103159,2075.1280652078594,2320.2258838752846,710.4157873939395,1877.0470320781062,2027.8207752297712,691.8691507392394,2078.281283224568,2092.580988337215,0.060000000000002274,HH,Z
DCB_se2_ag1_f_01_1,3899,AH0,1500,a,515.1141502368584,2018.0808253335083,3343.2683252720317,541.266789618462,2160.3134291823085,3235.8842286106346,508.6138334870211,2241.829126098552,3276.0995430625853,0.060000000000002274,Z,Y
DCB_se2_ag1_f_01_1,3901,AH1,1501,younger,745.8696203486065,1721.034348244613,3181.321884679332,747.2829710981733,1716.2170924845514,3254.337797546707,509.6669318784521,2401.5199807907475,3296.284768291614,0.09000000000003183,Y,NG
DCB_se2_ag1_f_01_1,3904,ER0,1501,younger,604.4596674604027,1562.2336831357873,2185.1869701296423,620.7952853931276,1555.6603053324943,2273.4124148884716,565.8488487520204,2050.195180031226,2771.584392464244,0.0999999999999659,G,S
DCB_se2_ag1_f_01_1,3906,IH1,1502,sister,630.4672918807094,1848.7724980902358,3042.782981046289,637.1671169514376,1871.7612637438067,3045.839471569494,616.0756132444777,1901.141203517339,3053.932840262789,0.07999999999998408,S,S
DCB_se2_ag1_f_01_1,3909,ER0,1502,sister,527.2620897541274,1818.315300715126,2321.1670612435455,726.1463285562286,1861.5038396650446,2668.8523099287386,566.9375183260977,1954.0767937771477,2594.878270953766,0.13999999999998636,T,
DCB_se2_ag1_f_01_1,3912,OW1,1504,so,612.7543171818372,1104.7835094474483,3162.287374111296,712.0013305474944,1493.606901048002,3179.874869415019,690.75482437238,1747.3377285786178,3216.3800116243956,0.18999999999999773,S,sp
DCB_se2_ag1_f_01_1,3914,IH0,1506,it,637.5698804287229,2194.3244784577123,3282.538610196532,784.7638268910971,1582.7707690946172,2562.871030067786,639.9559450672339,2311.2832651799913,3355.4945724502663,0.09000000000003183,sp,T
DCB_se2_ag1_f_01_1,3917,AO1,1507,was,533.2376162167391,1492.0930998777776,3291.9914926178626,554.5690130814263,1521.3361263157901,3303.1046684000175,465.7857562653627,1652.177816574583,3262.4602526258172,0.12000000000000455,W,Z
DCB_se2_ag1_f_01_1,3921,EH1,1509,well,610.8584521276155,1164.1896070978505,3234.2797865411326,622.1967360398934,1166.8738882857965,3358.026119762978,613.812704019922,1176.592709419338,3275.8328944246823,0.03999999999996362,W,L
DCB_se2_ag1_f_01_1,3923,IH0,1510,it,555.8331682780076,1741.0626224975947,3112.097738675105,634.9091676453944,1671.5003003948045,3109.346347429475,576.7942845339118,1778.7650787460163,3164.0693433206147,0.060000000000002274,L,T
DCB_se2_ag1_f_01_1,3926,AH0,1511,was,500.10231403220035,1567.8262604513377,3286.889378286584,585.9061075656333,1407.3254969842608,3162.9247796664426,466.20827064133044,1597.243896819253,3079.1955283811703,0.040000000000020464,W,Z
DCB_se2_ag1_f_01_1,3929,AO1,1512,four,696.8945573322995,1142.437815740702,3124.958456469851,709.7495512464949,1209.230443965564,2993.9218818972013,691.5740943905432,1334.9962290473356,3006.525455123679,0.12999999999999545,F,R
DCB_se2_ag1_f_01_1,3932,IH0,1514,it,639.9312883120497,1622.4057626355145,3042.0753871295224,818.7090963734236,1595.4577862601318,2535.628570207282,528.4519619334185,1760.7245728275473,2627.7674900230036,0.060000000000002274,,T
DCB_se2_ag1_f_01_1,3935,AH0,1515,was,444.52911345876333,1695.220108659041,3207.8932412667273,476.6946254292939,1698.448161589884,3096.3985194236952,421.8023300470131,1727.4797715202722,3108.019301179647,0.05000000000001137,W,Z
DCB_se2_ag1_f_01_1,3939,AE1,1517,yeah,908.5477164086407,1503.8982025483751,2320.8403105564,1002.9830537987335,1580.5394873590287,2350.790939505313,568.290240473238,1930.9806614627742,2970.7584248675294,0.37999999999999545,Y,
DCB_se2_ag1_f_01_1,3941,IH1,1519,it,765.7964965812814,1713.935578881047,2636.19533844871,1240.9543889100955,1999.1874840490975,3446.8185479597637,549.3127333137543,2314.4711425203177,3143.9077280456945,0.07999999999998408,,T
DCB_se2_ag1_f_01_1,3944,AH0,1520,was,509.4899068412375,1497.2268956143048,2312.4473016285774,530.9804321866653,1460.479164869463,3372.2877043727076,522.2311278267856,1552.324806081546,3351.6307409594474,0.040000000000020464,W,Z
DCB_se2_ag1_f_01_1,3946,AH0,1521,a,607.6636796048996,1503.984000714008,3236.811965690049,621.9100640317646,1589.91785406198,3294.177402727937,621.9764568384894,1592.8278954753216,3308.4130811188143,0.060000000000002274,Z,L
DCB_se2_ag1_f_01_1,3948,AA1,1522,lot,1005.2998598690957,1782.6236055892211,3086.742863591694,1011.8742677449542,1801.2842855343697,3151.3655006364306,1010.7346890745895,1807.246048021837,3199.4425966743884,0.1500000000000341,L,T
DCB_se2_ag1_f_01_1,3950,AH1,1523,of,767.4412177702019,1685.2008075902907,3093.6627232218557,760.0936238937524,908.8790316929189,1910.2795136097147,770.6160270839381,1881.9520548484054,3357.3372117124322,0.10000000000002274,T,V
DCB_se2_ag1_f_01_1,3952,AH0,1524,'em,610.5350713530744,1121.2580678157778,2553.8225954489158,639.2817462905887,1128.1896575296425,2653.5580414907713,583.3659378373802,1212.7320482661505,2680.5727562026836,0.060000000000002274,V,M
DCB_se2_ag1_f_01_1,3956,AH1,1526,but,701.8652651629754,1620.0443121889293,3211.165701077815,707.8088977048341,1638.9592286023865,3210.4423590395168,701.8554536111475,1652.3271683498597,3225.9827979748943,0.05000000000001137,B,T
DCB_se2_ag1_f_01_1,3959,AY1,1527,like,782.008035645809,1978.6204350308096,3262.9303080857253,862.0857986347357,1855.7800181392763,3280.990401414482,733.2880073788872,2066.5049367014985,3270.009472696451,0.06999999999999318,L,K
DCB_se2_ag1_f_01_1,3962,ER1,1528,her,655.6799523490254,1809.3923449072868,2228.4239412295115,708.2857776108083,1657.1820362868739,1916.9873056310712,563.0828942670314,1922.9083432910265,2379.6389749098907,0.08000000000004093,HH,D
DCB_se2_ag1_f_01_1,3964,AE1,1529,dad,644.9220335937396,2346.3313469681093,3356.406395673462,667.4640755900987,2031.9502652919941,2566.361659632408,652.8290153234606,2362.4663998066626,3346.6470407598854,0.20999999999997954,D,D
DCB_se2_ag1_f_01_1,3967,AE1,1530,had,632.081710395335,1220.360689571151,2416.207825122513,685.8110683322294,2249.557634836613,2953.7308021810522,675.8107038569009,2300.7224753662954,3360.7190229763646,0.10000000000002274,HH,D
DCB_se2_ag1_f_01_1,3970,IH1,1531,different,611.8910240345449,2168.5928892759716,2863.9992788750046,650.3456019779378,2093.068942258434,2583.2891500852434,474.7617922277304,2267.9019469029076,3170.4587073980783,0.09000000000003183,D,F
DCB_se2_ag1_f_01_1,3973,AH0,1531,different,661.608410834341,1899.0021057460976,2048.9416477425398,659.955699694951,1905.7548061625967,2027.356947484814,613.4034337638772,2067.0359289268185,2123.021488336595,0.08999999999997499,R,N
DCB_se2_ag1_f_01_1,3978,UW1,1533,you,447.02193033171903,1159.7817445757842,2750.8145829359255,526.4420576258273,1148.127045327537,2363.2417012242104,470.694333778581,2313.4130946287087,2991.774076094521,0.14999999999997726,Y,sp
DCB_se2_ag1_f_01_1,3981,UH1,1535,woman,777.6199394982332,1298.9523093063694,3082.5989169240925,786.6089264168198,1305.686538587689,2493.6712361140712,767.294531405901,1301.3151076967524,3448.84864554487,0.05000000000001137,W,M
DCB_se2_ag1_f_01_1,3983,AH0,1535,woman,1114.6644222337459,1685.6475109115886,2871.2052432051964,1154.1258724411919,1727.3136092300974,2839.9120816631525,614.4569778560632,1964.7627122729468,3056.6864991832786,0.18999999999999773,M,N
DCB_se2_ag1_f_01_1,3988,OW1,1537,so,557.3005819408663,1642.6587401416982,2528.4967310053808,648.7960533439508,1869.9333332695496,3230.209496005074,642.4892328843528,1927.3806614912771,3195.5922816471434,0.21999999999997044,S,Y
DCB_se2_ag1_f_01_1,3990,AE1,1538,yeah,686.4611299566778,2062.757582997505,2981.6403424935243,711.5506646549204,2145.420776738892,2782.3909116968616,648.5594610518144,2320.180696609196,2677.5701119975124,0.2400000000000091,Y,
DCB_se2_ag1_f_01_1,3994,AH1,1540,but,658.3317521377619,1743.4020445959277,3195.875290806416,658.6059377180528,1757.9674535398706,3193.080977144062,650.4314901446818,1870.8470502837354,3029.243919209271,0.060000000000002274,B,T
DCB_se2_ag1_f_01_1,3997,AE1,1541,yeah,678.0311935266891,1940.393259661893,2935.4547610229743,686.3222004514065,2186.5053992432795,3063.8011473991664,643.5181483436397,2377.578726405591,3280.255253338559,0.07999999999998408,Y,F
DCB_se2_ag1_f_01_1,4000,AH1,1542,from,689.8130783045649,1176.314607941044,2343.100489724941,695.7266591182525,1201.3455006410438,2584.4778790402897,696.0074947952384,1203.7632778171105,2589.81577249728,0.03000000000002956,R,M
DCB_se2_ag1_f_01_1,4003,AH1,1543,what,637.6966645935349,1497.7147399507112,3160.000632682064,655.2142360768056,1629.435334856346,3091.3352906192254,651.925089205435,1637.5916382444993,3111.1777934224574,0.060000000000002274,W,T
DCB_se2_ag1_f_01_1,4007,ER0,1545,from,627.6160917887503,1208.0455245496928,3057.448697310447,637.5457325899185,1221.0449166181988,3052.6057008453595,638.0832895641088,1221.6760600152675,3058.295752238058,0.060000000000002274,F,M
DCB_se2_ag1_f_01_1,4010,AH1,1546,what,607.6917803058956,1288.4613810981587,3071.577943972392,618.3091168323718,1429.6204361404532,3062.307784767595,618.3091168323718,1429.6204361404532,3062.307784767595,0.03000000000002956,W,T
DCB_se2_ag1_f_01_1,4013,IY1,1547,we,514.9612485857384,1048.9820784048734,2841.637282997602,564.543849331267,2113.1883203242737,2920.9476909393807,510.2642415958799,2906.8896153178002,3302.2509083730706,0.12000000000000455,W,N
DCB_se2_ag1_f_01_1,4015,OW1,1548,know,571.4713291977303,1351.7089728366477,3080.785546135236,684.6187512062372,1683.0238672265743,3282.6271482916604,606.6133530624754,1739.2442466304008,2163.461129871878,0.13999999999998636,N,AH1
DCB_se2_ag1_f_01_1,4016,AH1,1549,of,687.1175920491086,1597.0296281206788,3212.97260952945,735.9881685678599,1581.4617314421891,3271.9555411569772,650.6960097739226,1732.155018123418,3195.651173905045,0.160000000000025,OW1,V
DCB_se2_ag1_f_01_1,4019,AH0,1550,the,455.68186492020453,1775.36317418089,2668.987949892985,500.4094498523801,2010.2320253777013,3322.9533882981805,500.4094498523801,2010.2320253777013,3322.9533882981805,0.07999999999998408,DH,F
DCB_se2_ag1_f_01_1,4021,AE1,1551,family,604.9640536327987,1721.5273338308352,2200.7548927766316,653.1602668431211,1105.2511764325884,2239.4191451065094,640.780509947513,2095.250608449696,2703.753455438754,0.12999999999999545,F,M
DCB_se2_ag1_f_01_1,4024,IY0,1551,family,392.3620315549583,1640.8094798403808,2786.5426292164716,439.1175963860082,1625.448787842628,2766.0750254481704,417.304498747383,1887.9927940481605,3092.980112268445,0.060000000000002274,L,M
DCB_se2_ag1_f_01_1,4026,EH1,1552,members,624.6963483018113,1093.9873134201778,1744.8511342087058,624.2047818823015,1187.6262635501064,1747.856057531587,618.4015496592084,1729.8295163043354,1763.2339867988546,0.05000000000001137,M,M
DCB_se2_ag1_f_01_1,4029,ER0,1552,members,433.46370279058596,1726.954896069122,2434.221809744029,508.01378626395376,1555.9588798114596,2338.4202540308083,408.73429564753206,1791.9456962681038,2605.795344939604,0.029999999999972715,B,Z
DCB_se2_ag1_f_01_1,4034,EH1,1554,there,586.7782746297091,2027.9485999329775,2923.478175842113,590.836898120626,1961.4398939044113,2952.613452715457,565.0206200997844,2090.903841445387,2989.337639252355,0.05000000000001137,DH,R
DCB_se2_ag1_f_01_1,4037,OW1,1556,only,657.6557963348747,995.2222196334765,1592.1140640771155,667.5265397608517,1483.72800741699,3528.291432993434,622.3732692511543,1623.710789571456,3408.12327848454,0.06999999999999318,Z,N
DCB_se2_ag1_f_01_1,4040,IY0,1556,only,484.7171875186319,722.2536004063179,2782.9478935912866,556.2372692525984,2193.380817069137,2703.8783817085255,470.09143848822225,2732.8703932384797,2930.294899274675,0.18999999999999773,L,sp
DCB_se2_ag1_f_01_1,4043,IY1,1558,she,502.0202561868651,2141.7002157220745,2921.563292177379,611.4990104677332,1236.57167234093,2034.2224271983196,504.1764368635921,2370.543814609722,3343.815952771444,0.03000000000002956,SH,OW1
DCB_se2_ag1_f_01_1,4044,OW1,1559,only,650.6337633920776,1485.3959200672646,1994.2728130093953,661.4067681540075,1466.2389536969579,2117.214646007637,647.5631584952846,1628.623199763446,1973.9179447336855,0.060000000000002274,IY1,N
DCB_se2_ag1_f_01_1,4047,IY0,1559,only,447.907306501461,2398.9625580459806,2986.5124694589313,463.60852508668916,2533.4573051272278,2815.4003646291208,463.2095435709654,2588.2622024815096,2893.4131144470293,0.060000000000002274,L,HH
DCB_se2_ag1_f_01_1,4049,AE1,1560,has,650.7731847742426,2174.889560636011,3264.446114160299,663.7279543317218,2109.069191579957,2938.414640499454,643.901459531123,2268.0977745220816,3137.873892972713,0.18000000000000682,HH,Z
DCB_se2_ag1_f_01_1,4054,UW1,1562,two,511.69041931067534,875.8557297139507,2889.166599417112,1137.715723869406,2028.65286375111,3115.457504496029,1087.126579554864,2258.634829511748,3129.2645165880444,0.20999999999997954,T,S
DCB_se2_ag1_f_01_1,4056,IH1,1563,siblings,614.6320422407498,1920.6544825114643,3030.0627500482487,615.1312207599238,1934.115728380345,3027.170312491426,607.7737453558907,2007.2286358189285,3010.490522311568,0.0999999999999659,S,B
DCB_se2_ag1_f_01_1,4059,IH0,1563,siblings,546.7128726563296,1839.587355128816,3272.5214538147175,561.3699662584387,1841.130574109536,3330.0365192588197,544.2143133419734,1936.893402080537,3165.562498221085,0.040000000000020464,L,NG
DCB_se2_ag1_f_01_1,4064,OW1,1565,no,609.1873224555715,1333.9706979667037,2505.8635661249346,620.7354314920799,1441.1630717574196,3324.1391069625665,557.2451825736367,1711.342835157721,3196.700267608483,0.07999999999998408,N,TH
DCB_se2_ag1_f_01_1,4067,IY1,1566,three,490.12484312523526,2469.324687996067,2669.1042434606507,551.4176640587169,2239.1075868402822,2455.439814797312,491.2208316158834,2465.994447504167,2668.2513389675228,0.049999999999954525,R,S
DCB_se2_ag1_f_01_1,4069,IH1,1567,siblings,631.35665294839,1925.5166226413435,3082.2252056939133,631.4845045729826,1946.1218665422628,3088.703111931865,504.0922202061165,2047.243374601428,3079.8751378809184,0.06999999999999318,S,B
DCB_se2_ag1_f_01_1,4072,IH0,1567,siblings,565.5194549261968,1834.4053630468393,3325.0540946051183,607.4528993980439,1762.397223577048,3415.035651091608,574.0869416779394,1948.8758543995632,3114.3105692781232,0.029999999999972715,L,NG
DCB_se2_ag1_f_01_1,4076,AE1,1568,that,683.4585490186295,1835.7955026733412,2951.2877492322036,682.7702261354657,1834.660188301416,2951.9676401809957,678.3460042939015,1836.2898258704831,2907.0614329741966,0.029999999999972715,DH,T
DCB_se2_ag1_f_01_1,4078,AA1,1569,are,845.5591036488408,1489.2260829285976,2389.9758438487593,845.1208446188127,1490.0073296112296,2386.7659415719763,815.3328573506387,1552.1631749932446,2659.7884028952294,0.1199999999999477,T,R
DCB_se2_ag1_f_01_1,4080,AH0,1570,alive,645.2814168564097,1404.2546161084376,3050.9225701284204,660.2726324722431,1463.4413025332135,3067.355502778126,660.2726324722431,1463.4413025332135,3067.355502778126,0.029999999999972715,R,L
DCB_se2_ag1_f_01_1,4082,AY1,1570,alive,988.7426038301372,1802.4257842118488,3070.4090797385243,1034.2388251955758,1584.7489023009564,2752.0540426400994,980.39229815575,1801.2858463519217,3097.3911088414065,0.14999999999997726,L,V
DCB_se2_ag1_f_01_1,4086,AW1,1572,now,699.6096617605934,1970.765257241819,2747.1702879651507,713.1835606693048,1987.0569459345074,3134.7270440604325,704.3068408325212,1996.2092005941117,2913.5476153482687,0.029999999999972715,N,sp
DCB_se2_ag1_f_01_1,4088,AE1,1574,and,567.6249564176352,2094.086106870995,2607.6244212646257,787.0760225508949,1402.329640621888,2600.733215156443,575.1516058899139,2177.026137328528,3315.607895614742,0.06999999999999318,sp,N
DCB_se2_ag1_f_01_1,4091,UW1,1575,two,536.8405418805518,1112.2268366198007,3183.9433171973574,555.5052446380665,1813.1470017052138,2943.3896258327395,555.5052446380665,1813.1470017052138,2943.3896258327395,0.08000000000004093,T,DH
DCB_se2_ag1_f_01_1,4093,AE1,1576,that,670.7539835706582,1987.1923185415467,3265.4651620909017,713.6644682353754,1963.3304101477956,3159.602891262962,628.7374022134311,2076.4713026134846,3325.36653500583,0.06999999999999318,DH,T
DCB_se2_ag1_f_01_1,4096,AE1,1577,passed,687.2523529929773,2198.8615834191282,3057.85433210694,734.4355222616574,2113.2153087232864,3013.4780495960176,687.5309349563646,2239.657132974205,3187.4456548351104,0.12000000000000455,P,S
DCB_se2_ag1_f_01_1,4099,AH0,1578,away,558.6916358098617,1500.7370088416817,3143.03918598873,705.894184107116,1855.3562695261555,3365.6458042865606,705.894184107116,1855.3562695261555,3365.6458042865606,0.060000000000002274,T,W
DCB_se2_ag1_f_01_1,4101,EY1,1578,away,715.2630723811357,1807.634987749355,3032.0113146154567,741.7543692278518,1900.5865386754504,3101.982174523076,741.7543692278518,1900.5865386754504,3101.982174523076,0.040000000000020464,W,sp
DCB_se2_ag1_f_01_1,4104,OW1,1580,so,578.4261744285318,1188.3391712793193,3211.7801421947015,591.3094903750628,1272.6051121103626,3178.1558722195405,582.817403031704,1289.7918246319773,3166.268192482293,0.040000000000020464,S,sp
DCB_se2_ag1_f_01_1,4107,AY1,1582,five,764.4713243773607,1620.9095280137533,2489.098413961105,1058.2704219043264,1655.6828618241534,2872.0652068574514,721.8552108106113,1724.894006906123,2427.4920178511547,0.3199999999999932,F,V
DCB_se2_ag1_f_01_1,4114,IH1,1586,six,551.9578056346791,2238.8076960581075,2822.3784730668185,596.1598157949987,2189.577724067826,2871.447879692557,580.7126059903383,2267.3624088645515,2798.5818983253134,0.0999999999999659,S,K
DCB_se2_ag1_f_01_1,4118,OW1,1588,oh,696.981421516595,1464.57287614902,2374.0359581078087,718.3871174098648,1574.297770334642,2464.2763444382067,598.2009520889226,1731.0645849211194,2409.944404502802,0.12999999999999545,sp,sp
DCB_se2_ag1_f_01_1,4121,AE1,1590,yeah,708.4196226734323,1835.509527922371,2408.789648358317,768.4439623787182,1872.9467763600308,2618.5384432402807,722.9665970325538,1924.2366278201803,2797.9137316599627,0.1099999999999568,Y,S
DCB_se2_ag1_f_01_1,4123,IH1,1591,six,465.3595456240195,2228.38726785409,3089.5718508137925,500.20573276390934,2088.749779206357,3003.172347563816,483.2670161545263,2473.224380630307,2914.661966366455,0.040000000000020464,S,K
DCB_se2_ag1_f_01_1,4129,AY1,1593,my,949.3898038906067,1433.8735880472632,3010.1242894782245,1021.9624351797582,1468.8500513959132,2501.9360819485682,897.9913132164189,1527.0801666730335,3373.8888291229264,0.15999999999996817,M,AO1
DCB_se2_ag1_f_01_1,4130,AO1,1594,aunt,834.6599894200986,1299.9315794008087,1579.1700741502912,954.3925752938263,988.4498423678783,1622.3939621338732,813.2155441234241,1698.3205972469184,3337.9826111675943,0.19999999999998863,AY1,N
DCB_se2_ag1_f_01_1,4135,AY1,1596,my,935.2276315139787,1554.4945373551152,3220.829112898931,940.3039657478474,1566.4646728310904,3278.7343135502797,938.4772892105951,1567.1069578704055,3277.106462378358,0.08000000000004093,M,AO1
DCB_se2_ag1_f_01_1,4136,AO1,1597,aunt,875.3137883732686,929.1058897743943,1711.2432771173735,939.5311285548003,1555.2507956866336,2786.5225744235468,776.4438111582904,1756.3277033846969,3273.339844800315,0.08999999999997499,AY1,N
DCB_se2_ag1_f_01_1,4141,IH1,1599,which,550.8372235912124,1272.819593213718,1757.2582234264703,557.8874812854169,1610.0611669383402,2010.7329795842875,472.98498592003523,1827.9922368989842,3247.8602320309724,0.05000000000001137,W,CH
DCB_se2_ag1_f_01_1,4143,IH0,1600,is,496.6195253181673,1905.0104800066686,3364.044208608617,497.87673989344006,1906.3672024431883,3373.6816987562015,494.8469094729111,1942.500248390017,3235.260406198959,0.03999999999996362,CH,Z
DCB_se2_ag1_f_01_1,4146,AY1,1601,my,950.3314738462833,1489.4789776829302,3286.9468609277087,962.9497606951245,1471.8121398784622,3264.5004116996306,905.620324347539,1570.218589205223,3355.7013943430707,0.1500000000000341,M,AH1
DCB_se2_ag1_f_01_1,4147,AH1,1602,uncle,813.1720694923605,1104.090602473477,3037.993934748696,858.5701274825695,1138.2627180987965,3279.861184002501,744.0286052532813,1229.5510986672145,3172.8728128466614,0.08999999999997499,AY1,NG
DCB_se2_ag1_f_01_1,4150,AH0,1602,uncle,448.30609704718375,948.1282445642087,2660.8337651782417,763.216010058972,1701.3670860489801,2872.908929277,763.216010058972,1701.3670860489801,2872.908929277,0.05000000000001137,K,L
DCB_se2_ag1_f_01_1,4154,AH1,1605,uh,748.5560968334886,1398.0461791771684,3145.338071920638,873.4421602639296,1855.5428333922653,3130.735961172525,873.4421602639296,1855.5428333922653,3130.735961172525,0.29000000000002046,,W
DCB_se2_ag1_f_01_1,4156,AY1,1606,wife,661.7746050222008,1875.7639135072227,3076.753525761952,899.5768232404644,1339.2198074468724,2864.8231245854463,760.6728249879498,2499.7940406093,3106.0467734299546,0.11000000000001364,W,F
DCB_se2_ag1_f_01_1,4160,IY1,1608,she,572.6678786331563,2482.315328973129,3201.0209838350493,588.8523073029716,2411.1981356627107,3180.3831221181936,551.7274357372381,2501.611432898984,3033.3798845387696,0.06999999999999318,SH,Z
DCB_se2_ag1_f_01_1,4163,AE1,1610,having,804.8640209143261,1984.9439696071638,3060.6544766543625,806.434741348466,1979.5189009357916,3009.797820332067,792.1599336543326,2016.1760428868922,3458.7801083828153,0.06999999999999318,HH,V
DCB_se2_ag1_f_01_1,4165,IH0,1610,having,621.2546778346538,1766.416110117907,3049.467412298751,621.0289752445675,1767.4421405539413,3044.2175554787545,567.9351747230243,1817.9232967205123,3083.8989852668115,0.03000000000002956,V,NG
DCB_se2_ag1_f_01_1,4167,AH0,1611,a,551.905391236979,1756.1860123931765,3211.973410508051,605.1051311427372,1822.1669999965666,3366.1160928732265,541.2862971854495,1879.0704477449897,3124.6444154620854,0.06999999999999318,NG,B
DCB_se2_ag1_f_01_1,4169,EY1,1612,baby,472.1289125444624,854.6415296522075,2671.21976704908,574.7183750829505,2139.3242901337285,3169.2871179194417,438.7413129727046,2616.3098596466834,3223.2085212149295,0.1099999999999568,B,B
DCB_se2_ag1_f_01_1,4171,IY0,1612,baby,381.5354394452835,1929.660755243434,2864.3670638604394,428.0744461219602,1693.6431849454552,2903.3924631191076,376.4446206426346,2019.8067805993787,2751.2374897843865,0.049999999999954525,B,F
DCB_se2_ag1_f_01_1,4173,AY1,1613,finally,908.3201788905172,1790.610797120599,2789.080456858777,926.5613736371131,1728.3867859075674,2680.5170847631753,805.7754756203614,1934.023636922808,3414.8666913326524,0.1199999999999477,F,N
DCB_se2_ag1_f_01_1,4175,AH0,1613,finally,600.083241685149,1798.0495412907921,3517.7737033246076,600.9419800103475,1809.1822305401217,3510.874353674217,571.7851952668447,1803.0143167629838,3548.745787230541,0.03000000000002956,N,L
DCB_se2_ag1_f_01_1,4177,IY0,1613,finally,449.032163139519,1437.0633717622322,2585.262221670931,486.473759412351,1567.2768895886077,2987.5661790024405,430.3040044116943,1891.5117305030142,3015.088620972593,0.09000000000003183,L,sp
DCB_se2_ag1_f_01_1,4179,AH1,1615,um,527.8287676181565,1878.7236157385591,3046.972323049196,620.3698907549453,1870.893547216592,3236.099287548804,475.04315810631704,1908.360942827942,3016.228387806914,0.03000000000002956,sp,M
DCB_se2_ag1_f_01_1,4184,EH1,1617,february,641.6940356318961,1825.3768870615263,1954.5023125863934,681.1114258162254,1848.7872777824894,2216.818500846314,673.3197823747253,1853.5853026460306,1994.6806446017208,0.05000000000001137,F,B
DCB_se2_ag1_f_01_1,4187,UW0,1617,february,527.1159748938854,1301.679069827629,2879.937864249069,566.4135511627439,1598.5001330959785,2972.4679183990143,566.4135511627439,1598.5001330959785,2972.4679183990143,0.040000000000020464,R,EH2
DCB_se2_ag1_f_01_1,4188,EH2,1617,february,571.0477166668057,1658.3983976142463,2632.399948055419,572.8921020149209,1655.5324494378046,2753.5106287777535,557.5024672918825,1769.8693484615087,2667.422959262533,0.029999999999972715,UW0,R
DCB_se2_ag1_f_01_1,4190,IY0,1617,february,405.70349346158775,1862.4422907196742,2745.1932467369547,466.7667637079719,1796.0754970257603,2655.161126606623,412.3179847439376,2060.1753823333793,2667.4567543259163,0.029999999999972715,R,T
DCB_se2_ag1_f_01_1,4193,EH1,1618,twenty,613.8907596600928,1730.1541288806625,3550.627008644435,644.7702902720062,1378.8665232621272,1553.4521431857113,562.6932513269539,1860.176557587249,3406.7412974751337,0.040000000000020464,W,N
DCB_se2_ag1_f_01_1,4195,IY0,1618,twenty,408.15529247041866,1801.9314982346823,2660.8693420022373,458.6410743299337,1927.733683265601,2360.791288734376,439.8596465559284,2387.060471614672,2938.1082719908,0.09000000000003183,N,S
DCB_se2_ag1_f_01_1,4197,EH1,1619,second,685.3401231380258,2049.975288217413,3275.056869614673,700.0644428514327,2049.314885487462,3156.1142631324765,548.8063281173198,2192.647754752448,3119.8830627451657,0.08999999999997499,S,K
DCB_se2_ag1_f_01_1,4199,AH0,1619,second,547.0467365060259,1329.731001715986,2431.118327200848,699.3132184520078,1811.8869143122192,2546.658705146472,567.6228618608588,2270.3021632552222,3108.0325754435767,0.03999999999996362,K,N
DCB_se2_ag1_f_01_1,4204,AE1,1621,yeah,754.0826300258285,1951.0240847541445,3060.532727230274,756.1666913638747,2090.1949446331405,3128.398198100056,535.9353461061907,2483.3335320451397,3146.486989713906,0.26000000000004775,Y,
DCB_se2_ag1_f_01_1,4207,AE1,1623,yeah,485.3189036111718,1958.0433735071813,2896.670994309658,664.8893820342395,1925.52974169463,2719.8994743302883,559.7024096670029,2276.155177418632,2991.054404376101,0.37999999999999545,Y,
DCB_se2_ag1_f_01_1,4210,AE1,1625,yeah,651.2523374068837,2335.7814780820186,2896.4472835299075,1817.618008556385,3204.3409915679313,3835.5816166842405,1820.0480100216027,3209.6084323260943,3829.2506167984507,0.2400000000000091,Y,
DCB_se2_ag1_f_01_1,4213,AE1,1627,yeah,705.4947561226821,1292.127194482984,2298.9014204454134,788.4812500523244,2061.3383277601224,3320.427268249735,707.9095628732746,2093.1324880342686,3328.2827428238165,0.13999999999998636,Y,sp
DCB_se2_ag1_f_01_1,4217,AE1,1629,yeah,873.271861080848,2034.2840111587448,3259.123029912968,921.4326772390748,1851.0971989022703,3288.95719208685,604.8138007954539,2270.329539840128,3092.8594825758682,0.17000000000001592,Y,sp
DCB_se2_ag1_f_01_1,4219,AH0,1631,and,596.3117806387442,1749.693963585308,2554.951829814316,835.7296894790238,1776.0164821702776,2540.0297280252003,519.5972348416283,1777.2159013022306,2801.6557548285436,0.03000000000002956,sp,N
DCB_se2_ag1_f_01_1,4222,IY1,1632,she,609.5541636346205,2483.947922351414,3195.3592929562737,612.8920054195875,2544.343215402057,3243.6063283185144,611.628573064369,2541.115121161844,3236.2730197670726,0.06999999999999318,SH,W
DCB_se2_ag1_f_01_1,4224,AH0,1633,was,509.29506481346783,1310.078687485117,2601.0430108150595,546.6467212254149,1279.0555719206952,2940.376047081357,483.1662333510248,1401.1460394172516,2493.1842717155123,0.03000000000002956,W,Z
DCB_se2_ag1_f_01_1,4227,IH1,1634,really,618.7482832542303,1722.209826152755,3017.5780668055236,632.8559367677046,1633.7408455899229,2906.845966136266,596.4880876369682,1796.0133702155085,3155.134168517562,0.040000000000020464,R,L
DCB_se2_ag1_f_01_1,4229,IY0,1634,really,512.868269729633,2707.699475099504,2823.8194985874284,525.9656579386957,2645.4185134640816,2840.228970107597,511.4322983416734,2709.77465621122,2823.151266066486,0.08000000000004093,L,IH0
DCB_se2_ag1_f_01_1,4230,IH0,1635,excited,505.99548220523786,2169.4458059197304,2869.0155217223855,534.8560921935573,2213.7209978113333,2897.2107847553416,524.201507647742,2217.1008590319207,2973.703965502209,0.029999999999972715,IY0,K
DCB_se2_ag1_f_01_1,4233,AY1,1635,excited,718.9658288422844,1899.4118503485179,2909.8347263967153,730.0271505562733,1814.434070299823,3147.7386375675064,641.6903918511125,2100.501946463587,2925.104700538542,0.05000000000001137,S,T
DCB_se2_ag1_f_01_1,4235,IH0,1635,excited,623.1407399395911,2138.957095541512,3093.689960160067,635.7788953624024,1993.9118313747197,3081.6475007238655,598.7016327662955,2245.1210285111697,3144.392916675821,0.03000000000002956,T,D
DCB_se2_ag1_f_01_1,4238,AY1,1636,like,690.9690256956841,1975.5865000118035,2463.797809699385,836.9519331318031,1818.6727549799305,3182.797477259067,611.8289874473201,2068.865730525521,2611.272544726431,0.03999999999996362,L,K
DCB_se2_ag1_f_01_1,4241,IY1,1637,she,561.5039478649303,2121.997375112575,3020.627656560896,595.2168805382485,2219.86756724131,2862.794539278904,537.860193895863,2318.078934098027,3009.542953148847,0.05000000000001137,SH,W
DCB_se2_ag1_f_01_1,4243,AH0,1638,was,483.3237394669044,1917.292806809678,3298.2887727504044,511.63326269985674,1923.418587382737,3264.183562502234,511.63326269985674,1923.418587382737,3264.183562502234,0.029999999999972715,W,Z
DCB_se2_ag1_f_01_1,4247,AH1,1640,jumping,856.7711991331266,1543.6973460890765,2923.047840358738,862.2422600547959,1326.9287054795468,2990.550044498697,803.6368904879295,1752.9992446689653,3671.1896867546006,0.05000000000001137,JH,M
DCB_se2_ag1_f_01_1,4250,IH0,1640,jumping,542.8963001251051,1647.065363159997,2934.7916924192377,831.605283506919,1819.6639950847514,2752.549624772894,831.605283506919,1819.6639950847514,2752.549624772894,0.03000000000002956,P,NG
DCB_se2_ag1_f_01_1,4252,ER0,1641,around,568.1856388657452,1153.7950211751308,2198.9400195589656,924.3552408441263,1731.0842527567997,2382.8972842925523,657.4612645331921,1782.7249822991482,2883.423403690841,0.160000000000025,NG,AW1
DCB_se2_ag1_f_01_1,4253,AW1,1641,around,921.8124928916154,1702.8529778159382,2445.368645983665,939.499874882607,1716.9121895699707,2390.0269025099915,923.2427859139224,1735.6379466243206,2394.9237506206564,0.060000000000002274,ER0,N
DCB_se2_ag1_f_01_1,4257,AH1,1642,the,897.0737239092525,1913.3989744516407,2738.251587639467,927.4067298030307,1914.5796858620981,3059.7461047002885,919.9851620488269,1926.0274113127193,2978.69600143007,0.040000000000020464,DH,HH
DCB_se2_ag1_f_01_1,4259,AW1,1643,house,825.8141532998878,1432.7797954824057,2746.8905349092615,983.5311479029056,1760.9380068334506,2155.4092589638453,958.9575849746067,1770.7289480063362,2188.5056118888388,0.13999999999998636,HH,S
DCB_se2_ag1_f_01_1,4264,AY1,1645,like,831.9580552971566,2016.5990242645662,2442.3272795858666,945.2120786106341,1941.1972345758045,2093.934582161057,824.8565042087606,2060.98571329153,2449.387093143358,0.049999999999954525,L,K
DCB_se2_ag1_f_01_1,4266,AA1,1646,ah,1446.7731725337815,1882.2468235018237,2291.2118583853776,1403.687167492062,2155.831223338268,3221.5091911718737,1392.3244991844233,2324.3395207934514,2683.565036449034,0.15999999999996817,K,sp
DCB_se2_ag1_f_01_1,4271,OW1,1649,no,785.3064712046877,1364.135969730249,3188.0948092129624,905.8818764763294,1578.44703548504,3058.5279283573277,647.0901252282581,1771.5753971433332,2054.01818836464,0.10000000000002274,N,M
DCB_se2_ag1_f_01_1,4273,AY1,1650,my,953.3271167615248,1412.4208794029853,2041.1547741788822,963.7283362347146,1423.70546351753,2022.771048298987,933.5791654193825,1454.203855718295,2590.715318018027,0.09000000000003183,M,M
DCB_se2_ag1_f_01_1,4275,AA1,1651,mom,805.8873683145731,1327.0147679542458,2305.8581988749543,933.6876292095662,1575.5206626701406,1793.5964723152501,842.901932300625,1628.7369175859774,3595.0000659185935,0.18000000000000682,M,M
DCB_se2_ag1_f_01_1,4278,AA1,1652,was,706.654162691054,1143.4522782083907,3021.697046604295,1128.2287955132326,1260.8805505877442,1694.0835266687834,780.3290371149569,1437.5244540648812,3012.7648428904813,0.660000000000025,W,Z
DCB_se2_ag1_f_01_1,4281,AY1,1653,my,727.1531725605131,1875.6255550649432,2516.5385078053578,768.6086207451665,1872.7308144118804,2499.576353204608,711.4596472009948,1880.9408140764579,2511.8418338689307,0.060000000000002274,M,sp
DCB_se2_ag1_f_01_1,4284,AA1,1655,mom,731.8904461268836,1984.7483619265695,2524.43908980961,732.367266564928,1985.2113478540552,2521.988375114887,703.1749299350093,2008.5359067699278,2459.3815658164813,0.029999999999972715,M,M
DCB_se2_ag1_f_01_1,4288,AE1,1657,yeah,632.0200960983285,2179.563195977956,3268.3925030921805,647.6061820367587,2321.527881148022,3337.6155461899625,580.3476566799021,2335.7974103094793,3278.0112974611675,0.05000000000001137,Y,sp
DCB_se2_ag1_f_01_1,4291,AA1,1659,cause,497.6016607870066,1936.3956683035942,3112.178323189477,595.1281325409301,1950.9024072243317,2907.426970083437,528.6576156748729,1962.328134013292,3028.9707616959495,0.040000000000020464,K,Z
DCB_se2_ag1_f_01_1,4294,IY1,1660,she,483.4152140193398,1459.0067974162741,2899.90107167613,1045.647588407129,2167.4211766323765,3301.4915055315637,628.2905398374745,2838.0311932873897,2936.7457804631586,0.10000000000002274,SH,K
DCB_se2_ag1_f_01_1,4296,AA1,1661,cause,536.2192656147278,1464.2310691436492,1807.7209497999067,804.1667631092215,1812.9229073867173,2732.540641171239,567.6331813354184,1839.5826433937566,3237.391457081438,0.07999999999998408,K,Z
DCB_se2_ag1_f_01_1,4299,IY1,1662,we,570.9536819033178,2892.410322321852,3182.2193949771886,676.6697454851915,1866.77980294551,3134.467810405803,597.7603665151601,2920.4843464016108,3184.485637910211,0.12000000000000455,W,AH1
DCB_se2_ag1_f_01_1,4300,AH1,1663,um,852.2846230264689,1409.334499496596,3474.0449448517734,870.6645116770677,1475.2269890865446,3371.8417462800085,676.6697454851915,1866.77980294551,3134.467810405803,0.18999999999999773,IY1,M
DCB_se2_ag1_f_01_1,4304,EH1,1665,well,521.9638076969034,1230.083919628141,3262.18800267728,622.5429765376656,1686.5510310398017,3198.1507361576173,622.5429765376656,1686.5510310398017,3198.1507361576173,0.06999999999999318,W,L
DCB_se2_ag1_f_01_1,4307,OW1,1666,so,506.7418176884229,932.7898426587597,3217.174999760876,661.7534324576735,1319.235876575991,3228.119838447825,562.0102051019189,1677.9188815444054,3170.588941474528,0.1500000000000341,S,F
DCB_se2_ag1_f_01_1,4310,AH1,1667,from,699.3125542056289,1334.776981158968,2256.033180817899,727.8160583122399,1351.625417369839,2179.8178396384483,726.9003635348187,1354.8964754578117,2198.911018932017,0.029999999999972715,R,M
DCB_se2_ag1_f_01_1,4313,AY1,1668,my,864.8932496028452,1759.9596985765509,2381.264190580809,883.7201840480192,1721.35595885799,1875.3823124422402,844.3356413024428,1964.6713088915526,2725.0480632464696,0.1099999999999568,M,F
DCB_se2_ag1_f_01_1,4315,AE1,1669,family,670.3350396707805,2087.258171016902,3194.4419119367417,689.188678291696,1933.3818729418488,2817.019226332507,664.1526330419177,2137.974879219707,2440.1435523364476,0.08999999999997499,F,M
DCB_se2_ag1_f_01_1,4318,IY0,1669,family,497.6678386519666,2084.34281860339,2954.1183405455813,559.6296299149465,1755.342727719303,2937.165307178452,545.683427981357,2192.2126854874746,3219.838434496202,0.040000000000020464,L,Z
DCB_se2_ag1_f_01_1,4321,AY1,1671,side,809.4099733427032,1846.5719575572502,2626.6194074745526,819.9651696814224,1126.6932868033682,1943.084075235459,729.2388459065971,1864.7094228206356,2686.542624275323,0.06999999999999318,S,D
DCB_se2_ag1_f_01_1,4324,AY1,1673,i,972.4586372747286,1744.80926793298,1961.5377046942087,1110.7289002819264,1767.2857732763591,3060.871081154477,658.6246041870007,2086.4554001368733,2499.0977960709233,0.09000000000003183,,D
DCB_se2_ag1_f_01_1,4326,OW1,1674,don't,749.0326093799501,1245.2880695060062,3331.5615206745833,748.804457920387,1246.0616959432293,3360.3274607365797,710.9503329652315,1741.399687622163,3162.411039109949,0.10000000000002274,D,N
DCB_se2_ag1_f_01_1,4329,AE1,1675,have,706.2958363238374,2130.859270551269,3434.6211534645927,764.7893205568691,1066.7961879715936,2244.823493645204,706.5262824011852,2132.396013328577,3432.606567742191,0.160000000000025,HH,V
DCB_se2_ag1_f_01_1,4334,IY1,1677,c,848.7427931183856,1729.316664856953,3281.6561458759775,884.8555137451816,1679.4870780397398,3295.503469678626,807.3295142893613,1764.1600042062046,3255.6268027438214,0.029999999999972715,S,sp
DCB_se2_ag1_f_01_1,4337,AY1,1679,like,781.9433559141157,1131.6520532529112,2344.8669941161093,874.0905528374511,1837.8789361294316,3333.6209322909917,873.6981485865987,1836.6763871927103,3333.4246450377887,0.060000000000002274,L,K
DCB_se2_ag1_f_01_1,4340,ER1,1680,first,620.1514944807744,1429.7125895408835,1815.8536338870458,689.2086893917611,1259.4888400141392,1782.1174150736915,520.7014518245743,1620.9733626720467,1979.3875371123627,0.1099999999999568,F,S
DCB_se2_ag1_f_01_1,4344,AH1,1681,cousins,803.6123669997573,1429.3795561616405,1832.9454449007353,832.3395516362348,1796.0563350652717,3318.560530042809,716.918994628916,1901.3572583158011,3339.0375394156827,0.1400000000000432,K,Z
DCB_se2_ag1_f_01_1,4346,AH0,1681,cousins,539.8726357431608,1475.6001354464884,1875.7509636575205,601.405552142328,1805.8140024603495,3289.5046124569985,525.5647865414868,1825.3980196337811,2483.357702692671,0.12000000000000455,Z,N
DCB_se2_ag1_f_01_1,4350,ER0,1683,around,664.7724360041893,1230.4110868163257,2911.5600316439522,757.6823895541659,1764.442059814481,2078.154700360111,468.9061508238489,1798.831113675927,2183.349590909698,0.2400000000000091,sp,AW1
DCB_se2_ag1_f_01_1,4351,AW1,1683,around,805.4830450157921,1763.5379907307408,2255.1166999197458,807.7580852327984,1767.1109427061208,2094.3430012596355,784.4299632967877,1778.4001450216315,2048.9759182358907,0.08999999999997499,ER0,N
DCB_se2_ag1_f_01_1,4355,AH0,1684,them,690.2264930263882,1552.6020538624,2642.0357440977696,709.4991275362028,1786.3909621596854,3513.2700380374285,677.7523456559675,1809.3521792880822,3446.8951604460217,0.05000000000001137,DH,M
DCB_se2_ag1_f_01_1,4360,OW1,1686,so,624.6742928646312,1258.9453093607867,3240.9848344739185,669.8672364235603,1410.9766658479932,3034.210193551328,569.5239680884948,1768.6478520082605,3191.5564655162507,0.08999999999997499,S,W
DCB_se2_ag1_f_01_1,4362,IY1,1687,we,508.61390954264886,1505.0155951043214,2861.941669458019,528.8258042843603,2219.9522559551533,3192.3500816984097,519.4398557810842,2377.0877073348124,3075.6933062964627,0.08999999999997499,W,N
DCB_se2_ag1_f_01_1,4364,EH1,1688,never,732.3887438969143,1824.4303826873966,2209.962879668027,765.3949730772833,1905.6685634286234,3692.7360422370066,677.23908237269,2092.622311602688,3241.5823039546176,0.06999999999999318,N,V
DCB_se2_ag1_f_01_1,4366,ER0,1688,never,635.9565971582964,1668.9199926782835,3277.773965650681,644.4018043490471,1562.8826763475683,3161.4794864950372,582.3865016370307,1801.5335594506694,3185.2951497052345,0.06999999999999318,V,G
DCB_se2_ag1_f_01_1,4368,AA1,1689,got,849.2002497817763,1843.9494629495068,2524.137004809227,851.6826183408186,1846.1263045673213,2523.6477807885026,696.5215133732928,1964.118297402746,2095.930244406154,0.06999999999999318,G,T
DCB_se2_ag1_f_01_1,4371,AE1,1690,that,655.0482999835283,1467.998875582232,2425.6670987010802,658.0416804889707,1500.342824994088,2293.945622269688,633.0615203994671,2263.146620931782,2359.286300933176,0.06999999999999318,DH,T
DCB_se2_ag1_f_01_1,4374,AH1,1691,cousin,704.8067963039371,1767.437782299652,2985.2757948132853,891.2261113193572,1853.1729857115358,3241.5556249725128,647.9217285642465,1924.2679522448277,2947.2308674785286,0.11000000000001364,K,Z
DCB_se2_ag1_f_01_1,4376,AH0,1691,cousin,510.9168338752826,1824.6561796140509,3170.434504956715,549.0710346716472,1848.4805253560455,3126.841136490087,533.8031525828285,1853.827844542633,3096.8673304519884,0.05000000000001137,Z,N
DCB_se2_ag1_f_01_1,4378,IH0,1692,experience,651.9500898827351,2229.2250279806763,3374.2014099181984,661.3582646982351,2102.0285626235823,3479.0385183166704,635.7534135852862,2262.6819665536364,3375.499284458492,0.06999999999999318,N,K
DCB_se2_ag1_f_01_1,4382,IH1,1692,experience,654.5488133649676,1561.6828367912713,1898.027841591953,670.1513244587684,1690.5040980451704,1954.869347232608,670.1513244587684,1690.5040980451704,1954.869347232608,0.029999999999972715,P,R
DCB_se2_ag1_f_01_1,4384,IY0,1692,experience,576.9508792610565,1802.400405149937,2956.110051317643,629.2976374376573,1525.6903817643938,2584.945099164909,601.4822198364438,2503.850501369522,3174.1676664348406,0.12999999999999545,R,AH0
DCB_se2_ag1_f_01_1,4385,AH0,1692,experience,694.018651389618,2068.8362847842764,2737.014975833037,699.0028223145916,2097.593699618917,2857.427976959974,693.9277642617063,2114.510157696352,2727.861412527796,0.03000000000002956,IY0,N
DCB_se2_ag1_f_01_1,4389,AY1,1693,like,839.6158111301105,1811.5595345415154,2035.5372522605671,899.7894873955661,1786.331615651829,2800.7710456226423,665.4319387577406,2229.0069778206616,3231.6678361309055,0.09000000000003183,L,K
DCB_se2_ag1_f_01_1,4392,OW1,1695,oh,684.009340243154,1095.9750805673148,3307.009606404497,861.8539952123733,1724.6359660122896,3030.4889296859997,861.8539952123733,1724.6359660122896,3030.4889296859997,0.17000000000001592,sp,AY1
DCB_se2_ag1_f_01_1,4393,AY1,1696,i'm,829.8445049629654,1214.9733721597916,2086.4604386971573,862.8773899557684,1275.0591376752393,1893.302819289166,859.1598527092663,1311.189986354757,1744.9023322497299,0.049999999999954525,OW1,M
DCB_se2_ag1_f_01_1,4396,OW1,1697,going,592.0013976969818,1010.3290486161911,3004.272347476489,604.6370584421414,1019.8432553375682,2401.099109413167,581.1667018250919,1178.1192679383107,2246.006315699197,0.040000000000020464,G,IH0
DCB_se2_ag1_f_01_1,4397,IH0,1697,going,693.6163534156312,1233.1849576407362,1947.1702692168628,708.33730675852,1296.072618835895,1396.9880395307941,652.9840149670398,1552.6654597442214,1907.3799033711882,0.05000000000001137,OW1,N
DCB_se2_ag1_f_01_1,4399,OW1,1698,over,736.4621467434996,1557.8229813242212,3215.6174975169874,746.7160916647821,1650.6194316485362,3241.7275951574484,738.5414140948135,1666.3476325660367,3217.048663018532,0.060000000000002274,N,V
DCB_se2_ag1_f_01_1,4401,ER0,1698,over,567.7306536774278,1124.360665817476,3142.7134092484443,572.7466429341816,1128.887164897015,3242.1073769755417,507.8808885027505,1236.280568790664,2874.08061590808,0.05000000000001137,V,M
DCB_se2_ag1_f_01_1,4403,AY1,1699,my,912.6839497094082,1608.0850749090537,2468.2241608135596,949.1643286718208,1620.0387309285845,2490.493819757179,699.8104702784254,1848.0809967854054,3545.8048514812544,0.07999999999998408,M,K
DCB_se2_ag1_f_01_1,4405,AH1,1700,cousin,843.1956942519163,1909.176738114705,2607.528038696801,869.0579949702502,1787.664691095104,1836.8370803671262,816.4616736683099,1931.5805048588522,3351.3067494519673,0.12000000000000455,K,Z
DCB_se2_ag1_f_01_1,4407,AH0,1700,cousin,530.3326300226478,1763.647776014422,3149.8642254423507,536.3726849648257,1826.4819664173015,2979.387968949104,528.7099740455257,1744.329341353755,2582.168690712897,0.049999999999954525,Z,N
DCB_se2_ag1_f_01_1,4411,AW1,1702,house,574.8933800859209,1049.9394587405072,2184.7947168272117,934.3839284143642,1436.3288099003628,2270.9511126345647,894.8145970481551,1642.3594991967786,3061.3294451382203,0.10000000000002274,HH,S
DCB_se2_ag1_f_01_1,4414,IH0,1703,to,505.1788873811258,1721.0869676885009,3213.05333160482,514.7171074853451,1796.2477120825731,3003.877401390538,514.7171074853451,1796.2477120825731,3003.877401390538,0.05000000000001137,T,S
DCB_se2_ag1_f_01_1,4417,EH1,1704,spend,688.8704557907722,1954.2307955747845,3176.1657715073,723.0449715592398,2009.2351670941723,3309.5921425612246,723.2964257668064,2012.2287339796835,3268.1903408477187,0.03000000000002956,P,N
DCB_se2_ag1_f_01_1,4421,AH0,1705,the,581.6222584526629,843.2497320980697,1816.4950967689686,696.6681690997558,1672.0996195714606,2867.9542035586846,695.5987215445476,1828.8585469850043,3338.7218929087085,0.03000000000002956,DH,N
DCB_se2_ag1_f_01_1,4423,AY1,1706,night,908.007911316019,1901.5687398330467,2401.5364653779066,926.1064579451003,1814.4628784466634,2183.5908611808472,746.6538592934859,2109.449435688659,2390.693357610671,0.07999999999998408,N,T
DCB_se2_ag1_f_01_1,4426,AH0,1708,and,686.4457603337046,2107.897790179261,3292.564656082459,753.1461638039098,1931.183063975251,3254.757400403512,687.7398312231296,2118.696679462214,3237.265729684526,0.029999999999972715,sp,N
DCB_se2_ag1_f_01_1,4429,AY1,1709,my,822.307738765939,1530.119437486178,3558.4171057421677,834.940489050654,1549.656944741447,3460.9418188794807,835.526443270248,1550.499697091226,3444.6153225691605,0.03999999999996362,M,M
DCB_se2_ag1_f_01_1,4431,AA1,1710,mom,821.0518977015398,1441.0228487934196,2031.3332848421037,1050.749021017055,1387.796194724288,2145.532323230813,961.1654968773414,1436.5365531160667,2148.05392980863,0.07999999999992724,M,M
DCB_se2_ag1_f_01_1,4434,AH0,1711,was,490.06779210667514,1359.07790228481,3332.805872416615,555.7910695109018,1359.104536487427,3316.4453010268876,504.36260229322664,1369.7987698803965,2987.919333613258,0.029999999999972715,W,Z
DCB_se2_ag1_f_01_1,4437,IY1,1712,real,562.8045922322424,1493.9596065842263,2194.695458446971,601.5659508212768,1543.2385145636254,2375.991068651905,601.5659508212768,1543.2385145636254,2375.991068651905,0.05000000000006821,R,L
DCB_se2_ag1_f_01_1,4442,IH1,1713,strict,510.9109953414339,2081.1593778072242,2339.8367440731245,566.0741498502263,2029.7358632062512,2553.3184721630355,513.3385200828893,2094.1128920175443,2302.483948986852,0.07999999999992724,R,K
DCB_se2_ag1_f_01_1,4445,AH0,1714,about,616.8898247648484,1698.6706319666746,3097.442387241849,621.634554146198,1739.3167881119205,3119.359075446861,569.8013136263487,1926.0806874143088,3131.156863129326,0.049999999999954525,T,B
DCB_se2_ag1_f_01_1,4447,AW1,1714,about,823.3339008213694,1558.8725199017274,3280.1714342367254,832.9324343372409,1509.3934070691064,3221.8810020601622,797.1035240932529,1656.3250325958222,3320.058228097981,0.09999999999990905,B,T
DCB_se2_ag1_f_01_1,4449,AH1,1715,us,644.892023994729,1084.9324224582392,1740.8290079358758,682.6781645197427,1094.7057297755655,1872.6755444146693,632.0748208833072,1706.2371485268327,3500.6440725650036,0.09000000000003183,T,S
DCB_se2_ag1_f_01_1,4452,IY1,1716,be,461.8562585775436,1639.6398902338321,2727.211588396864,464.6939931885114,1639.4573110108,2720.551622775553,447.87244625191573,1978.9914713694,3108.3861434019577,0.049999999999954525,B,S
DCB_se2_ag1_f_01_1,4455,EH1,1717,spending,681.4802982853655,1789.0539749971122,3059.021841944882,688.3766023317801,1858.60926227638,3108.7825276193903,686.7882058175563,1860.6071828931535,3130.0931198357684,0.030000000000086402,P,N
DCB_se2_ag1_f_01_1,4458,IH0,1717,spending,644.2779772776821,1693.0397464575497,2822.321502575655,644.3171477724895,1693.022110808839,2808.6623321394127,643.6747786471789,1693.311323296256,3032.663315755984,0.029999999999972715,D,NG
DCB_se2_ag1_f_01_1,4461,AH0,1718,the,619.7522253387871,1583.597808023922,3217.8063772756827,627.6403438772674,1575.822810615108,3184.416534963436,541.0599252718428,1774.4633204262595,2847.0653977462016,0.03999999999996362,DH,N
DCB_se2_ag1_f_01_1,4463,AY1,1719,night,847.5765291405885,1717.1185705430303,2592.583484070463,847.8976633093434,1715.7713533768908,2585.9120514717283,793.5846105152261,1932.10790367302,2824.285007534363,0.09000000000003183,N,T
DCB_se2_ag1_f_01_1,4465,OW1,1720,over,630.8203680625288,1161.568317645087,2567.9527861141437,690.9037388485021,1510.409482403567,2925.0530877196425,691.2787006218302,1560.0646778614155,3121.9060299493735,0.04000000000007731,T,V
DCB_se2_ag1_f_01_1,4467,ER0,1720,over,533.7576577685711,1148.685845109009,3086.6650773726733,546.549411715093,1189.0044005007583,3057.289181169333,450.6663107139388,1290.9669846464492,2702.0523789820304,0.06000000000005912,V,P
DCB_se2_ag1_f_01_1,4469,IY1,1721,people,577.5281878117587,2398.0557543513873,2985.9653432277696,577.5030550639018,2398.2912421477204,2985.9964456510747,487.8626505066449,2552.1921443256247,2987.353058511511,0.05000000000006821,P,P
DCB_se2_ag1_f_01_1,4471,AH0,1721,people,515.5282397871597,1064.302033769642,2593.823158614504,662.48920459911,1406.5719570653678,2384.7717430488533,662.48920459911,1406.5719570653678,2384.7717430488533,0.05000000000006821,P,L
DCB_se2_ag1_f_01_1,4474,AW1,1722,houses,891.5480913222332,1612.0125981846943,2634.8396009708963,1087.3034906413627,1605.323066554754,2440.0618547478252,894.0755289450211,1610.04517456105,2536.510027982672,0.08999999999991815,HH,S
DCB_se2_ag1_f_01_1,4476,IH0,1722,houses,518.190622970831,1830.7077269177976,3013.652296619949,871.5586852010576,1563.1231424074924,2764.575990359621,512.2075317173797,1899.7085635375927,3177.852946763663,0.049999999999954525,S,Z
DCB_se2_ag1_f_01_1,4479,IY1,1723,she,530.6019372065423,2687.2019831396315,3260.3253346241663,554.5977996267227,2706.8131178979847,3595.1266434126464,535.3942682536346,2960.7760076270706,3163.641651889823,0.05000000000006821,SH,D
DCB_se2_ag1_f_01_1,4481,IH1,1724,didn't,459.355180760656,1134.4524613445726,2495.2606264177393,511.6608185059287,2494.463516405742,3281.741009418428,454.1946636789477,2470.041970447169,3331.551357770902,0.13999999999998636,D,D
DCB_se2_ag1_f_01_1,4486,UW1,1725,do,567.3708161576382,934.5684331157046,2997.9658229611914,572.9538138563306,950.5403830285193,2926.904739437265,469.3004275850026,1988.3979063598574,3165.785249842175,0.17999999999994998,D,IH0
DCB_se2_ag1_f_01_1,4487,IH0,1726,it,598.523017691579,1590.073590555453,3233.09554158383,598.8111841336835,1662.1772318674916,3195.5613752241475,526.5894710211941,1939.369158215502,3078.9191703414654,0.06000000000005912,UW1,T
DCB_se2_ag1_f_01_1,4491,AE1,1728,at,807.8726624296652,1360.033565313928,2675.190016716044,843.1657211697498,2099.8959471824073,2776.4331124976075,812.8630567323919,2248.6705063906506,3354.2894839162473,0.12999999999999545,sil,T
DCB_se2_ag1_f_01_1,4493,AO1,1729,all,677.584785672059,955.1459773181058,2674.7614517504862,720.8297507452436,1119.8750183392028,3204.1417683056516,674.879641383097,1417.9661199818952,3105.202945497098,0.17000000000007276,T,L
DCB_se2_ag1_f_01_1,4496,AY1,1731,i've,961.1659924163583,1856.4243161118695,2458.5986143094146,1223.9696738687833,1955.2353529401696,2975.8048726651773,1212.6771513200226,1960.2504879270773,3042.809279656721,0.11000000000001364,,V
DCB_se2_ag1_f_01_1,4499,EH1,1732,never,704.2214547637301,1951.2075412290744,2974.732396065158,739.3120176184236,1969.4798414165587,2957.232288815331,733.2307765898549,1991.8309740723064,2978.1174373672093,0.07000000000005002,N,V
DCB_se2_ag1_f_01_1,4501,ER0,1732,never,581.4410814330695,1520.4231695183548,2309.6835168782513,631.8841188226053,1516.3420410684475,2664.269512871362,591.3245287355002,1663.0060716041876,2405.974439230313,0.029999999999972715,V,DH
DCB_se2_ag1_f_01_1,4503,AH0,1733,the,474.0417780903673,1669.53776740406,2679.150165894662,528.5654655134076,1749.8551468586,2642.0695672766155,528.319302461119,1750.1783220912168,2644.926018611511,0.029999999999972715,DH,S
DCB_se2_ag1_f_01_1,4506,EH1,1734,spent,625.4876621767675,1955.6926072147876,2100.1760221526465,628.0854192957505,2001.126393918809,2880.1840527233394,626.7977226384666,2010.4707568530587,3014.4025731593006,0.029999999999972715,P,N
DCB_se2_ag1_f_01_1,4510,AH0,1735,the,536.3437902510685,1849.6041864449019,2852.0693559411698,579.6178093955201,1876.040048510687,3063.9317063086423,539.1481703234132,1906.7106403072817,3140.739297906308,0.03999999999996362,DH,N
DCB_se2_ag1_f_01_1,4512,AY1,1736,night,722.380958714705,1376.437988621931,2026.9446074238576,766.7959574783733,1530.4256635111094,1821.1798981664458,632.4007705375845,1722.3937787870084,2352.023023902725,0.08999999999991815,N,T
DCB_se2_ag1_f_01_1,4514,OW1,1737,over,611.8421277351601,1140.2503244526863,2612.6939067635444,674.5430554381521,1481.176432558597,3080.7119958101243,661.2571397561148,1551.8371732061948,3031.560140221832,0.05999999999994543,T,V
DCB_se2_ag1_f_01_1,4516,ER0,1737,over,570.1205107087634,1829.252187072316,2438.3245354884903,579.5969775082771,1878.325682952753,2935.6443332146664,539.9550731302744,2352.459797082001,2400.8391892550685,0.08000000000004093,V,sp
DCB_se2_ag1_f_01_1,4518,EH1,1739,anyone,533.4704809768101,2263.8609650353487,2710.9629778785675,730.3262330967289,1679.8527347314787,2810.8867588111593,610.1270230799278,2526.888974679688,3140.5107183245104,0.09000000000003183,sp,N
DCB_se2_ag1_f_01_1,4520,IY0,1739,anyone,517.5400213691756,1094.9671189044286,2624.2705684856505,517.1612223626324,1088.2938390473087,2612.9555267599894,494.817726684456,1251.616125172574,2373.618433358324,0.03999999999996362,N,W
DCB_se2_ag1_f_01_1,4522,AH0,1739,anyone,570.4272009902987,1316.4222371317537,1908.8724388524956,610.2448372418719,1129.0200243043619,1915.8601919236646,467.4703917310399,1617.5650115992898,2611.854453761471,0.029999999999972715,W,N
DCB_se2_ag1_f_01_1,4526,AW1,1741,house,673.7201220577156,1611.5061029217045,2299.525077867731,722.9644736991879,1546.571028442115,2115.0379844125337,607.5024381460573,1607.0169428440608,2443.834847732723,0.03999999999996362,HH,S
DCB_se2_ag1_f_01_1,4528,AH0,1742,i'm,577.7209198798174,1509.9129911385828,2426.6967496751786,576.7180726678981,1506.4866384908423,2432.293811182635,566.4259986868078,1531.0142538759178,2461.7081262065285,0.05000000000006821,S,M
DCB_se2_ag1_f_01_1,4531,EH1,1743,seventeen,674.2886131684302,1938.7306446472603,2561.556869973299,674.1680156177256,1938.7666747986432,2533.5387671477424,674.124841953139,1938.7795735155885,2523.508346408053,0.04000000000007731,S,V
DCB_se2_ag1_f_01_1,4533,AH0,1743,seventeen,598.355778834885,1492.918560169551,2238.3302348145157,614.2041201776401,1482.0856214653063,1778.3760690883173,604.1846336781834,1981.9091455469465,3193.5463877617067,0.03999999999996362,V,N
DCB_se2_ag1_f_01_1,4536,IY1,1743,seventeen,584.2536064082234,2363.7851077724476,3166.9684975045548,617.8501088852889,2487.7318357920003,3099.090724075164,563.4745167761422,2558.3502821888965,3208.5759295565413,0.08000000000004093,T,N
DCB_se2_ag1_f_01_1,4540,EH1,1745,never,804.2926303847939,1995.6214732781232,3010.9952385141796,846.7163197260248,1928.021163883396,2881.690720899353,713.958323205172,2217.908377322778,2316.9267080534464,0.08000000000004093,N,V
DCB_se2_ag1_f_01_1,4542,ER0,1745,never,625.6184846186425,1624.980834769842,1852.2404541058231,677.697942978645,1694.6832791282295,2171.357722455684,677.697942978645,1694.6832791282295,2171.357722455684,0.07999999999992724,V,HH
DCB_se2_ag1_f_01_1,4544,AE1,1746,had,673.0235938895205,2060.119313225188,2785.139434054373,714.0357391641041,2100.897336120075,2978.6576570033567,706.4143651207887,2106.38659835892,2922.0545052663056,0.05999999999994543,HH,D
DCB_se2_ag1_f_01_1,4546,AH0,1747,a,498.19636539343,1872.3494889728777,2937.261022611951,535.2229648011332,2116.7344461458006,2978.056223822325,536.3802764580856,2127.446211442071,2973.5706796202353,0.08999999999991815,D,S
DCB_se2_ag1_f_01_1,4551,EH1,1750,never,767.2415926593443,1976.7467844508822,2953.1035673619576,798.4896792787848,1906.8523089987077,2843.5534263344052,731.9744582450224,1985.7736667682075,2962.892074789809,0.05000000000006821,N,V
DCB_se2_ag1_f_01_1,4553,ER0,1750,never,568.40614540594,1381.4348570739958,2289.4050229519235,582.5808773709033,1371.0554846388504,2316.902915573988,400.0381199631702,1477.456179117999,2228.1164337119235,0.06000000000005912,V,B
DCB_se2_ag1_f_01_1,4555,AH0,1751,been,589.8165491216959,2059.9306417492703,2857.6867069605896,597.3687618017107,2127.7185544346385,2919.103556915824,594.5514410060526,2134.6711828387924,2926.3307147024248,0.03999999999996362,B,N
DCB_se2_ag1_f_01_1,4558,UW1,1752,to,437.3591491059007,1280.4016050964274,2999.211129528704,518.6552779153981,1552.514265203202,2673.0997606963538,526.2931274322019,1623.4698228394445,2776.8503420450998,0.05000000000006821,T,AH0
DCB_se2_ag1_f_01_1,4559,AH0,1753,a,448.6812172873123,1500.9723514714688,3094.050647301668,485.02758251315294,1314.9735376196027,3070.3240529233603,444.058649921905,1509.7198505421045,3089.8658552420943,0.03999999999996362,UW1,S
DCB_se2_ag1_f_01_1,4562,IY1,1754,sleep,567.0904570720214,2298.786799609188,2805.7659405135955,583.820693118097,2335.6089703493303,2738.404909783972,573.6473401347943,2474.7090919965785,2865.0939431435786,0.049999999999954525,L,P
DCB_se2_ag1_f_01_1,4564,OW1,1755,over,597.7347270396081,1201.0577185082261,2899.5562619986963,625.4648973517841,1244.2307830622694,2881.4745343910413,618.6568616704559,1263.7409520844897,2951.1418330989172,0.05999999999994543,P,V
DCB_se2_ag1_f_01_1,4566,ER0,1755,over,595.0357226787072,1698.5101746262192,2298.9033376024627,599.661307347723,1600.5760218685791,2119.5324110566175,589.9954585618487,1705.3881934210685,2320.653870850267,0.07000000000005002,V,
DCB_se2_ag1_f_01_1,4570,AH1,1757,but,634.2507590184766,1646.1676146077332,2989.8176784421,712.0391770003255,1934.223504979427,3048.8504266578525,710.9917541679854,1934.461950552061,3051.812167203078,0.08999999999991815,B,T
DCB_se2_ag1_f_01_1,4574,AY1,1759,like,681.2266954752173,1834.0491864800408,2643.096218484228,718.3060596796229,1782.7018969273115,2839.9610564283244,635.6520156385167,2021.9331759924241,2590.935526025829,0.029999999999972715,L,K
DCB_se2_ag1_f_01_1,4577,AE1,1760,that,684.3472895891503,1965.1018900566833,2781.9673086420717,691.9849592119058,1890.6802322915398,2746.388973415209,659.0390061623231,1972.288640928644,2813.3400338538463,0.030000000000086402,DH,T
DCB_se2_ag1_f_01_1,4581,AY1,1762,why,987.3600489467831,1600.694899881683,1752.040093081015,1027.817568669734,1402.631748720577,1798.3709404622016,925.4452404426677,1632.695593071847,2603.02197231099,0.029999999999972715,W,AY1
DCB_se2_ag1_f_01_1,4582,AY1,1763,i,831.1916781427501,1523.3064658929716,2694.7899182200617,967.436494497582,1531.0574785964664,1881.1038759583066,621.7243095216961,1757.9364653919388,2991.405425100172,0.08000000000004093,AY1,L
DCB_se2_ag1_f_01_1,4584,AH1,1764,love,645.0576223251729,1614.2770907288034,3486.743661799875,689.2905810684089,1533.9938176625167,3255.578790568487,620.0616611859206,1729.7562509083284,1751.8257385982247,0.06000000000005912,L,V
DCB_se2_ag1_f_01_1,4587,AH0,1765,the,512.6348663033311,1184.9454321653593,2872.034249569128,560.3667759369517,1509.0448287698648,3093.201039152243,558.5110841620576,1636.372859825934,2847.386905424069,0.06000000000005912,DH,B
DCB_se2_ag1_f_01_1,4589,OY1,1766,boys,500.55299956403843,1453.8940387693344,2797.3141085596153,516.4410596651137,925.3309625390444,2969.5154677976566,489.89276526870174,1841.4830460977905,2765.495996499243,0.10000000000002274,B,Z
DCB_se2_ag1_f_01_1,4591,AH0,1767,and,526.2178479493513,1585.8817863998747,2378.5973897445324,554.6144620951317,1619.2493680711314,2541.3415560010853,527.3050963279175,1819.6013242831527,2572.095983363975,0.03999999999996362,Z,N
DCB_se2_ag1_f_01_1,4594,ER1,1768,girls,864.2040508074049,1912.3259991787309,2231.789091833602,884.167189503942,1241.6339725199232,2337.9651466958453,847.6173442200611,1983.055622137749,2465.8240309440916,0.029999999999972715,G,L
DCB_se2_ag1_f_01_1,4599,AH1,1769,club,638.2861031045836,1685.2820955242767,2909.5229344977142,643.4850393641185,1710.1480720960478,2915.143445869882,622.0760487097155,1734.7948912354323,2962.0775634099537,0.09000000000003183,L,B
DCB_se2_ag1_f_01_1,4603,IH0,1771,because,508.28875268169327,2153.5021574559887,2889.7054200417647,593.2106700488604,2203.4470489320483,2603.269263740911,509.96381721560755,2465.084432860513,2572.3805712480544,0.07999999999992724,B,K
DCB_se2_ag1_f_01_1,4605,AA1,1771,because,617.985949500059,1838.2686956463092,2817.6718984831605,644.7226833482572,1828.130597351249,2721.147919352543,639.9994084410374,1878.3153463141375,2760.1385588219014,0.07000000000005002,K,Z
DCB_se2_ag1_f_01_1,4607,AY1,1772,i,945.770831040625,1893.3336284915185,2586.961596223632,959.4717256864753,1902.666360302847,2629.3142481172545,618.599978170783,2113.100658098167,2433.359481415732,0.07000000000005002,Z,G
DCB_se2_ag1_f_01_1,4609,IH1,1773,get,578.7067679885257,2285.0203139873142,2727.1926267887443,577.172594957979,2304.9319123661594,2734.2127512098386,553.2260704204975,2363.741092317187,2746.3894600558247,0.04000000000007731,G,T
DCB_se2_ag1_f_01_1,4612,AH0,1774,to,482.325974881304,2094.7882644550937,2524.032069842766,533.5894051777917,2151.1392385166478,2337.423917164997,527.5774144523945,2198.4153557028208,2293.066583983792,0.07999999999992724,T,G
DCB_se2_ag1_f_01_1,4614,OW1,1775,go,681.2606030983846,1118.58755165258,2895.469823254719,748.5309679143896,1285.5145383161607,2951.6190839788146,649.9085174767795,1418.8391542625022,2945.947788314751,0.12999999999999545,G,P
DCB_se2_ag1_f_01_1,4617,EY1,1776,places,504.5506147502822,2113.623607026283,2435.258242818866,651.5246290428281,1858.3243192275784,2586.2393165890826,559.4113036116152,2248.2148689239834,2391.2183133657068,0.12999999999999545,L,S
DCB_se2_ag1_f_01_1,4619,AH0,1776,places,514.833391219839,1726.7540872304073,2390.594338844996,543.0256800781085,1565.9214531810399,2435.259067122063,509.16301812757615,1759.7751037450353,2401.2954628672987,0.06999999999993634,S,Z
DCB_se2_ag1_f_01_1,4621,AE1,1777,and,605.5512734467865,1897.838123991315,2403.7240841643347,626.7443274956249,1917.0609045617098,2391.8964335791507,628.2459056054461,1921.6240049961602,2389.717042969304,0.029999999999972715,Z,N
DCB_se2_ag1_f_01_1,4624,OW1,1779,oh,840.211879500651,1217.1292888533067,3440.4929152327313,892.2208493920785,1492.8660005001234,2887.0689649467868,882.8827655568447,1702.1453887500063,3303.4503183382176,0.2400000000000091,sp,W
DCB_se2_ag1_f_01_1,4626,IY1,1780,we,432.1072181505489,1270.8227003164902,2696.140112581207,562.203839370022,1550.6629505554145,3087.507881668491,453.04193651814853,2202.9820613265756,2462.375243301984,0.10000000000002274,W,IH1
DCB_se2_ag1_f_01_1,4627,IH1,1781,in,538.9505806328643,2146.0834101888386,3048.537444500651,590.0249614522077,2095.8621649231604,2981.971373655523,460.2099026166168,2213.6336918200936,2642.9015287896514,0.04000000000007731,IY1,N
DCB_se2_ag1_f_01_1,4630,AH1,1782,the,692.890144989642,1662.6132813308554,2753.5077988032554,698.443352205038,1690.4939597406158,2758.688152146117,572.7650760017206,1828.7865906530976,2899.8156828269166,0.08000000000004093,DH,R
DCB_se2_ag1_f_01_1,4632,UW1,1783,room,819.5223281425426,1826.1769874568695,3067.2078858367818,826.5198731557156,1842.7148778277062,2835.698498040724,823.5349460585117,2043.4814804761668,2667.819146452293,0.12000000000000455,R,M
DCB_se2_ag1_f_01_1,4635,AH0,1784,together,562.2528972138729,2160.6928004525234,2605.2841003263957,637.6491755805143,2080.7346055801886,2846.785095581654,511.68445370060823,2240.367035880739,2462.142815549688,0.05999999999994543,T,G
DCB_se2_ag1_f_01_1,4637,EH1,1784,together,745.6302798080136,1593.8109893326261,1959.6744908007609,749.8976233562009,1454.1854265799811,2094.1526937470217,611.9308416221045,2291.248071942189,2876.186078434157,0.10000000000002274,G,DH
DCB_se2_ag1_f_01_1,4639,ER0,1784,together,675.486363209554,1561.6576681040253,2741.7377694532283,702.1425189329121,1758.48001865857,2695.4078248549154,702.2753877915018,1759.8622550833895,2694.4856693190177,0.09000000000003183,DH,W
DCB_se2_ag1_f_01_1,4641,UW1,1785,woo,568.284616417308,1135.3544696761146,2098.6715866706804,733.9267015301638,1797.4781247090878,3602.961521228214,625.7404221239664,1819.0352293749745,3345.616653326239,0.57000000000005,W,L
DCB_se2_ag1_f_01_1,4643,EH1,1786,let,809.0703741536649,1163.3150701380923,2174.523708711264,997.3333336685268,1059.6192550183475,2067.8747193688846,625.0966693687645,1487.2452978789652,2322.7270017190044,0.030000000000086402,L,T
DCB_se2_ag1_f_01_1,4648,AO1,1789,talk,951.8690672969194,1481.7430692466517,3049.5022541359554,962.3411662091711,1475.6433036655148,3070.5747453024524,873.5854741673478,1496.845049729888,2984.4851163033527,0.029999999999972715,T,K
DCB_se2_ag1_f_01_1,4650,AH0,1790,about,604.0850295600919,1031.5752504436348,2402.074610298099,803.6175798420855,1508.1244980228207,2356.690749688026,803.6175798420855,1508.1244980228207,2356.690749688026,0.10000000000002274,K,B
DCB_se2_ag1_f_01_1,4652,AW1,1790,about,778.0069199889183,1483.4085048302281,2992.124509777772,837.0558893070743,1449.5404270174047,2289.889248429995,744.9553147653097,1521.7868288136015,3088.7972374413685,0.11000000000001364,B,T
DCB_se2_ag1_f_01_1,4656,AH1,1791,stuff,693.4166642163336,1625.331405524084,3172.9945318476093,1042.4162734650727,1798.0280848567838,2847.703713345778,787.7502593089516,1835.5797645620762,3021.0669092546914,0.2199999999999136,T,F
DCB_se2_ag1_f_01_1,4658,AH0,1792,and,525.0839469615929,2060.5405660183774,2620.1960352141327,850.0977863439605,1864.23816242172,2924.672386631215,506.5004296464904,2072.8503812207423,2610.02970316824,0.11000000000001364,F,N
DCB_se2_ag1_f_01_1,4664,AE1,1794,have,750.3140946537858,1802.9662144901802,2908.4152447994393,750.5737732543358,1799.2270798556503,2909.4110304024935,740.9981338205303,1836.6294243573495,2971.8266930146156,0.07999999999992724,HH,V
DCB_se2_ag1_f_01_1,4668,AH1,1796,fun,721.1626483290071,1409.318935979074,2897.3483119816424,730.7863157324083,1422.1221120809066,2637.7103696460154,726.421112102579,1526.3820642542985,2430.7742275681485,0.08999999999991815,F,N
DCB_se2_ag1_f_01_1,4670,AE1,1797,and,767.319579780162,2092.713623517641,2429.30161568638,795.8125576568738,1743.787576517874,2140.534122709847,571.0381923444194,2120.969862143179,2859.694451876134,0.07999999999992724,N,N
DCB_se2_ag1_f_01_1,4674,EH1,1798,then,471.0878616411601,1574.0642851859052,2809.8588313424943,502.7973391947957,1846.0124948800328,2712.801257439821,474.37253824447816,2012.5297123988482,2780.5878904441493,0.12000000000000455,DH,N
DCB_se2_ag1_f_01_1,4678,AH1,1800,but,808.1771039679329,1807.5977416095745,2897.549275252589,853.6705208189865,1756.1999203606167,2822.965555561732,804.9132285042574,1889.9476147141604,3076.5523670337416,0.2199999999999136,B,T
DCB_se2_ag1_f_01_1,4681,OW1,1801,no,592.3375349488005,1134.9409745198961,3126.108337241197,767.6242948702379,1144.6746317109194,2310.0498246132197,632.937353065828,1706.121907478732,3239.3997589676696,0.2099999999999227,N,
DCB_se2_ag1_f_01_1,4684,IY1,1803,we,487.9487554997875,1976.245700211318,2949.252599592967,671.1999197120055,2081.627833345581,3090.2091197770515,501.63879097404447,2231.3518771978183,3253.7201810687493,0.05999999999994543,W,AY1
DCB_se2_ag1_f_01_1,4685,AY1,1804,i,883.9318614330379,1704.6904581061563,2494.9499813720668,945.3491583885093,1789.4750359428706,2166.6989925674898,670.0785435886813,2067.0630364491244,3081.9808339125807,0.12999999999999545,IY1,D
DCB_se2_ag1_f_01_1,4687,IH1,1805,didn't,576.2734370614403,2382.225472536143,3151.235322969933,687.0147688643922,2273.798785081047,3124.2486635514524,505.23511550476167,2478.0558540439492,3267.7198665132405,0.10000000000002274,D,N
DCB_se2_ag1_f_01_1,4691,AE1,1806,have,650.4593463596862,1536.4053329729327,2175.314494914537,672.0861507598306,1540.6352684040294,2041.8459838921622,665.5585976628703,2032.8345518722529,2511.9286073906333,0.03999999999996362,HH,V
DCB_se2_ag1_f_01_1,4693,EH1,1807,any,557.1086341898186,2352.1281273485242,3353.285005467716,603.2673019476543,2287.796032462053,3217.8108624283987,558.9472838380145,2355.683863330066,3273.9186115286716,0.03999999999996362,V,N
DCB_se2_ag1_f_01_1,4695,IY0,1807,any,453.4352689272899,1773.328242217369,2890.1079286559107,463.4523354356322,2589.7676195892623,3097.834588040465,426.259543450872,2611.630498589866,2925.467996227226,0.049999999999954525,N,K
DCB_se2_ag1_f_01_1,4697,AH1,1808,cousins,664.6372651374468,1742.182422566679,3139.826071337235,667.0795326009186,1723.4047519291696,3127.688232062556,595.0445997202456,2124.331410070461,2681.8105183140356,0.07999999999992724,K,Z
DCB_se2_ag1_f_01_1,4699,AH0,1808,cousins,442.52971296921396,1716.1799243054938,2455.0123470563253,471.44389729821455,1493.5661803729681,2284.827338371288,453.1022223709675,1726.8541248537856,2178.1144204166203,0.029999999999972715,Z,N
DCB_se2_ag1_f_01_1,4705,OW1,1810,so,665.5315847016257,1328.6372565828663,3138.8283322779034,670.6957538477825,1480.7336600756403,3093.645744877137,603.9759914137928,1592.8368104253973,3114.6576566142026,0.05999999999994543,S,W
DCB_se2_ag1_f_01_1,4707,IY1,1811,we,536.4750216362297,1870.8022252954522,2935.19653865756,561.1268234319791,1663.099273237968,2947.0720580040183,546.2521504045284,2023.4818889985843,2952.3150926816943,0.06999999999993634,W,W
DCB_se2_ag1_f_01_1,4709,UH1,1812,would,522.7958187659553,1038.6420434768252,3127.442312963367,617.8322205155619,1067.598418267877,3180.381511044587,459.888158710895,1095.5921099482946,3052.8237510979798,0.030000000000086402,W,D
DCB_se2_ag1_f_01_1,4711,AO1,1813,always,658.1040048762892,1096.5399390337745,3333.963242491841,677.4580494060403,1096.7374816714744,3412.813946931291,631.6799174687227,1124.9605224530717,3264.929626195035,0.06999999999993634,D,L
DCB_se2_ag1_f_01_1,4714,IY0,1813,always,564.9688338494627,2141.862131380756,3030.1317957840156,606.7821102741667,1655.3559102507336,2900.0247649991793,561.9083059892304,2165.2290602428548,3054.4356382122246,0.07000000000005002,W,Z
DCB_se2_ag1_f_01_1,4717,OW1,1814,go,611.2262957719076,1218.5773287545505,3521.382089405107,669.1394736835283,1284.5489396697888,2787.8275376764936,470.94199899200055,1290.437731358323,2760.1219085046378,0.06999999999993634,G,AW1
DCB_se2_ag1_f_01_1,4718,AW1,1815,out,937.4988033616573,1588.9112825648247,2590.716024535437,940.2314432020605,1572.1770018617688,2527.1305117291913,798.7440124042159,1778.3593873139246,1979.1377805483785,0.10000000000002274,OW1,T
DCB_se2_ag1_f_01_1,4720,AH0,1816,of,598.2776112593666,1876.683439029561,3066.572374957167,622.4076354048999,1756.1750254310634,2949.40376987281,595.0164193372124,1885.23863588273,2999.39842927905,0.030000000000086402,T,V
DCB_se2_ag1_f_01_1,4723,AW1,1817,town,695.8398084753018,1357.092690977891,2008.8701491561897,749.6552716001812,1220.137782132602,1483.0783700737798,683.1502323162617,2029.6929800513617,2559.8975582132234,0.2099999999999227,T,N
DCB_se2_ag1_f_01_1,4728,IY1,1819,we,490.9038657640016,1959.9491110251731,3016.6239378839136,521.3409842617103,2039.600439273673,3051.399115089585,513.8651191274482,2047.1074140127052,3062.7535971078005,0.03999999999996362,W,D
DCB_se2_ag1_f_01_1,4731,OW1,1821,go,626.9643182631592,1286.8658525083204,3139.4044539837073,661.10756739427,1338.921505616201,2955.4263066888084,661.10756739427,1338.921505616201,2955.4263066888084,0.03999999999996362,G,AW1
DCB_se2_ag1_f_01_1,4732,AW1,1822,out,801.8471881660029,1577.4253066996905,2453.5495478139137,828.2311196367872,1631.2944345433175,2440.4066898354454,805.4174526338629,1707.098418277808,2464.0384622583956,0.06000000000005912,OW1,T
DCB_se2_ag1_f_01_1,4734,AH0,1823,of,640.8171499149943,1599.6841152985323,2805.748622590943,654.3814582348317,1636.1159260663717,2794.052601952082,613.7319239009129,1768.491706344678,2891.353565890531,0.029999999999972715,T,V
DCB_se2_ag1_f_01_1,4737,AW1,1824,town,755.0678260404961,1544.3805808055486,2159.0981397640558,763.4814362114101,1563.2364335106652,1942.9964065456547,708.2565950580555,1900.9060731454792,2706.8305662430485,0.07000000000005002,T,N
DCB_se2_ag1_f_01_1,4740,AY1,1825,like,641.483926486446,1985.4738926010414,3269.93422181726,649.8276462843795,1874.5547155591282,3362.60776710119,622.0276905348338,2144.26164201908,3165.148171031185,0.04000000000007731,L,K
DCB_se2_ag1_f_01_1,4743,AO1,1827,almost,636.5503622402326,1012.7327976930703,3251.7567837814336,767.0458955305932,1291.623573982898,2768.1192013546984,767.0458955305932,1291.623573982898,2768.1192013546984,0.22000000000002728,sp,L
DCB_se2_ag1_f_01_1,4746,OW2,1827,almost,597.7384972917469,1178.6141920458563,3359.0649982436735,621.7587405329097,1076.3275745055787,3080.1560045977258,462.37801335327543,1297.3269994833324,3206.380319815335,0.05999999999994543,M,S
DCB_se2_ag1_f_01_1,4749,AO1,1828,all,648.1416900391921,1061.3027485635466,3394.0255536293253,662.798730377255,1085.5209401302561,3242.8573215038678,566.362448115572,1437.7902740499032,3394.240212015604,0.12999999999999545,T,L
DCB_se2_ag1_f_01_1,4752,AH0,1829,the,520.0691124102606,1699.2944617738672,3175.524003363439,634.2196220032038,1774.7283835130243,3168.5374244697755,482.80839529389414,1789.5281033378196,3305.962986570218,0.06999999999993634,DH,T
DCB_se2_ag1_f_01_1,4754,AY1,1830,time,763.8245423574016,1720.7588917297514,1820.0043710232208,836.4207196445916,1696.7908903947555,2474.5397505521973,801.8537951725773,1724.6685828725808,1898.250983822257,0.11000000000001364,T,M
DCB_se2_ag1_f_01_1,4757,OW1,1831,so,605.4601646117057,1338.2087664403628,3006.9179250752154,1289.67709674978,2581.9107350203503,4127.822464134542,1296.6156575769708,2592.6469446367787,4137.507096111977,0.11000000000001364,S,DH
DCB_se2_ag1_f_01_1,4759,AH0,1832,that,640.3600695915235,2167.9680884020177,3238.86225402502,641.0189816246823,2058.985552480405,3167.236460911232,641.3407109199883,2171.3148358826634,3260.8377533629746,0.06999999999993634,DH,T
DCB_se2_ag1_f_01_1,4762,IY1,1833,we,564.4638862583853,2473.1958141975724,2880.084276021244,595.223997988359,2710.106907776621,3156.6997021606217,591.1390788475837,2719.472226465578,3221.9516065004736,0.10000000000002274,W,K
DCB_se2_ag1_f_01_1,4764,AE1,1834,can,649.6769713220136,2344.9934177475902,3122.0739631438164,649.0566767730503,2341.110980591382,3072.2396193629256,631.9864917813567,2492.2579490492653,3223.2450728565204,0.08000000000004093,K,N
DCB_se2_ag1_f_01_1,4767,AE1,1835,have,641.9582383956288,2259.811985901723,2319.3928963614844,649.8069023434667,2205.1006325389885,2370.9587979143034,640.8288284792633,2321.4254811864175,2458.225140018901,0.07999999999992724,HH,V
DCB_se2_ag1_f_01_1,4770,AY1,1836,like,684.1639038493404,1304.785464337726,2195.9749240932833,773.4710078347879,1822.5358000997203,3140.623081681281,580.8410719216845,2297.463245167769,2992.668076919132,0.07000000000005002,L,K
DCB_se2_ag1_f_01_1,4774,AE1,1838,that,648.5315987459674,1751.9390515600198,2221.765004534713,670.8616384153834,1800.043922870509,3112.359157339838,641.8706474336385,2207.0984830479288,2408.8854789018137,0.08999999999991815,DH,T
DCB_se2_ag1_f_01_1,4777,AH1,1839,fun,680.2552153882187,1442.5775529734021,3024.119398789718,682.869877329224,1376.8630954213913,2514.6227415892913,656.6077007012892,1696.492285711745,3334.3879323563874,0.05999999999994543,F,N
DCB_se2_ag1_f_01_1,4779,IH0,1840,experience,616.6147078241191,2291.8070042599898,3204.9873301209855,626.4152686502099,2254.9291902602095,3294.46499282358,609.9964696606318,2343.535161055025,3117.9677279684915,0.05999999999994543,N,K
DCB_se2_ag1_f_01_1,4783,IH1,1840,experience,602.6053013020078,1302.9572384467094,1905.6135297121302,640.8705242193565,1419.6262420250375,1922.1388550839984,640.8705242193565,1419.6262420250375,1922.1388550839984,0.029999999999972715,P,R
DCB_se2_ag1_f_01_1,4785,IY0,1840,experience,574.5713720778307,1890.8319673197639,2832.093501352741,640.5650228110673,1977.2394641384549,2320.0786542241376,586.2372940493757,2698.5343845105212,2936.410963506725,0.12000000000000455,R,AH0
DCB_se2_ag1_f_01_1,4786,AH0,1840,experience,516.858136276094,2201.2106318072633,3066.0715426832253,558.1263215775429,2175.811205454943,3072.9059650289128,543.1586718340312,2400.0286383533744,3076.570660914744,0.03999999999996362,IY0,N
DCB_se2_ag1_f_01_1,4790,OW1,1841,so,525.4572967954449,1165.3907638456062,3225.62804723819,597.0745849706161,1403.852744103423,3203.919687923081,554.1394002940654,1540.366936918586,3141.6981219864297,0.05000000000006821,S,W
DCB_se2_ag1_f_01_1,4792,IY1,1842,we,521.9244369312696,2539.1851163758847,2981.867415418949,521.6935589905875,2105.6301172946355,2765.1735936046175,515.6841902494309,2681.0177796668763,2894.8497792863404,0.05000000000006821,W,K
DCB_se2_ag1_f_01_1,4794,AH0,1843,can,548.9453154218265,2619.0993207866068,3028.452175827828,719.03623642251,1882.8958200283673,2841.0693185796595,541.4627894923403,2731.839822436927,3031.784009620267,0.03999999999996362,K,N
DCB_se2_ag1_f_01_1,4797,AE1,1844,have,660.9550529223072,2139.038618219173,2550.7193960442896,698.6627154090263,1928.552419343794,2230.405423192665,670.0988301365306,2170.3857042328264,2336.809559546352,0.03999999999996362,HH,V
DCB_se2_ag1_f_01_1,4800,AH1,1845,something,696.1374372337192,1642.2205935096206,2972.510878732215,694.6758604612232,1629.2788991671675,2855.9761193637114,665.5775257516744,1781.264946484741,2641.9717905713555,0.05000000000006821,S,M
DCB_se2_ag1_f_01_1,4803,IH0,1845,something,542.4979757068961,1860.060270772604,3107.979557505255,600.1266291990413,1842.8380674274117,2903.609764754149,531.139724369115,1867.0160990698466,3067.293047638993,0.030000000000086402,TH,NG
DCB_se2_ag1_f_01_1,4805,EH1,1846,else,677.3929633071959,1829.16497584141,2994.815421262757,681.7369815603183,1785.8098061682851,2993.6906232449633,672.9112350590162,1829.5140729548032,2929.4502936983936,0.05000000000006821,NG,L
DCB_se2_ag1_f_01_1,4808,AH0,1847,about,606.7907684761448,1571.388815863433,2707.2494688692095,607.6907724323728,1546.4289032434774,2440.03132286516,606.9589678755142,1655.7710594332832,2712.61000773861,0.049999999999954525,S,B
DCB_se2_ag1_f_01_1,4810,AW1,1847,about,801.0819219820464,1507.8072342577607,2324.582842831534,807.8751775033248,1486.498859785547,2082.5205702596404,782.4611407386075,1538.6075990204404,2494.4965994025547,0.06000000000005912,B,T
DCB_se2_ag1_f_01_1,4812,AA1,1848,our,711.3236816812923,1605.4201038607005,2717.9862339082106,711.3018111395457,1607.9198953916787,2692.3072275261907,708.0582372791337,1606.4130023495493,2165.8111794969614,0.04000000000007731,T,R
DCB_se2_ag1_f_01_1,4815,AY1,1849,childhood,886.6196709233467,1610.1624171660937,2288.6036852722773,889.5458417489976,1609.4154498916039,2295.7460470835367,830.3297772676812,1676.5617266964946,2280.089361105484,0.08000000000004093,CH,L
DCB_se2_ag1_f_01_1,4819,UH2,1849,childhood,590.756209657196,1625.4590703198894,3352.488853014001,616.9977471671061,1498.8299157143863,3340.3583212554613,521.8811988907081,1704.032037204391,3183.860149985637,0.14000000000010004,HH,D
DCB_se2_ag1_f_01_1,4824,IH0,1851,to,482.64147349073454,1703.4833341859828,2965.4455330149517,521.2866212677098,1990.553351537924,3067.1351065968643,521.708269738705,1996.412583774615,3060.5830526022805,0.05000000000006821,T,B
DCB_se2_ag1_f_01_1,4826,IY1,1852,be,499.3963665598119,2495.5382767756246,3108.0940355158314,573.369270592865,2318.7508517200313,3048.090368285531,536.5904783145794,2537.9027702244202,3266.237271746543,0.07000000000005002,B,IH0
DCB_se2_ag1_f_01_1,4827,IH0,1853,excited,507.4489111755202,2405.561831814787,2960.251289232021,573.1301400821894,2317.6940107204427,3036.3814625085747,514.3122135903155,2421.7174928904983,2938.0179764758564,0.03999999999996362,IY1,K
DCB_se2_ag1_f_01_1,4830,AY1,1853,excited,858.8426427326,1776.6856103854939,2392.577557339959,931.7950627302763,1614.4727739226162,2253.666042570445,707.1214574181114,1969.7917546269937,2682.7370466527545,0.07000000000005002,S,T
DCB_se2_ag1_f_01_1,4832,AH0,1853,excited,607.5045267182583,2037.565115214486,3061.049217455873,645.1331768197676,1990.8505790759614,3018.3080103947286,635.3150000045841,2157.9683579535117,3051.104171521499,0.029999999999972715,T,D
DCB_se2_ag1_f_01_1,4834,AH0,1854,about,567.7623464785274,1743.3535853264286,3269.9708392750963,573.5514846494605,1764.2384608646248,3217.3404439292285,506.71601769943214,1892.9272285479108,3217.442575101065,0.03999999999996362,D,B
DCB_se2_ag1_f_01_1,4836,AW1,1854,about,799.5230065463312,1474.7323325671853,2380.149527208657,801.6245867776947,1476.9086982997487,2365.249936914819,763.9925583336022,1558.694485572039,2415.3369139282654,0.05999999999994543,B,T
DCB_se2_ag1_f_01_1,4839,AA1,1855,cause,593.9768701846446,1537.2820745253227,3117.7159285382736,671.0034179202111,1621.066481956704,2759.988302811101,604.5178155271221,1666.2615460645022,2983.3783881920613,0.03999999999996362,K,Z
DCB_se2_ag1_f_01_1,4842,AY1,1856,my,760.8883110014301,1253.6620254465065,2404.3082655122366,766.498971117577,1249.0137602986053,2373.17869535874,652.5561733266152,1334.399458327419,2330.180125927571,0.03999999999996362,M,M
DCB_se2_ag1_f_01_1,4844,AA1,1857,mom,862.9296863829218,1298.1431636277991,2343.7534499958624,863.8931785285671,1300.0934651415907,2326.521612852573,770.6739880696352,1368.6068067666145,2243.5991937397157,0.06000000000005912,M,M
DCB_se2_ag1_f_01_1,4847,AE1,1858,had,630.9071784402789,2157.6385283710274,3031.4655090736674,644.1483288624594,1346.271098324711,2290.6471146836875,631.7428838555204,2306.2235783143615,3321.1361361755985,0.09000000000003183,HH,D
DCB_se2_ag1_f_01_1,4852,EH1,1860,plenty,520.423586183568,2335.804224120344,3314.0168633928,541.5534211987112,2354.406259487365,3364.542461392363,539.9413344163477,2367.7543718638512,3368.312348211067,0.05999999999994543,L,N
DCB_se2_ag1_f_01_1,4854,IY0,1860,plenty,573.1070078465451,2934.1467174543022,3607.4321819729394,599.4253636141301,1703.689781665935,3021.8625976216986,565.5885289148056,2892.2535522422404,3219.9196348731975,0.13999999999998636,N,AH0
DCB_se2_ag1_f_01_1,4855,AH0,1861,of,606.7516523699317,1631.5670177780305,2725.8892258248447,620.4590445639379,1655.1459425067897,2810.495935034114,599.4253636141301,1703.689781665935,3021.8625976216986,0.049999999999954525,IY0,V
DCB_se2_ag1_f_01_1,4858,AH1,1862,cousins,744.1229263840462,1689.201960332084,2910.9857370043965,766.866585332146,1764.2696723372858,2861.8800382077116,621.107205306751,1855.5725960077764,2913.6841641481633,0.10000000000002274,K,Z
DCB_se2_ag1_f_01_1,4860,AH0,1862,cousins,479.1706902040415,1747.228600500306,2845.9701790490512,529.4227142923392,1778.7587710956034,2584.988279741207,495.9878769567045,1831.2399962340733,3005.704260921816,0.030000000000086402,Z,N
DCB_se2_ag1_f_01_1,4863,AH0,1863,and,731.8125332175699,1994.472148076553,2748.6563059615755,750.1421902182922,2108.3543110281935,2710.2313373826496,681.6915958530375,2174.577685517949,2607.989138620214,0.030000000000086402,Z,N
DCB_se2_ag1_f_01_1,4866,IY1,1864,she,507.3793893511421,2452.7105595453963,3926.5465178313107,1198.570238500912,2466.3420915267016,4136.728638995742,1164.4686271405276,2467.869281739948,4096.490692796229,0.029999999999972715,SH,W
DCB_se2_ag1_f_01_1,4868,AH0,1865,was,512.2770346126827,1542.6764814365063,3163.4200306658504,548.9616272642888,1710.9971016540028,2932.4307238024,546.5408825610064,1769.8366723653141,2592.5663405135347,0.029999999999972715,W,Z
DCB_se2_ag1_f_01_1,4871,AY1,1866,like,673.4806521859259,2142.5215870705274,3521.702753920899,818.4743578713978,1981.2036107374386,3287.044465235736,644.9451052380097,2306.8039815113307,3209.2911581038866,0.029999999999972715,L,K
DCB_se2_ag1_f_01_1,4875,IY1,1868,we,379.9416955220296,2564.947235472014,3126.091204096442,517.2026708253692,2367.812852195329,3311.309120719415,375.5376348711412,2574.826587438623,3102.162582865438,0.049999999999954525,W,W
DCB_se2_ag1_f_01_1,4877,AO1,1869,walked,670.025048935087,1003.5325549579459,3240.546344835576,783.6128620776333,932.19238867433,3038.017655681636,651.7445009931655,1061.7419534678963,3040.6980689373095,0.12000000000000455,W,K
DCB_se2_ag1_f_01_1,4881,EH1,1871,everywhere,978.6931014687432,2052.8155021857515,2435.920787541006,981.3358771756612,2215.6024683158616,2812.702178074868,829.3015233692511,2343.8804743581472,3626.511735536732,0.14999999999997726,sp,V
DCB_se2_ag1_f_01_1,4884,IY0,1871,everywhere,498.3050373040828,1745.3626192472184,2574.2374628170296,534.1563800276633,1143.9104147143664,2633.172792867572,497.8655209765771,2496.501129937009,2909.9956653621934,0.10000000000002274,R,W
DCB_se2_ag1_f_01_1,4886,EH2,1871,everywhere,463.94672303573554,2410.623710754284,3037.665714223739,535.2230553723034,2279.9295840073023,3019.1918154606897,439.71185108367854,2492.828021623033,3381.8934832184664,0.10000000000002274,W,R
DCB_se2_ag1_f_01_1,4891,OW1,1873,so,541.760009866823,997.7577401844659,2985.8850129206694,655.9568324253283,1606.606430464015,3385.5701466973605,588.8243778385743,1724.7300123121925,3262.9326083625238,0.12999999999999545,S,IH0
DCB_se2_ag1_f_01_1,4892,IH0,1874,if,555.1408840188004,1711.4080800762597,3182.5691672032654,572.8425495239034,1573.2002823667267,3160.863236925987,560.4721040893043,1717.1862170450188,3220.6773360369707,0.05000000000006821,OW1,F
DCB_se2_ag1_f_01_1,4896,IY1,1876,we,434.1228895213789,2701.475871042503,3554.793387111825,580.521583810015,2364.31105742777,2908.1844119875527,453.97213707237563,2711.1270970258856,3439.10062733862,0.09000000000003183,W,W
DCB_se2_ag1_f_01_1,4898,ER1,1877,weren't,623.9597823577847,1591.3801741882617,2408.1814593621757,663.8399177049307,1674.9227045383825,2264.7177110099824,634.0366520762711,1688.0875983671851,2290.3415051094594,0.06999999999993634,W,N
DCB_se2_ag1_f_01_1,4901,IH1,1878,in,554.2052562913927,2364.7255021879846,3227.253100101093,565.0916403126357,2390.5691246470583,3215.759471409351,555.2205377298222,2354.070103402223,3232.4494916643694,0.06999999999993634,T,N
DCB_se2_ag1_f_01_1,4904,IH1,1879,this,669.2905608037638,2293.2091695412323,3366.516286856241,679.7846867412023,2146.206766503303,3267.958736157799,619.6438253159239,2421.424722853358,3318.0801768145648,0.09999999999990905,DH,S
DCB_se2_ag1_f_01_1,4907,AA1,1880,part,811.0974436069943,1427.6168744378842,2465.492847990271,840.7468494991547,1367.5926566456899,2530.183599566952,773.4384265713121,1609.5911061916095,2525.8255081974944,0.09999999999990905,P,R
DCB_se2_ag1_f_01_1,4910,AH0,1881,of,567.4927033067216,1772.4975163243948,3060.3963890777814,603.092186242208,1712.1596747787512,2341.1035150652438,553.5210554082059,1864.738732845319,3022.755651869318,0.049999999999954525,T,V
DCB_se2_ag1_f_01_1,4913,AW2,1882,southeast,829.8615794322252,1607.796104881443,2865.1885316547846,842.4900462449228,1657.0701447382658,2716.9072600127206,840.4423083922502,1658.3241392810237,2696.8676812371136,0.09999999999990905,S,TH
DCB_se2_ag1_f_01_1,4915,IY1,1882,southeast,561.35168021269,2375.1926340228874,3094.9057077999178,566.4516777320771,2505.115015157666,3004.977178919926,566.0549493627533,2560.0182478205097,3020.0131613161384,0.08000000000004093,TH,S
DCB_se2_ag1_f_01_1,4921,IY1,1884,we,610.3343112077487,2339.3534297833853,3216.549154004356,689.2065531842532,2194.4239283954876,3364.3632583683657,589.3023708406052,2351.5354518754843,3163.2430238432753,0.07999999999992724,W,W
DCB_se2_ag1_f_01_1,4923,UH1,1885,would,533.2624018757975,1290.0245789743594,3060.5708761780284,557.4499974183357,1356.235108001483,2878.975412927571,552.7578027881463,1352.9039618889854,2843.6628309087414,0.029999999999972715,W,D
DCB_se2_ag1_f_01_1,4926,AO1,1886,walk,660.1142580202644,1103.8780456480217,3186.8744494926736,777.6878103654225,1058.4735667684843,2141.2558511941065,643.863118097817,1143.002655079317,3078.7323442181705,0.10000000000002274,W,K
DCB_se2_ag1_f_01_1,4929,UW1,1887,to,551.727291400812,1651.1308491155962,3177.5127603081623,583.2898634348376,1658.1065676078408,3213.082772731458,525.8315482876009,1712.6291326463468,3152.615072938413,0.06000000000005912,T,DH
DCB_se2_ag1_f_01_1,4931,AH1,1888,the,694.535031170379,1666.7254293229473,3135.9385144478774,774.2821216968977,1584.2887257004677,3429.456498861418,687.2006365596535,1686.6704284363034,3208.5547958331003,0.08000000000004093,DH,sp
DCB_se2_ag1_f_01_1,4933,AH1,1890,other,969.8660821290913,1580.7784594914094,3265.1465166676758,997.9140993711491,1593.2958616910873,3263.6431023067753,783.3211691583329,2073.4021882380885,2608.9465018733313,0.16999999999995907,sp,DH
DCB_se2_ag1_f_01_1,4935,ER0,1890,other,555.288669301443,1098.7456298292204,2787.459730549509,633.8645192065311,1648.6113787612321,2606.904584055148,633.8645192065311,1648.6113787612321,2606.904584055148,0.08000000000004093,DH,P
DCB_se2_ag1_f_01_1,4937,AA1,1891,part,760.5383251191894,1232.927626872869,2769.184841248243,799.0194872789899,1382.0671359716168,2694.9442788248566,791.6702640664331,1529.2427027400408,2905.7871168431298,0.08000000000004093,P,R
DCB_se2_ag1_f_01_1,4940,AH0,1892,of,545.1323983145131,1836.2523833754428,2849.6779895883415,576.6244804998025,1883.462970688317,2996.9692019967797,576.9884339441006,1896.2055250406313,3015.862719329503,0.029999999999972715,T,V
DCB_se2_ag1_f_01_1,4943,AW2,1893,southeast,818.9490422391555,1337.3266630386381,3026.261210446734,835.1173209736814,1485.3369447484095,2788.0236933813385,764.8926853241094,1640.067027161085,2717.457099350474,0.15000000000009095,S,TH
DCB_se2_ag1_f_01_1,4945,IY1,1893,southeast,517.9031812154011,2788.048303475518,2839.378861158399,596.1495333892415,2547.2061841438826,3003.8441999775146,564.9946772889923,2734.033717760529,3146.6589348151238,0.14999999999997726,TH,S
DCB_se2_ag1_f_01_1,4950,OW1,1895,oh,883.6228144666392,1368.2239868892307,3536.5054944542944,883.4883612605818,1378.1285783624326,3560.5532992673834,847.4313160900698,1552.7587021970357,3499.4447665170546,0.11000000000001364,sil,L
DCB_se2_ag1_f_01_1,4952,AY1,1896,like,714.8659044844487,1852.6288504314464,2541.024608001206,715.3070955418649,1914.0750614796002,2479.0744190140795,649.2251427132061,2172.1871072730946,2200.73686128925,0.03999999999996362,L,K
DCB_se2_ag1_f_01_1,4955,IY1,1897,she,443.7718570458017,2391.8490568546235,3286.2456661157967,572.266099197395,1961.230038355551,3062.4520258049374,426.5281052231581,2499.7731431383772,3291.9316940903263,0.049999999999954525,SH,L
DCB_se2_ag1_f_01_1,4957,AY1,1898,like,711.2864433871032,2071.3889812993566,3029.25043737631,758.6050769152667,1736.753087677234,3124.983262889564,661.7165213671302,2178.940877332413,2988.3622694668793,0.03999999999996362,L,K
DCB_se2_ag1_f_01_1,4960,IY1,1899,we,412.25145995926357,1440.1319101797035,2328.4033237143612,445.5850872801173,1396.0576557775062,1716.963876618593,429.43536195542873,1611.230699734413,2235.4342854628903,0.07000000000005002,W,W
DCB_se2_ag1_f_01_1,4962,AO1,1900,walk,656.1715944468722,1085.921499720463,3434.892326273609,706.6692698809491,1026.196485370368,3261.655304174408,532.0611498962571,1116.763823667951,2862.274096286307,0.11000000000001364,W,K
DCB_se2_ag1_f_01_1,4964,IH1,1901,in,501.8314970403249,2042.793294856843,2432.1104132108717,533.7144663842944,2178.1455618429127,2520.321034539037,504.3575599888546,2430.63981464129,2483.9477165196076,0.05999999999994543,K,N
DCB_se2_ag1_f_01_1,4968,UW1,1902,groups,462.9303964080539,1113.741818732032,2633.55679648405,539.5997463504184,1093.8317870823712,2555.3246103575407,405.4514092534192,1161.3311259176003,2503.8583244361917,0.12000000000000455,R,P
DCB_se2_ag1_f_01_1,4971,AY1,1903,i,805.2751281528871,1611.8082244211096,2592.1019836997316,845.9382684647372,1629.578634063684,2611.574082047482,765.2848496242788,1827.5396702276244,2234.413293974605,0.05999999999994543,S,W
DCB_se2_ag1_f_01_1,4973,AH0,1904,was,604.3465135331413,1375.426009482077,3252.840265946827,659.3220657717449,1358.240554562824,3101.558898423171,616.6710526764737,1388.3859853279678,3237.4933450346152,0.03999999999996362,W,Z
DCB_se2_ag1_f_01_1,4976,AY1,1905,like,650.4541316408801,2110.634436691417,3055.5613057110636,674.5405439848329,1973.5358195157648,3047.4143441400906,585.4444618003091,2289.037202635097,2974.6411650111822,0.049999999999954525,L,K
DCB_se2_ag1_f_01_1,4978,OW2,1906,okay,620.097171779919,1857.2791513076722,2184.4892382787075,717.3536209604908,1591.5679725363655,2899.421003436298,512.5969547211814,2102.093762444576,3442.3777623254045,0.12000000000000455,K,K
DCB_se2_ag1_f_01_1,4980,EY1,1906,okay,580.0898287983321,2089.931307332843,2408.6162227170353,684.9990407906881,2306.3682371185114,3005.051857237299,501.44082992045253,2803.8817961502073,2893.6543629806883,0.2899999999999636,K,sp
DCB_se2_ag1_f_01_1,4983,AY1,1908,i'm,925.8610802010395,1636.0938095705121,2019.5280325703147,1028.0965800381462,1706.3587383786005,2927.6419086517985,786.8014904496737,1822.62251338548,3061.44826116843,0.12999999999999545,,M
DCB_se2_ag1_f_01_1,4986,AA1,1909,not,806.2045011528809,1727.8999650435535,2992.458198872532,998.5085218428804,1794.971494876339,2731.592067643059,684.6703291632492,1858.363772414308,2907.484394626386,0.05999999999994543,N,T
DCB_se2_ag1_f_01_1,4989,AO1,1910,walking,612.7475121756747,933.3049917869598,3062.762379079109,612.6283163350935,933.3469595949011,3061.9009351228237,582.5742932541286,1002.7747776249487,2967.585045742924,0.10000000000002274,W,K
DCB_se2_ag1_f_01_1,4991,IH0,1910,walking,536.3622162349423,2302.0028746513244,2645.2318025121704,740.5347765034503,2102.699509197396,2735.1564937964963,543.480056013284,2305.9287577970576,2681.04051486909,0.05999999999994543,K,NG
DCB_se2_ag1_f_01_1,4993,EH1,1911,anywhere,499.6340852451831,2218.64854623667,2903.0489711083396,577.000517575545,2224.1093187717156,2896.1261167974053,490.1058931549809,2275.961379738537,3038.4430327904297,0.05999999999994543,NG,N
DCB_se2_ag1_f_01_1,4995,IY0,1911,anywhere,505.25087276057246,2268.4212502733453,2699.704762348293,602.4991739309189,1185.19911233667,2534.4745527369687,517.1142410034823,2351.5280428050582,2771.243234795902,0.049999999999954525,N,W
DCB_se2_ag1_f_01_1,4997,EH2,1911,anywhere,644.021603063659,1482.3623004167328,2646.8813865862808,682.9830446152505,1545.9549035865305,2660.7804272457875,669.9802139297302,1561.5495882340854,2677.2472312530513,0.030000000000086402,W,R
DCB_se2_ag1_f_01_1,4999,AY1,1912,i,894.0434175084738,1750.0054689510928,2569.174107258142,908.1462671319389,1667.799984425335,2374.3888160355746,897.8765685065757,1962.0007034216253,2694.148812729014,0.09000000000003183,R,K
DCB_se2_ag1_f_01_1,5001,AE1,1913,catch,723.7126713882512,1918.594228605792,2386.0520332291194,761.1882709289945,1369.8749867407219,2164.2371069041674,741.3028436183429,2150.2046145326344,2461.4441715051285,0.07000000000005002,K,CH
DCB_se2_ag1_f_01_1,5004,AH0,1914,the,597.2277054551691,1603.5619923565828,2976.1996801889914,640.1396864341813,1585.9291518327382,2958.8923163823065,549.3866578021675,1846.7263615887496,3103.345054555225,0.05999999999994543,DH,B
DCB_se2_ag1_f_01_1,5006,AH1,1915,bus,758.9198568443727,1442.4398718738487,3167.435355849824,790.0551286795479,1593.0189957284542,3105.154236386867,693.3842618707871,1797.3956703815863,3016.6064419963914,0.18000000000006366,B,S
DCB_se2_ag1_f_01_1,5011,OW1,1917,so,502.8540310695485,1650.661540706118,2724.15907356087,527.0970900260984,1648.1191308389296,2786.213761261546,511.7310515181705,1657.3962667481924,2755.58677646676,0.030000000000086402,S,DH
DCB_se2_ag1_f_01_1,5013,AE1,1918,that,746.9478764682302,1993.7088804680689,2999.949807608499,785.5027108885058,2012.0848356705383,3053.5119434163703,760.6461126448391,2020.2501572771826,3092.739760705816,0.03999999999996362,DH,T
DCB_se2_ag1_f_01_1,5016,AH0,1920,a,440.4927496498456,1889.7246862590284,3006.4444172896206,535.185587922754,1819.3991061233135,3066.717004581352,433.15044565553933,1918.3620668561593,3006.416260225965,0.05000000000006821,S,CH
DCB_se2_ag1_f_01_1,5018,EY1,1921,change,597.929893094773,2350.2738809518514,2594.827521042302,740.5444314298013,2145.533753384038,2893.7651354854565,599.8309980064854,2512.3894625485964,2526.612034628362,0.12999999999999545,CH,N
DCB_se2_ag1_f_01_1,5021,OW1,1922,over,545.6429419042803,1374.7585188293078,2710.6092240448725,589.1404113785114,1883.6932153601028,2775.329183105598,587.6325486441154,1906.8197461595662,2779.0171161088974,0.05999999999994543,JH,V
DCB_se2_ag1_f_01_1,5023,ER0,1922,over,780.9551456782053,1585.6385777723094,2635.6644438485678,1037.7428926100588,1770.4889638532895,2821.7836846381238,1005.9940584036548,1826.3110543623793,2821.539545579531,0.049999999999954525,V,sp
DCB_se2_ag1_f_01_1,5026,AY1,1924,time,796.8459398282143,1570.4771899364982,2186.174951304363,892.731291550172,1856.0249239738807,2826.91163108088,884.2729887468656,1930.3226919731012,3083.2596797489628,0.16000000000008185,T,M
DCB_se2_ag1_f_01_1,5029,AY1,1926,i,1055.5345831281804,1306.3661175779453,2377.9098014988685,1118.3083548005309,1805.413364052826,2830.0926188803887,901.3020240747858,2049.257559992086,2965.9542620290695,0.12999999999999545,,K
DCB_se2_ag1_f_01_1,5031,AE1,1927,catch,638.5496747530094,2060.427507726952,2700.0647833622434,726.2578340604197,2099.1675604444763,2737.445501359751,714.8904967700379,2114.5027651137975,2783.3216180735258,0.08000000000004093,K,CH
DCB_se2_ag1_f_01_1,5034,AH0,1928,the,484.29714312759774,1284.1771572471553,2425.264644058939,586.803485690432,1674.5541858756565,2945.0822941304027,516.1926412022267,1788.8878162016742,2946.5006166236926,0.11000000000001364,DH,B
DCB_se2_ag1_f_01_1,5036,AH1,1929,bus,745.414071731783,1611.7295041093596,2378.5758842823957,894.7258974137928,1747.2399944955741,3065.4027331291672,831.4553556284671,1904.4786842969331,3141.7780010258243,0.13999999999998636,B,S
DCB_se2_ag1_f_01_1,5038,EH1,1930,everywhere,649.8504384219045,1941.2334948036334,2496.5644210664605,718.8212196548809,1944.97121401558,2470.9435561982095,683.9766767242498,1993.6791059303387,2606.0218094884317,0.10000000000002274,S,V
DCB_se2_ag1_f_01_1,5041,IY0,1930,everywhere,509.76726853603486,1715.9308689985494,2769.8046280962367,512.3089351388585,1729.5548668268189,2790.180780911288,505.093048191786,1773.6525518469466,2836.3163392474908,0.029999999999972715,R,W
DCB_se2_ag1_f_01_1,5043,EH2,1930,everywhere,665.4464790465667,1563.6972435564237,2821.76309407587,683.2648837423641,1454.1027728128072,2793.649081263306,661.6487854458939,1547.553134960911,2840.125720836155,0.030000000000086402,W,R
DCB_se2_ag1_f_01_1,5045,AY1,1931,i,946.7381128035245,1739.8553403920314,2623.5240755495183,975.4478914472362,1718.0825472204965,2524.2025184914783,881.472629831501,1819.4498587802598,2666.935228019222,0.05999999999994543,R,D
DCB_se2_ag1_f_01_1,5047,OW1,1932,don't,710.0927371806551,1341.6091553889462,2688.045833743987,756.1901359841195,1508.9695865561437,2433.211948144608,755.9856469728126,1511.3438067908864,2472.330332409532,0.06999999999993634,D,N
DCB_se2_ag1_f_01_1,5050,AO1,1933,walk,630.6279774576574,1056.2709330698756,3018.8339316115307,630.7950852289704,1051.4847980082916,3003.274400035516,613.6167142014639,1134.380937284145,3168.0108151075865,0.11000000000001364,W,K
DCB_se2_ag1_f_01_1,5052,EH1,1934,any,543.8789726345802,2313.4000423861557,2463.117607872158,555.406603547989,2438.4969674355048,2568.481392926465,555.4268012294785,2438.7827569107235,2566.2836224466428,0.05000000000006821,K,N
DCB_se2_ag1_f_01_1,5054,IY0,1934,any,406.6916045507608,948.5769080362074,2483.907518808231,1165.6345448857464,2539.399808962639,3565.2579124497074,1068.403864944574,2724.89370089251,3252.3945606868433,0.15999999999996817,N,spn
DCB_se2_ag1_f_01_1,5058,EH1,1937,where,524.1784850832076,1881.7285899419483,2398.9954012219237,597.4433212307559,2249.830674487272,3394.0052383239104,597.1119294560177,2250.396356049437,3379.627807617157,0.12000000000000455,W,R
DCB_se2_ag1_f_01_1,5063,AH1,1939,jus-,408.3340675228744,2612.0693062233922,3277.3635471144657,512.7980420905461,2547.76706816276,3194.0569750105933,410.779747271676,2618.5650281191956,3223.052280141043,0.03999999999996362,JH,S
DCB_se2_ag1_f_01_1,5070,IH1,1943,we're,551.2836651217095,1655.6446170562815,1956.2472055474016,716.8767288837688,1706.818959476814,3015.3909972754946,629.041662222389,1833.1441710278928,3126.971633228222,0.05000000000006821,W,R
DCB_se2_ag1_f_01_1,5073,AY1,1944,five,535.057947415498,905.4725304270877,1859.6426359767843,850.4659133666536,1467.4768317009427,1825.1997496767435,841.1795304749213,1763.589286126372,2567.0913731626483,0.11000000000001364,F,V
DCB_se2_ag1_f_01_1,5076,IH1,1945,years,466.9545243571492,2472.2306913248417,3094.357484472175,561.0752035197561,2411.2263610316163,3071.5339704679986,488.4534034296734,2537.7569520534284,3154.5494515490886,0.03999999999996362,Y,R
DCB_se2_ag1_f_01_1,5079,AH0,1946,apart,593.4526504415132,1498.356977614267,2642.3542923140767,600.9084574050867,1545.9550921247987,2708.3587796838547,450.4538921565597,1740.8896744454862,2683.393213538263,0.05999999999994543,Z,P
DCB_se2_ag1_f_01_1,5081,AA1,1946,apart,679.9591808255228,1206.7083066045757,2165.736139548183,779.346524443296,1473.4111138819749,2421.6029608988433,779.346524443296,1473.4111138819749,2421.6029608988433,0.07000000000005002,P,R
DCB_se2_ag1_f_01_1,5086,IY1,1948,me,435.0202917422687,2307.49416004971,2639.4498381246594,562.2447136064005,2361.6187278728366,3139.1011668968627,439.4471806414856,2380.6798937558688,2797.4286170334367,0.11000000000001364,M,AH0
DCB_se2_ag1_f_01_1,5087,AH0,1949,and,622.5122738036372,2118.472965707808,3085.4509057250225,651.4255454299156,1964.6148972019594,3067.148038850203,560.5360728653586,2314.8346633076067,3135.0620862825313,0.029999999999972715,IY1,N
DCB_se2_ag1_f_01_1,5090,AY1,1950,my,579.7955179002531,1809.631227075375,2324.982748968757,719.0804657772837,1549.764436950221,2195.661203225504,407.1386345255329,1943.6157568621643,2439.197864904866,0.14999999999997726,M,sp
DCB_se2_ag1_f_01_1,5095,IY1,1952,three,503.57823364248554,2283.9933038074214,2800.549708828167,539.9088553196623,2801.17790548695,3146.6655816144134,539.6413730480582,2803.6455853035227,3143.252509041096,0.07000000000005002,R,Y
DCB_se2_ag1_f_01_1,5097,IH1,1953,years,464.9333115563948,2490.964066319384,3265.2275060049265,551.4807597332828,2170.903667302883,3001.5408983161315,500.0946488506485,2840.0383635353355,3100.4662551436973,0.06999999999993634,Y,R
DCB_se2_ag1_f_01_1,5100,AH0,1954,apart,583.7053829007226,1427.1547176748722,2767.3631742444563,585.9939874067381,1550.965961707429,2917.1158927017877,438.5776423980475,1734.4804266865785,2730.96981997283,0.07000000000005002,Z,P
DCB_se2_ag1_f_01_1,5102,AA1,1954,apart,730.4497452247713,1260.419606494233,2230.8264767517717,747.2369722314696,1290.4454460738377,2228.8720513417747,685.1461246234609,1540.6904197639903,1959.7411927718892,0.09000000000003183,P,R
DCB_se2_ag1_f_01_1,5107,AE1,1956,and,544.0691248765663,2083.824341426715,2484.5221944075815,766.6407856814046,1808.2265973315123,2690.332655782802,598.9222352747665,2306.094964151108,3160.650408935457,0.06000000000005912,sil,N
DCB_se2_ag1_f_01_1,5110,EH1,1957,then,517.0540993564888,1994.5955818283514,3091.1103512271466,530.8839149696838,1889.6996165336861,3076.678939973777,514.204356180764,2053.0920330779095,3066.010147261258,0.030000000000086402,DH,N
DCB_se2_ag1_f_01_1,5112,AY1,1958,i,746.9943553901963,1653.0272261364726,1926.2731418728893,777.6404751360558,1382.2704710796447,1922.8949114938214,717.0742110921224,1898.2235588780234,2320.450922822041,0.029999999999972715,N,HH
DCB_se2_ag1_f_01_1,5114,AE1,1959,have,766.8050189429442,1906.8486677138537,3025.9036559704377,781.4905609390273,1262.5077786831584,2001.286483461048,762.9968897055663,1900.1586849755956,3024.8852770160283,0.03999999999996362,HH,V
DCB_se2_ag1_f_01_1,5116,AH0,1960,a,595.3858499558706,1239.4630217429392,2179.947452405227,620.5602161099123,1748.9026469802213,3001.451913025805,617.4006252908044,1757.6583397794955,3041.4398875233096,0.05999999999994543,V,B
DCB_se2_ag1_f_01_1,5119,AH1,1961,brother,718.3679967845851,1692.4113069429843,2662.4235768414765,718.8968283226955,1678.3895123667282,2647.234756901898,656.7191554792918,1852.5811203902456,2683.8893335319362,0.06000000000005912,R,DH
DCB_se2_ag1_f_01_1,5121,ER0,1961,brother,610.4019439347494,1941.8150862622429,2418.095529183562,649.989733771384,1915.2085238680056,2665.3881171210146,632.9149630182997,1963.1587968224464,2748.5733803731287,0.12000000000000455,DH,
DCB_se2_ag1_f_01_1,5124,OW1,1963,so,544.1548870909077,1317.3333888635586,3151.1893959315053,601.3065869067383,1590.3708401284537,3029.7843582966134,575.4347489138813,1771.3499140344527,2948.332156279115,0.15999999999996817,S,sp
DCB_se2_ag1_f_01_1,5128,AY1,1965,five,771.0679383921566,1697.5108409927368,2587.1139668972833,781.4839834407348,1742.4164428555773,2549.0747243178353,781.4006896877696,1742.7974598583016,2543.466316013616,0.03999999999996362,F,V
DCB_se2_ag1_f_01_1,5132,ER0,1967,years,442.14883195257795,2064.967708536554,2879.820669148089,480.3792617134793,1937.4627743260774,2915.636179645928,439.1217196168817,2091.6882433911724,2714.786444897114,0.03999999999996362,Y,Z
DCB_se2_ag1_f_01_1,5134,AH0,1968,apart,564.6197180773676,1694.7354373286987,2560.5267656819333,780.9129267299725,1599.6183991541552,2563.0000172355712,509.4305717605401,1916.8813497903914,2837.499272754504,0.05000000000006821,Z,P
DCB_se2_ag1_f_01_1,5136,AA1,1968,apart,699.3917313092843,1318.2924584276022,2138.907370107107,732.8475475804504,1363.167868860387,2045.7087857968118,721.6914226803236,1380.5079823556737,2053.8014167554697,0.04000000000007731,P,R
DCB_se2_ag1_f_01_1,5139,AH0,1969,again,489.4506149099664,1615.8419989807373,2609.935458345506,554.1598594493779,1808.1382100448798,2806.861779357565,554.245077118563,1810.6540780973282,2809.7071959945865,0.05000000000006821,T,G
DCB_se2_ag1_f_01_1,5141,EH1,1969,again,566.0122410418172,2324.103740677154,2943.776091039276,599.0851604237992,2231.8046276272853,3087.4002005448992,557.495799309962,2485.138180526516,2991.986194078718,0.04000000000007731,G,N
DCB_se2_ag1_f_01_1,5145,OW1,1971,so,654.7820443784775,1390.0162400747163,3337.5210727026356,703.9971901231045,1640.7896086576366,3158.5108134469674,667.6261673198511,1696.0489345470075,3170.507976612511,0.10999999999989996,S,sp
DCB_se2_ag1_f_01_1,5148,IY1,1973,she,337.3239860931308,2113.505084694845,2804.179201777423,707.415528273138,2509.4757987587136,3003.256705870363,382.738475530512,2811.6231865223126,3767.3614977078496,0.22000000000002728,SH,sp
DCB_se2_ag1_f_01_1,5152,AY1,1975,my,746.780162320007,1662.7255039580775,2772.9005731894586,946.810077093698,1713.7040035730813,2230.926120331829,899.0348904475117,1851.7419937654872,2681.0114362143336,0.12000000000000455,M,B
DCB_se2_ag1_f_01_1,5154,IH1,1976,big,540.504597184126,1829.2507961444096,2413.4019729544557,629.0578930078035,2228.4561284089036,3025.892796850676,562.53563532836,2360.2098732462987,2413.6063270830623,0.07000000000005002,B,G
DCB_se2_ag1_f_01_1,5157,IH1,1977,sister,539.5030879033317,1716.77738947133,3065.0262066133396,586.0571422228927,1730.1865159808258,3055.9718215893577,526.3601444021954,1844.6061997488541,3110.9550500089504,0.07999999999992724,S,S
DCB_se2_ag1_f_01_1,5160,ER0,1977,sister,493.5940995893756,1962.4055591125714,2949.977676908781,522.094536773234,2090.3355290433915,2835.1288055386412,522.564746973981,2092.7921734204306,2823.9210560598913,0.07000000000005002,T,sp
DCB_se2_ag1_f_01_1,5163,AY1,1979,kind,775.2638931094617,1754.9201373472633,2253.708605124452,829.1957619778418,1782.0509317286514,1994.0492822872243,731.749171481471,1914.2506610644675,2248.6713250818675,0.13999999999998636,K,N
DCB_se2_ag1_f_01_1,5166,AH0,1980,of,590.1781163437583,1911.0067979788407,3003.7443960888972,613.5761630875344,1995.8647223967182,3053.373226684675,611.2658208553607,2003.5159520723573,3092.8627089243173,0.05999999999994543,D,V
DCB_se2_ag1_f_01_1,5170,IY1,1982,we,532.7936594188241,1914.5737948446413,2943.221167811823,607.212246994766,1736.3841681947038,2951.822375562748,555.258923826779,1985.0456350734537,2963.496033356961,0.06999999999993634,W,sp
DCB_se2_ag1_f_01_1,5173,UH1,1984,would,475.99877538945265,2320.577687601304,2744.3932667751396,512.756144865986,2471.9228631815513,2606.62819480808,508.3997128701227,2436.0653521365684,2658.9050319319017,0.029999999999972715,W,D
DCB_se2_ag1_f_01_1,5176,EH1,1985,get,679.9855025028371,1890.1642968552555,2742.769610383851,701.1499261844349,1914.0954152990832,2734.349798399208,702.9389720262735,1916.7496430729464,2732.9562448884726,0.049999999999954525,G,T
DCB_se2_ag1_f_01_1,5179,OW1,1986,no,795.9762501818814,1073.2331214663632,3431.15434369226,861.428469702518,1504.2020947906701,3198.035361081883,637.3037437746005,1733.008417394519,3136.566569548774,0.17999999999994998,N,W
DCB_se2_ag1_f_01_1,5181,IY1,1987,we,556.4299130403484,1949.3247366198987,3032.9392704064044,591.1092184269152,1884.5767504135267,3069.475012878062,541.352846992618,1991.9344072367862,3074.0003646619325,0.029999999999972715,W,D
DCB_se2_ag1_f_01_1,5183,AH1,1988,w,542.8840054939183,1371.0989454712949,3027.776792396743,609.2786585713324,1376.0911718443604,2946.5877737501946,559.0041386287085,1573.9829921597743,3057.789663173506,0.029999999999972715,D,B
DCB_se2_ag1_f_01_1,5185,AH0,1988,w,380.9847102578242,1038.8689310911261,2660.4162644405637,565.5262952973749,1788.0988092983318,3132.9288954821895,499.824748925404,1980.2430609794671,3190.2640743825336,0.029999999999972715,B,L
DCB_se2_ag1_f_01_1,5188,UW0,1988,w,661.4424376487184,1707.1446647622488,2814.6954255417663,713.5379306893632,1812.0613874290545,3259.952572302488,727.1419507318392,1862.4504751711218,3455.9587245402654,0.029999999999972715,Y,sp
DCB_se2_ag1_f_01_1,5191,IY1,1990,we,546.096950542544,1212.3426673073127,2801.2577905660587,558.6251061115388,1228.644070335604,2669.436781627077,538.8507637747698,1248.4691448070382,2831.6132108613588,0.029999999999972715,W,W
DCB_se2_ag1_f_01_1,5193,ER1,1991,were,555.158382695936,1439.0030065208036,2404.8821074928337,605.3876879324183,1354.6019892171353,2161.614247207449,519.8555030719243,1508.5454912387308,2647.445705060103,0.05000000000006821,W,K
DCB_se2_ag1_f_01_1,5195,AY1,1992,kind,914.3365320181206,1683.3885818347537,2063.5401845203696,944.9270584965768,1715.6553246445878,2125.048743681038,846.1062098070695,1837.8457409398516,2051.7003930870733,0.17999999999994998,K,N
DCB_se2_ag1_f_01_1,5198,AH1,1993,of,691.0515784046984,1709.7064633650984,2680.91867285073,695.3066768088348,1897.9815116050293,3209.6200135308036,687.6235517886706,1881.8019225364058,3300.861801682289,0.07000000000005002,D,V
DCB_se2_ag1_f_01_1,5202,OW1,1994,close,560.7614106029085,1190.4424924958307,3688.1798823832,730.3884087795736,1284.16598514402,2999.337722474618,539.6065534859065,1516.8961760679176,3384.9476227100595,0.19000000000005457,L,S
DCB_se2_ag1_f_01_1,5207,AH1,1996,but,673.8418554782854,1543.0532023432381,3294.622173454831,706.3315520030396,1596.0228907378976,3352.442152960815,706.3315520030396,1596.0228907378976,3352.442152960815,0.05999999999994543,B,T
DCB_se2_ag1_f_01_1,5210,AY1,1997,like,831.6822606906737,1364.7364198818796,2407.7042257724015,851.2041033278343,1674.370040784407,1837.1637265931001,710.1178957587059,2152.3050685528046,3329.8852260119406,0.08000000000004093,L,K
DCB_se2_ag1_f_01_1,5213,IY1,1998,she,509.25642144464496,2852.1014968207837,3736.8930739840025,729.0514369570918,2344.780912815705,3362.155893664063,468.34745200800796,2810.059162638226,3132.0498025915062,0.10000000000002274,SH,K
DCB_se2_ag1_f_01_1,5215,EH1,1999,cared,652.035356877171,2378.4557752656146,2473.823038175064,659.5917109427184,2237.2010184162596,2478.848858297252,527.6129802331843,2576.9880950164998,2815.474964227616,0.12999999999999545,K,R
DCB_se2_ag1_f_01_1,5218,AE1,2000,aft-,965.0660388624938,1760.2703696340093,2595.017441355675,982.4772738958554,1772.4034821705982,2530.5810051017347,755.8406211207324,2028.654055202987,2577.722592498305,0.10999999999989996,D,F
DCB_se2_ag1_f_01_1,5222,IY1,2001,she,615.8120794729368,2365.0042179751795,3046.0011682189775,619.176872872806,2331.587191863964,3092.9314890817254,550.6192998008232,2596.4269487321544,3012.2422038339423,0.049999999999954525,SH,T
DCB_se2_ag1_f_01_1,5224,UH1,2002,took,626.7930550739128,1782.8313502709036,3311.9260069012194,773.9609444360718,1953.0915955008918,3236.9743508976476,773.9609444360718,1953.0915955008918,3236.9743508976476,0.07000000000005002,T,K
DCB_se2_ag1_f_01_1,5227,EH1,2003,care,596.8621272783423,2552.8637400986495,2824.0044476116436,651.8972448451289,2183.6150607574587,2448.4311741444762,594.5326698512505,2568.655565028684,3037.486168184544,0.11000000000001364,K,R
DCB_se2_ag1_f_01_1,5229,AH0,2004,of,570.567165390835,1550.8587932914431,2372.7135006027956,601.9521829446581,1504.2619914603358,2317.0979209968555,596.6113861450345,1631.4181618605135,2418.1959964858574,0.030000000000086402,R,V
DCB_se2_ag1_f_01_1,5232,IY1,2005,me,548.100994888234,2137.119180845057,3009.503075567073,677.666674471245,1422.740949916016,2778.585214835546,574.4724255115924,2201.530161253266,2934.1391569547113,0.15000000000009095,M,
DCB_se2_ag1_f_01_1,5235,AY1,2007,kind,855.5258727364591,1730.1570021552045,2441.528423582586,864.525094972582,1788.5709888900494,2472.3605516889997,776.8535635407377,1995.044101189011,2425.8868623774847,0.14000000000010004,K,N
DCB_se2_ag1_f_01_1,5238,AH0,2008,of,588.8342142474723,1982.814976342102,3049.3715256997302,605.6904959309404,1949.3162391280102,3112.1449106737696,592.8361145982127,2002.9758922220012,3114.1997244468776,0.07000000000005002,D,V
DCB_se2_ag1_f_01_1,5241,OW1,2009,so,599.8995711808211,1425.2580552598426,3081.917863210368,622.5691300111125,1728.5927191850112,3109.493942489085,620.9804036610886,1733.7343658901868,3114.219951400702,0.11000000000001364,S,SH
DCB_se2_ag1_f_01_1,5243,IY1,2010,she,455.393717044476,2205.870519665714,3060.5110455081954,641.8645973542741,1572.4114554064404,2979.8508477811984,579.9387560463717,2767.09258052161,3175.65733748461,0.20000000000004547,SH,AO1
DCB_se2_ag1_f_01_1,5244,AO1,2011,always,783.1287835901269,1299.368302579127,3002.3212496873857,787.7038012188065,1325.5031136337307,3035.179990043336,641.8645973542741,1572.4114554064404,2979.8508477811984,0.09999999999990905,IY1,L
DCB_se2_ag1_f_01_1,5247,IY0,2011,always,517.955775799914,2111.7647199370267,2451.7945461152217,592.072117315313,1890.0656114597616,2985.018939466215,486.8718301242335,2204.6781766310764,3140.4749713594,0.05000000000006821,W,Z
DCB_se2_ag1_f_01_1,5250,EY1,2012,made,612.6101784739758,2486.8341966906573,3193.2120986554132,620.2860108440464,2436.638004889212,3179.2632651767694,606.7498000743752,2496.0451368426347,3198.3926550175943,0.049999999999954525,M,D
DCB_se2_ag1_f_01_1,5253,UH1,2013,sure,678.8883926185491,1767.8949031121524,3120.5538863836487,760.4178461264703,1750.1559279488727,2558.1983828513194,618.3899971822829,1978.7288391885909,3290.280573600046,0.029999999999972715,SH,R
DCB_se2_ag1_f_01_1,5255,AY1,2014,i,995.3218385449784,1548.2354788914001,2420.861420919465,1049.666398545313,1610.1875731268512,2348.0423827591235,972.8829335699975,1785.0138892198554,2347.269129685104,0.12999999999999545,R,W
DCB_se2_ag1_f_01_1,5257,AH0,2015,was,490.3888438506862,1710.1010928844119,3106.498998968986,510.8314027977654,1675.2517528453723,2995.6052226412944,506.46450783082696,1719.8037315217298,2312.418104941921,0.04000000000007731,W,Z
DCB_se2_ag1_f_01_1,5260,UH1,2016,good,515.9815158232454,1777.472871289255,3268.734744178391,593.2869214271125,1802.885457868844,3236.9233781903754,480.39243050429263,2036.7471947532408,2896.391065173932,0.20000000000004547,G,D
DCB_se2_ag1_f_01_1,5263,AH0,2018,and,828.7278409865726,2057.505084359777,2979.9693617093826,955.1165174202398,1880.6804039602498,3101.877360449291,810.4224481442867,2064.8529953245225,2961.365354690664,0.07000000000005002,,N
DCB_se2_ag1_f_01_1,5265,AO1,2019,also,677.62811103887,1359.7835015490034,2320.173518272142,687.081643265052,1359.8212927138763,3350.7743812120348,660.5724444431241,1594.2054310300496,1664.6011509011125,0.03999999999996362,N,L
DCB_se2_ag1_f_01_1,5268,OW0,2019,also,623.017890436097,1648.484928629772,3150.4168287932594,623.286502129012,1647.2166422485684,3151.8259036437794,582.1960079372259,1693.7861021071035,3189.802654452493,0.030000000000086402,S,M
DCB_se2_ag1_f_01_1,5270,EY1,2020,made,584.4948995374244,2122.866164821081,2918.034808652058,598.1993242572848,1986.125926672186,2767.408261864035,557.4596897804267,2301.570212660907,3028.0587736284,0.03999999999996362,M,D
DCB_se2_ag1_f_01_1,5273,UH1,2021,sure,646.0690587901561,1576.4196549692867,3242.947762878456,646.5327268748748,1559.3596565571052,3232.887329055464,606.7276475108171,1802.289537646187,3267.4557161758826,0.03999999999996362,SH,R
DCB_se2_ag1_f_01_1,5275,AY1,2022,i,913.0112645244179,1732.5982473397708,2455.6460141651887,976.9441647008334,1681.9761791043118,2326.3254512191083,929.9325776965807,1735.5061251200916,2441.290378018539,0.19000000000005457,R,W
DCB_se2_ag1_f_01_1,5277,AO1,2023,was,583.1816750030673,1195.7774389386652,3041.6220826337503,595.2429977417494,1638.4446662125627,3234.811645738056,595.2429977417494,1638.4446662125627,3234.811645738056,0.049999999999954525,W,Z
DCB_se2_ag1_f_01_1,5281,AY1,2025,i,919.37700293393,1577.2752393102219,2257.68539853717,1030.588982897017,1900.981730298192,2591.6405717271123,1030.588982897017,1900.981730298192,2591.6405717271123,0.049999999999954525,sil,HH
DCB_se2_ag1_f_01_1,5283,AE1,2026,had,655.4514410051981,2341.7798186427995,2539.3465998548877,719.9183330467354,2196.364641299296,2509.8803099160664,637.1370901103767,2347.845610061699,3212.7651134630314,0.05999999999994543,HH,D
DCB_se2_ag1_f_01_1,5286,AH1,2027,someone,713.9085799720552,1523.3534761177355,3410.732138238457,714.079181909264,1512.8405015955125,3397.8067814830706,640.1185044997035,1796.6709751997173,3001.339892258643,0.04000000000007731,S,M
DCB_se2_ag1_f_01_1,5289,AH2,2027,someone,619.6912120356467,1376.6260004068424,3069.1816884548107,648.5890553151852,1184.8846657742013,2454.0805451934475,627.80263418187,1532.0661542185674,2533.3394902789364,0.030000000000086402,W,N
DCB_se2_ag1_f_01_1,5292,AH0,2028,to,554.5482209617344,1465.1433611453197,3174.307763771575,594.050982229472,1502.3907191116525,2976.075084592797,564.1585866075255,1760.638571578227,2385.207451579427,0.03999999999996362,T,P
DCB_se2_ag1_f_01_1,5295,EY1,2029,play,482.15712731008915,2070.2407213014376,2844.8234515881354,646.6453361060125,2142.4776113458406,3263.8074131388303,570.3369150514336,2322.0669462461315,2790.5855875062293,0.11000000000001364,L,W
DCB_se2_ag1_f_01_1,5297,IH1,2030,with,628.7420447122635,1820.1007681140009,3079.4739800135894,646.9111159285524,1823.5501706567454,2578.0806252739917,646.3356279855152,1837.041553338,3257.447072222551,0.11000000000001364,W,TH
DCB_se2_ag1_f_01_1,5301,OW1,2032,so,605.1995489608297,1972.060156323999,3001.9810996129754,682.1283402958549,1758.5089260491081,3069.3078135953356,491.11101663299326,2206.81702005325,2970.7066025102094,0.07000000000005002,S,SH
DCB_se2_ag1_f_01_1,5303,IY1,2033,she,593.0027476735777,2372.4596586941043,3062.22711624421,593.5090192125778,2323.4926173846616,3029.220640720091,459.08771404688076,2566.7233442191264,2847.1746157485527,0.06999999999993634,SH,T
DCB_se2_ag1_f_01_1,5305,UH1,2034,took,538.8073768795748,1800.001983402683,3169.747827762041,860.2925953114088,1937.9437353349392,3118.6644385325303,860.2925953114088,1937.9437353349392,3118.6644385325303,0.03999999999996362,T,K
DCB_se2_ag1_f_01_1,5308,AE1,2035,that,645.6842629661498,2084.7251229835992,3170.7883832466086,646.6395118305767,2093.053728471547,3131.8759496790317,646.6393096416957,2094.499710882352,3122.729534618639,0.049999999999954525,DH,T
DCB_se2_ag1_f_01_1,5311,IH1,2036,big,488.6793123606865,2244.5635134282156,3062.601062967884,511.85807159027934,2255.8478500121946,3042.778424142291,511.57960422174136,2255.860677273195,3040.1363247758795,0.05000000000006821,B,G
DCB_se2_ag1_f_01_1,5314,IH1,2037,sister,526.5615022378284,1813.2823105376747,2963.455640454614,550.2256860679239,1783.133708372308,2919.4811953514336,531.8560688579414,1862.8986928788122,2630.372629884695,0.03999999999996362,S,S
DCB_se2_ag1_f_01_1,5317,ER0,2037,sister,574.6712496503038,1385.441452758361,2136.058022235465,593.8269902848399,1293.058585023136,2046.0462654051457,571.9782370652796,1720.440278240108,2286.0459036528496,0.06000000000005912,T,R
DCB_se2_ag1_f_01_1,5319,OW1,2038,role,594.6039850883923,1220.7659572006032,2367.657708129047,622.2688048114596,1413.8918899648988,2012.8051588758124,619.8804625396479,1417.4691209670411,2090.3766328886127,0.12000000000000455,R,L
DCB_se2_ag1_f_01_1,5321,AH0,2039,and,482.9197365637787,1716.2598240358766,2536.0664277530655,510.3120786812791,1724.8003848420901,2546.212423236811,485.14755583051505,1753.085590058079,2515.1226545456434,0.049999999999954525,L,N
DCB_se2_ag1_f_01_1,5324,EY1,2040,made,586.8380708025353,2399.0034358856856,3130.035770537597,600.7767104259369,2340.5341991365485,3117.852857608497,452.7922428458571,2476.6738025972973,3042.531624743063,0.06000000000005912,M,D
DCB_se2_ag1_f_01_1,5326,IH0,2041,it,492.05186526623413,2084.4500900324897,2794.9182574875645,494.85792235265217,2036.5867015890847,2724.726943524381,426.390117543953,2333.8293639080357,2839.301340223096,0.029999999999972715,D,T
DCB_se2_ag1_f_01_1,5329,OW1,2042,so,612.0839741895518,1600.7064897055336,3127.276030795407,634.5203064473228,1488.122052841749,3191.158193922731,610.1329277637773,1600.4786288601376,3123.555976758925,0.029999999999972715,S,DH
DCB_se2_ag1_f_01_1,5331,AE1,2043,that,856.3892119867992,1638.9851964348761,2669.7608912775304,971.1751828975882,1644.3174758770451,2475.537175687983,949.4143257351257,1683.9406446027804,2516.9042404493457,0.029999999999972715,DH,T
DCB_se2_ag1_f_01_1,5333,AY1,2044,i,817.7852003329631,1917.6784461120976,2516.6430138910064,880.7220909920258,1703.7495829748989,2475.656795483236,807.7903813290802,1981.849147404965,2630.6539632904824,0.029999999999972715,T,HH
DCB_se2_ag1_f_01_1,5335,AE1,2045,had,664.7603533905555,2151.5478987403535,3082.7223312740525,726.5944636134705,2325.809921354273,3317.093160824904,726.5944636134705,2325.809921354273,3317.093160824904,0.049999999999954525,HH,D
DCB_se2_ag1_f_01_1,5338,AH1,2046,someone,627.1775018136017,1300.242111205997,3054.9785077974307,733.9387643252816,1681.78202215208,2570.0954554200234,733.9387643252816,1681.78202215208,2570.0954554200234,0.03999999999996362,S,M
DCB_se2_ag1_f_01_1,5341,AH2,2046,someone,660.3120558788494,972.6831842883831,2204.012898206263,690.7505046849799,1108.439866947385,2167.28338502572,662.6022033502383,1738.2073432629948,3563.636381150604,0.029999999999972715,W,N
DCB_se2_ag1_f_01_1,5344,AH0,2047,to,532.0614644788058,1686.9746403379293,2698.085683789079,543.6718517744501,1643.7282556372027,3109.522675614732,536.5871235716803,1780.2308180551074,3092.982905122187,0.049999999999954525,T,P
DCB_se2_ag1_f_01_1,5347,EY1,2048,play,651.8179428103017,1540.216209423904,3030.3192996884823,650.9914279300767,1541.3363852247421,3013.4370090875777,616.4448827946693,1556.7630689466578,2984.2046469749757,0.029999999999972715,L,W
DCB_se2_ag1_f_01_1,5349,IH1,2049,with,596.5238511260386,1925.287845842322,2659.2603852721004,931.0260527401953,1764.5258778225154,2716.0663096739954,899.3861695330996,2040.805268400637,2862.4788630481266,0.09000000000003183,W,DH
DCB_se2_ag1_f_01_1,5361,AY1,2055,i,902.100059916357,1323.6224874533632,2317.726899965305,1167.1414041542455,2011.799205996256,2602.311192726265,971.4858269355553,2084.7320914915895,3188.762108248904,0.21000000000003638,sil,EY1
DCB_se2_ag1_f_01_1,5362,EY1,2056,h,704.0633144391703,2010.3461345472579,2963.4874758089277,768.7635436094564,1924.2325815234854,2969.520255247721,707.1850064880043,2027.2982691645877,2970.9114700460414,0.03999999999996362,AY1,CH
DCB_se2_ag1_f_01_1,5364,AY1,2057,i,922.7208734325465,1884.8690612847756,2748.7157715739686,954.9959910141145,2127.883517179215,3269.855179765773,949.4700279850153,2116.8472003903494,3187.761758122429,0.13999999999998636,CH,HH
DCB_se2_ag1_f_01_1,5366,AE1,2058,had,743.3320303341309,2074.1954454531774,3147.9750778085468,802.8142497759587,2134.7543892212184,3183.7759806458675,664.2637609301755,2230.909349107635,3149.7945769462126,0.08999999999991815,HH,D
DCB_se2_ag1_f_01_1,5369,AH1,2059,fun,838.5117049569824,1559.183885694434,3181.956174723834,840.5643618200073,1565.9420868520992,3191.3792009541917,840.3136521987111,1566.6211618160269,3202.8931387054117,0.06000000000005912,F,N
DCB_se2_ag1_f_01_1,5372,IH0,2060,with,531.9301630978546,1584.7178228055525,2950.239124451011,561.1704392698953,1534.4404704136082,2827.1388502260443,531.7659131007849,1584.8635423170676,2942.3569465709306,0.05999999999994543,W,TH
DCB_se2_ag1_f_01_1,5374,EH1,2061,everybody,825.8286644926953,1960.8656841753457,2059.869444068525,853.704544115265,2017.600090440675,2323.473499735593,630.2961198922561,2031.3746498135006,3004.513154514139,0.09000000000003183,TH,V
DCB_se2_ag1_f_01_1,5377,IY0,2061,everybody,510.1893204864223,1540.265586284574,2822.513270844244,522.3770761129035,1920.256697508588,2526.452329361497,520.0467850371685,1938.6644317616674,2577.9657929005107,0.05999999999994543,R,B
DCB_se2_ag1_f_01_1,5379,AA2,2061,everybody,786.0764526483375,1702.5913965280556,3053.92345886685,813.8321151256986,1708.5853728669813,3003.3654480464793,714.066641191141,1839.9270141124848,3083.3065373136847,0.08000000000004093,B,D
DCB_se2_ag1_f_01_1,5381,IY0,2061,everybody,426.6283702636418,2345.4249469811716,3280.086552163008,483.0760367251438,1782.1890037016467,2948.9890712170522,428.25662153141167,2360.0378967167767,3272.4886684604085,0.06000000000005912,D,K
DCB_se2_ag1_f_01_1,5383,AA1,2062,cause,616.6303738780548,1854.840684200159,2798.5019663714806,619.8268546921137,1866.4032345380222,2774.192859962392,614.8864929872242,2165.801386698724,2787.6447852785764,0.05000000000006821,K,Z
DCB_se2_ag1_f_01_1,5385,AY1,2063,i,993.9387078646058,1729.1715135489128,2460.2981852422627,991.7858939519742,1735.1742301308298,2441.8033851949535,981.3261946169897,1745.565234170962,2402.3488753276115,0.09000000000003183,Z,W
DCB_se2_ag1_f_01_1,5387,AH0,2064,was,496.8325177443398,1519.1621496682499,2985.8796539841555,528.1751489857432,1501.6895086838933,3096.4697849844206,429.9308364338511,1601.4378775986565,2607.3692516884103,0.049999999999954525,W,Z
DCB_se2_ag1_f_01_1,5389,AY1,2065,i,873.1785234711688,1400.1201599519077,2286.3380910676415,890.9285952303686,1486.0493792964132,2289.2594435714263,721.800034637872,1833.9157889767223,2610.2077376296074,0.08999999999991815,Z,JH
DCB_se2_ag1_f_01_1,5391,IH0,2066,just,491.78303949803365,1881.4435758285551,3119.527434159978,502.29134470233095,1889.0815032112746,3079.0911392013813,501.0354543018619,1899.2846205544756,3107.760284139454,0.049999999999954525,JH,S
DCB_se2_ag1_f_01_1,5394,AO1,2067,wanted,648.5604149033771,999.2169243762762,2255.4932570811843,832.2882502309102,1393.5768784944548,3260.224862516099,828.8943939551564,1405.521857199937,3254.6390180416142,0.049999999999954525,W,N
DCB_se2_ag1_f_01_1,5396,IH0,2067,wanted,559.2200256262827,1660.837227965524,3030.298895225025,692.9677376388216,1678.155379128417,3169.614441876583,462.6342957305649,1692.3027962407377,2779.634766721075,0.029999999999972715,N,D
DCB_se2_ag1_f_01_1,5399,AH0,2068,to,486.54392954143685,1753.8280363675538,2844.021259928353,533.177790223322,1868.3844270494085,3047.7472790628976,466.56094669973925,1974.661082219474,3017.3253664016042,0.04000000000007731,T,B
DCB_se2_ag1_f_01_1,5401,IY0,2069,be,470.390494216855,2448.0734454402914,2972.968726299683,479.77251636546623,2450.3369391299493,2931.641671601375,475.23877737663656,2485.5731082037314,2942.786908216596,0.05000000000006821,B,EH1
DCB_se2_ag1_f_01_1,5402,EH1,2070,everybody,645.6571011441389,1921.7415783422966,2609.508104155854,650.2543612739971,1789.4691748181795,2464.8963170412067,479.6128246312363,2313.6209502269157,2944.65780625769,0.06999999999993634,IY0,V
DCB_se2_ag1_f_01_1,5405,IY0,2070,everybody,496.37725145251267,1455.3361084480346,2488.0714802986963,535.8084607108478,1929.0662721570486,2896.5083199634037,498.7194878007218,2014.7603315455156,2461.7998708152986,0.049999999999954525,R,B
DCB_se2_ag1_f_01_1,5407,AA2,2070,everybody,770.4645232796219,1747.2672896366837,2920.4350475336046,772.7511077529057,1771.7290506368288,3058.75091319021,744.8170144165188,1828.0531800321323,2962.6553459011825,0.06999999999993634,B,D
DCB_se2_ag1_f_01_1,5409,IY0,2070,everybody,584.681285913648,1965.1588018884254,2904.5747014401886,714.9788549578851,2010.6133183112509,2853.5188720042565,557.6062449604646,2022.8923863637906,3098.210363715373,0.029999999999972715,D,sp
DCB_se2_ag1_f_01_1,5415,EH1,2074,friend,634.9905616737857,1661.1216828239708,2165.018222720479,755.0605241005653,1771.1659210469006,1960.0641534001618,755.0605241005653,1771.1659210469006,1960.0641534001618,0.030000000000086402,R,N
DCB_se2_ag1_f_01_1,5420,AE1,2076,yeah,529.9524366164916,2046.5226271750162,2999.44519922858,541.1946758210507,2132.073031805551,3026.026535418237,535.9860011483282,2216.9003735116157,3056.4865872286587,0.04000000000007731,Y,DH
DCB_se2_ag1_f_01_1,5422,AE1,2077,that,837.77250575561,2055.5537302211687,2817.8483268876325,855.7781331294908,2044.8325469564816,2197.5947991034373,817.4866778290508,2065.6216108320214,3310.36722578545,0.06000000000005912,DH,T
DCB_se2_ag1_f_01_1,5426,AE1,2079,that,848.996496323127,1970.1693126833175,2457.2124732497477,881.4360884407763,1973.0098071367272,2287.0359224329145,870.1488172023184,2019.7576430766535,2206.535105865863,0.05000000000006821,DH,T
DCB_se2_ag1_f_01_1,5429,AO1,2081,all,810.4465052370666,1160.991717418958,3513.3562588559325,814.2722391193543,1238.6918656137977,3572.258646311543,758.7961327003533,1337.1315160772178,3585.124924479108,0.06999999999993634,S,L
DCB_se2_ag1_f_01_1,5432,AE1,2082,that,701.6427251305815,1842.8418800943675,3459.522249346896,717.9862289378568,1847.1302560985926,3516.057359703113,713.9861626182309,1846.2183424892369,3502.242932243446,0.030000000000086402,DH,T
DCB_se2_ag1_f_01_1,5434,AY1,2083,i,918.6107413219092,1287.803423990334,2380.5216706795327,965.4853091904337,1948.963706215782,3091.0835716102583,810.5584168185223,2051.193718367084,3199.0938832263687,0.08000000000004093,T,D
DCB_se2_ag1_f_01_1,5436,IH1,2084,did,520.8951828308321,2078.3505579228704,3287.597035281859,534.8676478073411,2372.476647919958,3331.5732005081986,534.0591902717263,2372.8328675798484,3331.46268157051,0.049999999999954525,D,D
DCB_se2_ag1_f_01_1,5438,AY1,2085,i,916.1102951391202,1903.020081358648,2627.6304286773557,1044.1785202940198,1822.2118199985453,2380.6967925123845,746.0883718239074,2087.9552282571985,2846.015609837433,0.10000000000002274,D,JH
DCB_se2_ag1_f_01_1,5440,IH0,2086,just,521.4046245749263,1821.6574728007893,3213.999578475849,714.3797743686827,2037.5110467283148,3589.026741659654,714.3797743686827,2037.5110467283148,3589.026741659654,0.04000000000007731,JH,S
DCB_se2_ag1_f_01_1,5443,AY1,2088,i,1052.330902748389,1840.8204567706082,2591.9761329550215,1103.6959762571469,1828.6178252885338,2512.1277627385925,1060.0440657967265,2013.823717105473,3015.9944136131962,0.12000000000000455,sp,JH
DCB_se2_ag1_f_01_1,5445,IH0,2089,just,532.6314716121866,1772.408075714258,3331.029829943792,549.7972219619672,1815.3105501826033,3552.159483208151,529.1944188984572,1909.8151521191694,3276.095603169931,0.09000000000003183,JH,S
DCB_se2_ag1_f_01_1,5448,AY1,2091,i,759.8686971268247,2027.366178313452,2949.376431620777,980.6542860757811,2012.9876416032714,2774.995470934984,736.0258206034949,2142.253552436733,3040.3233879987783,0.12000000000000455,sp,sp
DCB_se2_ag1_f_01_1,5450,AE1,2093,and,679.86925739095,2036.218604825301,2896.7320592174456,879.8655852144502,1571.7775987163418,2752.460211589231,625.8339763917713,2225.4143064141217,3030.104768648288,0.08999999999991815,sp,N
DCB_se2_ag1_f_01_1,5452,AY1,2094,i,1047.5839160130317,1697.70974150082,2898.073142583193,1179.3555016431055,1630.5548157139658,3112.6874857452162,1046.8615673921572,1784.806308436287,2264.904066537801,0.18000000000006366,N,AO1
DCB_se2_ag1_f_01_1,5453,AO1,2095,also,852.4588537625131,1293.1031319078647,3318.6084070231236,992.5985222821572,1653.215141181058,3209.0688890684623,992.5985222821572,1653.215141181058,3209.0688890684623,0.05999999999994543,AY1,L
DCB_se2_ag1_f_01_1,5456,OW0,2095,also,622.9720084095001,1379.8236795908056,3367.528792687254,663.1738808261048,1416.6964658085553,3350.8925266992583,613.841023799443,1435.5433400609418,3337.4965753741094,0.06000000000005912,S,M
DCB_se2_ag1_f_01_1,5458,AY1,2096,my,978.8616561513522,1505.7974810110106,3316.146644156174,1000.6344609972814,1412.995717939689,3274.397453319827,978.9836973206801,1503.0551249848613,3058.38443772799,0.05000000000006821,M,M
DCB_se2_ag1_f_01_1,5460,AA1,2097,mom,978.61042808335,1555.6987498271558,3628.474051548436,1071.6725318102424,1568.8599808534793,3453.353728325602,1016.214720157096,1583.6411614853546,3678.203590895926,0.07000000000005002,M,M
DCB_se2_ag1_f_01_1,5463,AO1,2099,always,671.7926857372323,1319.656854123067,3227.494531609409,1178.6993425969952,1344.5167233195448,3229.968922910997,679.2078760364703,1386.5393522200504,3417.0417790210554,0.08000000000004093,sp,L
DCB_se2_ag1_f_01_1,5466,IY0,2099,always,465.55341324984903,2139.163776362047,3080.753648204084,589.0814987284808,1630.289411326687,2344.6073210531654,469.95185624402217,2318.4941897087097,3077.8153130264727,0.05000000000006821,W,Z
DCB_se2_ag1_f_01_1,5469,EH1,2100,said,619.373909186842,2076.0582573063875,3288.363860362143,624.7122482922276,2066.703294228882,3307.6558195227194,620.246998787156,2138.009105137138,3318.198756690158,0.07000000000005002,S,D
DCB_se2_ag1_f_01_1,5472,AE1,2101,that,772.7733301314639,2123.9113420677363,3117.951767167165,856.2108741747618,2069.9648947928426,3008.5705816525347,787.8112865778935,2120.94335690138,3083.959855040184,0.029999999999972715,DH,T
DCB_se2_ag1_f_01_1,5474,AY1,2102,i,1002.6799219573244,1597.1780620759853,2553.943048545525,1067.794926989413,1605.2535553744228,2475.9163271333246,1025.3745794691984,1909.44671978547,2660.369454269979,0.12999999999999545,T,W
DCB_se2_ag1_f_01_1,5476,AH1,2103,was,600.4678800146264,1631.2729244924942,3108.595304146734,614.8042145030885,1560.0993176000225,3157.092657386905,576.2526237818901,1677.6662375315957,3170.8478090692965,0.07999999999992724,W,Z
DCB_se2_ag1_f_01_1,5479,AY1,2105,i,1011.8803157915978,1694.4659945688165,2647.781232557878,1025.951810042645,1677.8491823946445,2645.5148888410868,889.9064987225325,1974.16159831994,3437.1878382718846,0.07000000000005002,sp,AO1
DCB_se2_ag1_f_01_1,5480,AO1,2106,always,794.2478816682597,1171.3490585913084,2742.261680077613,924.5136373703206,1409.4599891821342,2445.5375365601926,924.5136373703206,1409.4599891821342,2445.5375365601926,0.049999999999954525,AY1,L
DCB_se2_ag1_f_01_1,5483,IY0,2106,always,546.8748039291576,1113.4798075323667,2903.3044976763044,629.5050059024144,1327.981618657024,3284.9079337394146,462.0957342073636,1544.6095021161987,3112.1134732769037,0.049999999999954525,W,Z
DCB_se2_ag1_f_01_1,5486,AO1,2107,wanted,631.170191355564,1240.444444534322,2023.99465701689,696.8498156656487,1214.7900144862274,1928.6416154855985,586.5193266299881,1276.5055736351567,2044.991126878679,0.029999999999972715,W,N
DCB_se2_ag1_f_01_1,5488,IH0,2107,wanted,655.706065808271,1601.487340520638,2419.399927094141,688.0761616203533,1620.7352332878372,3476.6914212844167,612.2437870429793,1669.9915331027419,3290.709890349879,0.029999999999972715,N,D
DCB_se2_ag1_f_01_1,5491,AH0,2108,to,569.6345955909433,1900.8701428299075,3199.5015938506626,573.5178854101541,1914.1396469824404,3216.220677318848,575.657917522584,1921.8483826955714,3225.869366987096,0.029999999999972715,T,B
DCB_se2_ag1_f_01_1,5493,IY0,2109,be,505.0922976034213,2230.8913734825724,2962.385515860242,521.1744657782143,1842.5129407476968,2817.8706691181123,509.011018907262,2431.860161815676,3056.9047089670375,0.05999999999994543,B,W
DCB_se2_ag1_f_01_1,5495,IH0,2110,with,560.5420422005751,1504.1149481706645,3302.8158786954746,560.4630906748123,1517.8481393118798,3312.0287518786595,538.7043581660724,1650.5762639913635,3421.0748053031,0.049999999999954525,W,TH
DCB_se2_ag1_f_01_1,5498,AH1,2111,the,705.4054794340246,1400.0312097603012,3205.9886523217483,740.3854583729741,1383.2778078326787,3206.8745229997294,645.6752150926227,1616.4166499364824,3428.893207270197,0.049999999999954525,DH,OW1
DCB_se2_ag1_f_01_1,5499,OW1,2112,older,675.8623577491167,1004.3629467605471,3179.4415443850658,726.5815232734026,1353.6580319400066,3214.580299215047,726.5815232734026,1353.6580319400066,3214.580299215047,0.12999999999999545,AH1,L
DCB_se2_ag1_f_01_1,5502,ER0,2112,older,507.81520787526847,1541.6575997634511,2511.971049432045,507.998566076403,1561.3709183086332,2568.4406963286683,507.763910376335,1664.8415648142216,2934.0998903270747,0.06000000000005912,D,P
DCB_se2_ag1_f_01_1,5504,IY1,2113,people,522.4192276858965,2574.7584401449794,2792.726054963308,536.0560905835761,2762.598410853571,3280.107625134694,531.5021730616783,2776.2404226302215,3255.949521495435,0.09000000000003183,P,P
DCB_se2_ag1_f_01_1,5506,AH0,2113,people,501.68989458044166,887.5785825003524,2694.988571521095,589.1499364106651,1840.6350007231383,2747.9268277263113,589.5163405142962,1841.279330850831,2744.9484396295993,0.05999999999994543,P,L
DCB_se2_ag1_f_01_1,5511,AY1,2115,like,619.0844459662942,1872.7204173221292,2963.3885298046903,659.3065107725818,1845.2146189251,2158.6868628274806,656.8234655868657,1923.8837431637535,2553.0582047157486,0.029999999999972715,L,K
DCB_se2_ag1_f_01_1,5513,AY1,2116,i,778.5064625572072,1455.2378137948008,3127.310058894607,862.7894143495109,1405.104571002458,3163.1307619324552,689.7856190039556,1646.9480618697164,3140.7932091957323,0.029999999999972715,K,AO1
DCB_se2_ag1_f_01_1,5514,AO1,2117,always,840.2020273719086,1329.1128340875296,3206.527337970329,863.5313411873453,1402.8891691192503,3167.3375554797126,862.7894143495109,1405.104571002458,3163.1307619324552,0.029999999999972715,AY1,L
DCB_se2_ag1_f_01_1,5517,IY0,2117,always,550.1529960832233,1660.4996064431948,3024.094887593121,684.6365406540247,1754.4585044798632,3183.2708089999082,659.6369257428456,1879.0562626423311,3107.1897051494802,0.049999999999954525,W,Z
DCB_se2_ag1_f_01_1,5520,AO1,2118,wanted,818.8620742932322,1237.8506960743089,2320.7596134568907,818.0894075735421,1247.0711211039065,2349.6539787717174,765.0489607685156,1404.5669141865267,3224.0093028089777,0.029999999999972715,W,N
DCB_se2_ag1_f_01_1,5522,IH0,2118,wanted,639.2363598638965,1663.152117408269,3320.7049328064168,694.1066327192332,1668.8821644835434,3373.635701689703,668.0951259133192,1689.116638520098,3355.6734826346833,0.030000000000086402,N,D
DCB_se2_ag1_f_01_1,5525,AH0,2119,to,500.4005045051865,1885.5248834200484,3118.5803079797215,584.2306431835085,1910.5136886001192,3185.2328647797817,568.9078202575256,1939.1209259094821,3155.4113087848364,0.03999999999996362,T,T
DCB_se2_ag1_f_01_1,5527,AO1,2120,talk,668.2070808941968,1140.9143736515482,3430.5283471267494,762.6678895946494,1314.6448736135694,3323.9212866636844,749.1836874000384,1418.6864724914117,3355.3625578302544,0.11000000000001364,T,K
DCB_se2_ag1_f_01_1,5530,UW1,2121,to,511.0175768575887,1683.2783542604857,2839.8574952039457,600.1790128489386,1768.9463776100365,3088.7372508892663,600.1790128489386,1768.9463776100365,3088.7372508892663,0.029999999999972715,T,DH
DCB_se2_ag1_f_01_1,5532,AH0,2122,the,638.9307989032061,1727.1829951780342,3188.0133887137094,684.0730447593943,1699.5803344826004,3153.3092085029357,610.7770196947498,1798.416545312973,3152.4183502828346,0.14000000000010004,DH,AH0
DCB_se2_ag1_f_01_1,5533,AH0,2123,adults,548.0100041938933,1930.3810623656655,3191.5408354040937,607.4645653170692,1796.8134919423817,3155.2388275267035,537.360122059843,1929.6073164432746,3172.3805271672927,0.049999999999954525,AH0,D
DCB_se2_ag1_f_01_1,5535,AH1,2123,adults,652.0658306272614,1343.2162324029548,2511.5357800491875,668.4709997790522,1259.212725052639,2123.3656520474988,590.6713072107917,1753.6268271530791,3094.6830748295793,0.05999999999994543,D,L
DCB_se2_ag1_f_01_1,5540,AA1,2124,cause,613.9091744794995,1600.6188311669407,3188.563451655444,945.6254093129073,1607.191094503908,2410.2102431844755,514.6682241423068,1621.4281161213646,3069.889960787094,0.049999999999954525,K,Z
DCB_se2_ag1_f_01_1,5542,AY1,2125,i,930.6513544550675,1655.2712180678882,2478.1594825383527,943.9432604422217,1661.7793764602782,2618.6935268563448,819.5749662141371,1737.7299822235702,2959.1688603352463,0.06999999999993634,Z,W
DCB_se2_ag1_f_01_1,5544,AH0,2126,was,496.9965783450532,1529.47201182202,3163.4574741323445,577.4268629576861,1437.2852246963544,3104.4669611144873,487.5243149240738,1547.41455327038,3377.425275666164,0.029999999999972715,W,Z
DCB_se2_ag1_f_01_1,5547,AO1,2127,talking,708.8421694307991,1231.1992264523258,3326.4882827715883,825.4200466774253,1067.506545056246,3426.8095455993102,686.4199273773858,1263.7179597375357,3281.175530139119,0.11000000000001364,T,K
DCB_se2_ag1_f_01_1,5549,IH0,2127,talking,613.2770013310633,2330.5272028178647,3204.12542174595,750.006480194393,1416.7385096293478,2308.4533105449145,619.7814287280295,2339.38602659936,3178.5179778015117,0.03999999999996362,K,NG
DCB_se2_ag1_f_01_1,5553,AY1,2129,like,829.4682634531023,1750.4016761031523,2615.163921855681,859.4254822820005,1746.8140405535778,2179.7233341078186,779.4905709845671,1775.481436275394,2669.2178082375917,0.030000000000086402,L,K
DCB_se2_ag1_f_01_1,5555,AY1,2130,i,861.2087226473311,1483.1982766061435,2221.7917397197825,905.7618363440916,1578.663197353569,2462.032573408897,809.3073655796837,1621.8315107558162,2399.448608145803,0.08000000000004093,K,S
DCB_se2_ag1_f_01_1,5558,AA1,2131,started,763.0962439088495,1535.9856114700165,2385.8336583897367,766.3366966210491,1541.712198800822,2422.118107338813,734.921146765908,1562.795260326229,2327.5123380520276,0.04000000000007731,T,R
DCB_se2_ag1_f_01_1,5561,AH0,2131,started,601.0619300921887,1936.8730082685106,2925.520731515611,614.3293591545095,2003.7329448349326,2920.0119263676115,584.5041657059284,2017.5256902384936,2922.731313310462,0.029999999999972715,T,D
DCB_se2_ag1_f_01_1,5564,AO1,2132,talking,710.6999212973689,1227.0333667844936,3102.3769960561253,736.0697879384512,1367.301456708893,3252.613562439711,699.2858074217596,1381.679578521053,3214.4288684685253,0.07000000000005002,T,K
DCB_se2_ag1_f_01_1,5566,IH0,2132,talking,631.7584325371977,1298.4546048346042,2370.9027459943304,647.5532924834399,1285.2401482647153,2301.101192378819,569.9003606320746,1323.629255028751,2540.382886016825,0.030000000000086402,K,NG
DCB_se2_ag1_f_01_1,5569,IH1,2133,really,594.0409116293571,1831.5740130313218,2646.339982547128,595.7218325106826,1744.355971325107,2755.0666425857794,594.8269389581184,1837.6927130881504,2574.2077717383845,0.05999999999994543,R,L
DCB_se2_ag1_f_01_1,5571,IY0,2133,really,457.6788835726508,2358.7960376006204,2948.278429140453,663.9266500524319,1785.6989898634813,2143.218781593473,477.0499683617134,2447.8409665789595,2991.2310665871323,0.13000000000010914,L,ER1
DCB_se2_ag1_f_01_1,5572,ER1,2134,early,663.4054553206752,1617.5322046091892,1890.607271717311,686.2789808176256,1683.1203452179948,1979.7451368382322,688.2770873918182,1963.1268265502176,2250.867417500549,0.17999999999994998,IY0,L
DCB_se2_ag1_f_01_1,5574,IY0,2134,early,454.491752921746,2395.202023420938,2642.0810288000375,526.666530766949,2149.659155618141,2958.31276227705,451.88141888651177,2453.6693438287853,2749.3757668353546,0.08999999999991815,L,
DCB_se2_ag1_f_01_1,5577,AH0,2136,and,699.2058360256701,1992.8066131648914,2977.8182599523525,901.689382125749,1679.2471455412667,2582.525759183066,700.9591792925747,1992.7521841711584,2971.6800934383728,0.03999999999996362,sil,N
DCB_se2_ag1_f_01_1,5579,AY1,2137,i,764.327998733202,1842.397602681716,1996.6274871010562,827.2389176021342,1755.3522049972617,2495.535182813762,802.7086375270858,1951.07169166432,2400.8089439682335,0.07000000000005002,N,S
DCB_se2_ag1_f_01_1,5582,AA1,2138,started,690.2985225730097,1836.754611206511,3122.4121261189443,718.7025538406081,1876.951535769372,3042.5282385742375,714.3388024641496,1888.2716792726342,2994.152840836031,0.029999999999972715,T,R
DCB_se2_ag1_f_01_1,5585,AH0,2138,started,640.7118027205929,1986.3710559366773,3048.131345929865,686.8007691970379,1931.2764063639834,3143.064973187661,530.8028947407038,2004.9249614410012,3005.292706401881,0.029999999999972715,T,D
DCB_se2_ag1_f_01_1,5588,IY1,2139,she,571.105182308196,2442.933660876471,3974.9797566071106,1178.3997470204279,2394.7018522535686,3815.5181196988087,571.2346959414842,2446.863678742144,4010.739625049775,0.03999999999996362,SH,S
DCB_se2_ag1_f_01_1,5590,EH1,2140,said,518.0931117185307,2050.7032949676186,3103.3647367869153,540.5107786430157,2037.4326799382545,3125.0731110276724,514.6344346191845,2091.0711371192424,3173.592422200276,0.029999999999972715,S,D
DCB_se2_ag1_f_01_1,5592,AO1,2141,on,676.2765812513638,1316.5865779185374,3088.502949292393,687.1098278052698,1524.6645330023957,3025.4466366128895,685.2780483085169,1614.1576033904726,3016.446326455304,0.04000000000007731,D,N
DCB_se2_ag1_f_01_1,5595,AY1,2142,my,816.0477222263467,1621.2652861069623,2194.3647619634194,865.8529292026134,1662.959917662919,2128.676979199073,861.7932601961596,1662.7433393142435,2172.121274882022,0.06999999999993634,M,F
DCB_se2_ag1_f_01_1,5597,ER1,2143,first,671.0715125061483,1611.7802300417766,2092.2132941086634,687.2812411124073,1362.9921637924454,1791.0460079946222,572.4872635637636,1776.546195461075,2273.502718058569,0.09000000000003183,F,S
DCB_se2_ag1_f_01_1,5601,ER1,2144,birthday,691.3062060573412,1641.233295113392,2037.7341448725654,692.3916179625322,1634.5972097781066,2018.761926942365,551.7633861451912,1706.4564488806923,2185.538943337798,0.08000000000004093,B,TH
DCB_se2_ag1_f_01_1,5604,EY2,2144,birthday,565.8806264482512,2221.4490941705453,3320.282263443066,641.9268683509196,2395.843449896365,2601.9536430603193,641.9268683509196,2395.843449896365,2601.9536430603193,0.029999999999972715,D,AY1
DCB_se2_ag1_f_01_1,5605,AY1,2145,i,881.6731734941798,1802.716798773886,2497.1879868444744,888.3380039212051,1791.1876283871948,2946.975979307415,641.9268683509196,2395.843449896365,2601.9536430603193,0.11000000000001364,EY2,JH
DCB_se2_ag1_f_01_1,5607,IH0,2146,just,491.7636549691617,1746.3237256951004,3177.86661666436,559.0739227448519,1898.723832172571,3314.364419770341,498.1459977666114,1945.1519544550292,3506.1436741355014,0.08000000000004093,JH,S
DCB_se2_ag1_f_01_1,5610,AA1,2147,got,863.5374557358953,1806.2674908480826,2445.448189304719,863.6412737930891,1805.9764441852749,2416.9086960536974,824.1102711460097,1895.9609850877825,2252.961398415583,0.05999999999994543,G,T
DCB_se2_ag1_f_01_1,5612,AH1,2148,up,687.8496923681823,1809.5327290517685,3197.771354236269,693.3719955596104,1831.073122297937,3181.029105478916,691.8997060833462,1825.3302839945002,3185.492720713354,0.06000000000005912,T,P
DCB_se2_ag1_f_01_1,5614,AH0,2149,and,590.6501680505543,1745.9745448996962,2577.9313224231773,683.0477935089677,1763.0536302739433,2547.5938997748976,609.8168999388246,1861.3661202846206,3142.4245568978845,0.029999999999972715,P,N
DCB_se2_ag1_f_01_1,5618,AA1,2150,started,772.6583062417197,1469.1926137866292,2173.930365976452,802.1538844936124,1468.2423457730486,2224.7240923153036,700.6007732774693,1541.7237409450088,2208.545513091842,0.03999999999996362,T,R
DCB_se2_ag1_f_01_1,5621,AH0,2150,started,591.5510346516352,1553.1980195066928,2520.0452083007053,649.1518796008487,1706.6057798274176,1929.1726742969236,649.1518796008487,1706.6057798274176,1929.1726742969236,0.029999999999972715,T,D
DCB_se2_ag1_f_01_1,5624,AO1,2151,walking,701.1191953050821,1045.0989461919082,3334.0976622838,785.8069498985409,1145.997470099547,3458.068982938299,781.8112326105079,1181.7807802823697,3461.6786696163094,0.13999999999998636,W,K
DCB_se2_ag1_f_01_1,5626,IH0,2151,walking,580.7918006080826,1253.7393875042576,2497.039226015226,689.8001040237444,1187.0541310621634,2515.8960051732233,630.8943282364995,2499.1411326326474,3093.6785023545913,0.029999999999972715,K,NG
DCB_se2_ag1_f_01_1,5630,OW1,2153,so,545.0580837088916,1771.9465740879514,3061.3193732881655,593.6558193307957,1877.7692444875618,3081.86580143271,566.6194470636149,2050.7020889289515,3126.0201357357305,0.03999999999996362,S,SH
DCB_se2_ag1_f_01_1,5632,IY1,2154,she,565.6141756252209,2362.1632503499927,3014.7343498664954,573.2716577831949,2342.6745005907364,3052.3531571603994,568.4423978343895,2364.3477102646284,3026.159842748912,0.07000000000005002,SH,W
DCB_se2_ag1_f_01_1,5634,AH0,2155,was,487.0603247085511,1949.5475347972383,3090.142674308926,500.7076688455067,1936.9176178105822,3024.286077693905,486.16085231732694,1960.5983675717791,3076.5390347644943,0.029999999999972715,W,Z
DCB_se2_ag1_f_01_1,5637,IH0,2156,just,494.72292154791484,1772.3913983808118,3043.192657105079,504.6161809340208,1794.1468732382807,3062.5596464834857,484.763927661954,1817.3663460201376,3061.888704295014,0.05999999999994543,JH,S
DCB_se2_ag1_f_01_1,5640,AY1,2157,like,727.0202874787249,1915.8167695687391,2351.2226811292276,770.6992571523742,1761.513025559765,2563.6823713870644,711.8864933858347,1970.955597201733,2120.383566267765,0.03999999999996362,L,K
DCB_se2_ag1_f_01_1,5643,UW1,2158,you,576.1743479747718,2294.7124268813745,2905.2064158249136,615.8171477956448,1903.3928210163795,2898.6344301218464,597.2458774672665,2627.8831753083405,2854.078545648312,0.049999999999954525,Y,W
DCB_se2_ag1_f_01_1,5645,ER0,2159,were,585.0379746555548,1184.7282262280148,2984.0509135230886,620.8332860610727,1207.5616172635641,2528.089255750497,616.0513943957465,1211.661596324581,2567.156350384152,0.03999999999996362,W,V
DCB_se2_ag1_f_01_1,5647,EH1,2160,very,631.3372866747809,1485.5589280697332,2285.510812758644,666.7845376195731,1658.2244216897714,2040.5704484797259,666.7845376195731,1658.2244216897714,2040.5704484797259,0.07000000000005002,V,R
DCB_se2_ag1_f_01_1,5649,IY0,2160,very,500.31335437713534,2061.9273538439743,2928.9838780236796,652.3139841892773,2343.11048174647,3039.2764009944676,581.329678593556,2423.4501027967285,2742.425199128468,0.12000000000000455,R,AH0
DCB_se2_ag1_f_01_1,5650,AH0,2161,advanced,680.1252762700861,2013.3921743077929,2601.321042429018,706.1148421161881,2226.899707452002,3206.0348333712072,685.5081195961287,2303.741600452948,3357.0638681442606,0.13999999999998636,IY0,D
DCB_se2_ag1_f_01_1,5653,AE1,2161,advanced,672.6454893154721,1505.012557220149,2510.6936220834364,730.7550290757393,2027.7779199065164,2280.8035692215444,669.0062017224745,2506.283675694693,3162.8470785628137,0.2300000000000182,V,N
DCB_se2_ag1_f_01_1,5660,ER0,2163,for,523.01951715803,1713.124063311582,2614.7229448531034,524.5416032730848,1741.1536197289777,2656.5942455621425,496.419331472096,1801.420398246172,2894.4550730474266,0.03999999999996362,F,N
DCB_se2_ag1_f_01_1,5662,OW1,2164,no,580.05478837432,1229.684996241917,2719.32098164671,625.1155956144717,1790.6611949874637,2903.5986098537646,615.0956332934188,1823.6207371489838,2760.5554790723722,0.12999999999999545,N,R
DCB_se2_ag1_f_01_1,5664,IY1,2165,reason,423.3701979751666,2412.1023681982133,3101.219790005727,563.4821673131975,2619.107855903642,3222.3943865220135,525.967785268832,2649.5433405161866,3124.420329238555,0.15999999999996817,R,Z
DCB_se2_ag1_f_01_1,5666,AH0,2165,reason,523.9549196696107,1542.313156127392,2010.9708540003655,599.4326077442337,2064.608643624026,2430.019280365585,551.2914504602544,2008.4496241838235,2373.0133479571145,0.05999999999994543,Z,N
DCB_se2_ag1_f_01_1,5669,AY1,2167,i,916.1766901536795,1735.8611775666716,2959.1420390531252,1053.6529285770162,1787.3669090132303,3011.007167251107,1035.5225805785378,1785.3140631572458,3012.8933629644107,0.08000000000004093,,W
DCB_se2_ag1_f_01_1,5671,AA1,2168,was,705.1009030280131,1789.539732789072,3241.0070676035543,749.2476946459831,968.0083519605741,1783.6561497233038,696.5866552975993,1786.419157749207,3248.524374457468,0.05000000000006821,W,Z
DCB_se2_ag1_f_01_1,5674,AH1,2169,just,582.3551456596173,1667.9605179298537,3122.1599417813613,598.0165230564643,1663.676441945234,3075.5913573518665,581.5690400420968,1733.5871558362956,3152.7386719528386,0.049999999999954525,JH,S
DCB_se2_ag1_f_01_1,5677,AY1,2170,like,615.1791839208311,1925.7479410817368,2836.6055001190175,635.9059517068074,1745.463660237792,2766.070410756396,586.1298351054656,2028.4604097197678,2895.0172571231387,0.029999999999972715,L,K
DCB_se2_ag1_f_01_1,5679,AY1,2171,i,1017.2302855930799,1698.0488466610393,2524.7393809995983,1053.9979766040992,1707.3258377117288,2498.1992444690336,832.8888616329098,1778.5232652240775,2583.087677474329,0.08999999999991815,K,AO1
DCB_se2_ag1_f_01_1,5680,AO1,2172,always,741.0250678309322,1296.7621305540054,2935.436276275214,858.2409405955367,1552.4652845985775,1805.620836757319,858.2409405955367,1552.4652845985775,1805.620836757319,0.030000000000086402,AY1,L
DCB_se2_ag1_f_01_1,5683,IY0,2172,always,567.8066876229757,2001.8659688384298,3029.620762493102,614.728586423756,1722.7127389284533,3168.2250703624786,566.9456822997513,2002.3912368812073,3028.4358751509994,0.06000000000005912,W,Z
DCB_se2_ag1_f_01_1,5686,AO1,2173,wanted,561.2165741312505,1179.1708222576988,2557.402268272016,564.6236836529429,1187.0405260406135,2526.799814961526,561.9200676009449,1248.2136294905533,2641.02347444267,0.030000000000086402,W,N
DCB_se2_ag1_f_01_1,5688,IH0,2173,wanted,581.3304134620407,1568.3127453982258,3136.275860076196,673.8084694773588,1693.595431681383,3292.819125930633,671.5435335572419,1692.2604984783943,3291.003993363976,0.029999999999972715,N,D
DCB_se2_ag1_f_01_1,5691,AH0,2174,to,521.3340551613122,1835.3621288282172,3034.2241010972575,523.578181677564,1834.4463118706783,3034.4269842452204,490.93539412718656,1903.2532554323782,3091.902686310382,0.05999999999994543,T,T
DCB_se2_ag1_f_01_1,5693,AO1,2175,talk,702.6525917428381,1208.0963305785922,3375.588352343495,742.4945613732352,1430.4127395123037,3353.6753819116784,730.6771322484174,1478.9051650294991,3299.7989340244276,0.05999999999994543,T,K
DCB_se2_ag1_f_01_1,5696,AH0,2176,to,477.0748600311001,1563.735203907961,2780.5807670971044,522.7523135593959,1532.4245418989951,2971.684312852298,461.30221885875955,1710.5934100978022,3046.2157423057497,0.05000000000006821,T,P
DCB_se2_ag1_f_01_1,5698,IY1,2177,people,554.4816000911445,1898.5444149621383,2495.810440672552,561.4128511231188,1664.9461868722187,2618.201508823,514.9677844472614,2571.1334951758586,3817.9349608590114,0.06000000000005912,P,P
DCB_se2_ag1_f_01_1,5700,AH0,2177,people,480.6011758295607,1646.5960355386487,2889.9147392215236,531.1763597989851,1992.8045930317082,2852.1600691565804,513.5565248925982,2079.2458434553887,2787.13942519605,0.029999999999972715,P,L
DCB_se2_ag1_f_01_1,5703,OW1,2178,so,721.5309799841626,1485.123786145596,2806.065918595105,889.1533623441883,1584.505393716997,2573.0038203575973,830.9687029131652,1649.915278987557,2623.478159679436,0.05000000000006821,S,AY1
DCB_se2_ag1_f_01_1,5704,AY1,2179,i,871.1946542247717,1735.018435901941,2460.4047010663526,938.2536229875292,1629.3231268558293,2450.580120870059,741.6681099555491,2001.3032754587455,2644.5584653242795,0.12000000000000455,OW1,JH
DCB_se2_ag1_f_01_1,5706,IH0,2180,just,488.45848278812707,1882.3059447233104,3182.613174215204,518.0336892003971,1718.1253138183433,3076.3083944945147,483.86424569876294,1880.6958839027875,3185.412727776367,0.049999999999954525,JH,S
DCB_se2_ag1_f_01_1,5710,AO1,2181,talked,599.4812032411631,1074.2273341665712,3277.1293268788995,679.9196573132076,1270.132009103252,3307.0149373461936,667.3537584952367,1308.6556406957714,3315.1622983459156,0.07999999999992724,T,K
DCB_se2_ag1_f_01_1,5714,IH0,2182,to,494.86482507005286,1876.5859946390708,3074.1715151945164,597.6947389656607,1820.4257222773945,2659.4827617096084,539.3911270476555,1891.9687533982992,3101.486372931586,0.05000000000006821,T,DH
DCB_se2_ag1_f_01_1,5716,IY0,2183,the,458.1374293005117,2262.431080315597,3006.7947148706,496.2945927963646,1945.9121457019921,3082.774074194436,459.45820000583905,2261.983422021669,3000.011930970841,0.05999999999994543,DH,K
DCB_se2_ag1_f_01_1,5718,IH1,2184,kids,488.13903960527557,2520.590544913159,3197.9413339312064,725.1424578341849,2505.513325880021,3140.275944101833,468.7726933609032,2604.2040434721007,3203.8327330673255,0.21000000000003638,K,D
DCB_se2_ag1_f_01_1,5724,EH1,2186,when,610.0253672936269,1654.9467598963154,3208.9638369276995,614.9831699330833,1708.8076491547959,3182.7444486414374,614.8693528285793,1711.0723809452395,3186.2348983339866,0.029999999999972715,W,N
DCB_se2_ag1_f_01_1,5726,AY1,2187,i,877.4846447037463,1678.0929069120878,2920.04402716951,881.4234291329802,1672.9589746092122,2908.732882611504,852.9468083289688,1780.1264955017098,2872.554000521087,0.05999999999994543,N,W
DCB_se2_ag1_f_01_1,5728,AH0,2188,was,527.8524471450934,1519.715699601494,2901.4134511093675,537.1978347714066,1481.7053835318359,3061.592741133378,522.5715185310319,1696.5040846448153,3417.0362759169952,0.029999999999972715,W,Z
DCB_se2_ag1_f_01_1,5731,AH1,2189,younger,683.5080652030907,1634.161885954502,3233.3642009772134,686.6712477531607,1640.8988134219996,2984.8167226520554,657.3801817504636,1792.110609562858,3103.5769165431893,0.06999999999993634,Y,NG
DCB_se2_ag1_f_01_1,5734,ER0,2189,younger,600.8393702261342,1386.9114623049607,2141.075580738832,622.4827719567662,1312.3844369584797,2331.8665902712783,602.0883086542196,1464.051743511204,2285.8924995672814,0.07000000000005002,G,AO1
DCB_se2_ag1_f_01_1,5735,AO1,2190,or,530.4607014089913,1073.6560374861165,2611.522042371373,617.7387011232648,1225.0989429315734,2574.212849364519,614.6942346974902,1319.7046463681036,2365.8682689512675,0.10000000000002274,ER0,R
DCB_se2_ag1_f_01_1,5738,AO1,2191,talked,621.0482971918748,1072.8315041709902,2979.7065520451433,657.4926072905199,1360.8723802095901,3007.6426460493026,657.4926072905199,1360.8723802095901,3007.6426460493026,0.030000000000086402,T,K
DCB_se2_ag1_f_01_1,5742,AH0,2192,to,512.6985536311713,1755.8667301489834,2777.638661102895,738.1110624919589,1757.9608839620792,3075.048340230058,692.8475943851907,1775.4320214202176,3391.5123339534684,0.029999999999972715,T,M
DCB_se2_ag1_f_01_1,5744,AY1,2193,my,902.8597862738419,1741.8396850632262,2421.348329226872,910.4231750681481,1729.5820904367065,2424.078660760712,902.5531004588353,1743.1793943032558,2421.7961226932002,0.06000000000005912,M,P
DCB_se2_ag1_f_01_1,5746,IH1,2194,peers,426.7300031547652,2559.054911316737,3026.9319813126685,502.148326859049,1882.8933300093292,2471.2160339224806,486.19939393336756,2773.661871861517,2939.582296681883,0.13999999999998636,P,R
DCB_se2_ag1_f_01_1,5755,AY1,2200,i,966.6113006296573,1695.0611464416406,2339.824278389084,977.7724324765085,1587.5215971559446,2219.4461393694496,969.1661103077123,2068.827447292333,2185.2864574990244,0.13999999999998636,,JH
DCB_se2_ag1_f_01_1,5757,AH1,2201,just,584.9381361211406,1808.8976793688012,2651.295239929053,625.6956603594493,1851.904022067998,2721.842256037954,564.2743941256659,2010.5980303901363,2656.0156304408574,0.11000000000001364,JH,S
DCB_se2_ag1_f_01_1,5760,AY1,2203,i,1198.286726751312,1823.0629018776524,2692.952457774478,1187.130651787614,1858.2995240616976,2659.699291271164,1016.1711442982515,1900.7137690420063,2829.175161551529,0.11000000000001364,sp,D
DCB_se2_ag1_f_01_1,5762,IH1,2204,didn't,640.8992936146412,1818.9444720559968,2460.7681183727286,697.0700447953482,1762.4335237459886,2481.3111193879627,617.1089125137653,1963.8559004759047,2421.396515249915,0.030000000000086402,D,N
DCB_se2_ag1_f_01_1,5768,AY1,2206,right,538.045999790015,2216.503499286395,2497.954981752248,889.0744568648249,1169.8541007029485,1979.4270578319422,500.4182418980357,2503.8758862183845,2891.973900807477,0.22000000000002728,R,T
DCB_se2_ag1_f_01_1,5770,AH1,2207,uh,858.5022132196676,1970.0085219619332,2805.8694842449877,873.8452679861006,1976.9794310505247,2844.0910593463614,868.6651703091901,1974.0401933797882,2830.0195543843474,0.029999999999972715,T,AY1
DCB_se2_ag1_f_01_1,5771,AY1,2208,i,1106.9499092312665,2082.6807623214086,2823.4350538147282,1106.4891316811456,2080.3572322553323,2818.3839209016332,1055.6536826947518,2135.333811649266,2494.925724516474,0.11000000000001364,AH1,D
DCB_se2_ag1_f_01_1,5773,AH1,2209,w,686.5872254733177,1374.3908314276546,2896.542107652243,797.1891819668243,1542.25345028621,2980.3910129049705,768.9200857685636,1585.7528631383443,2955.4758889130944,0.030000000000086402,D,B
DCB_se2_ag1_f_01_1,5775,AH0,2209,w,549.42955673393,1685.0028993083915,2270.7510783339762,715.900747280953,1811.1185470625583,2565.784209856768,715.900747280953,1811.1185470625583,2565.784209856768,0.05999999999994543,B,L
DCB_se2_ag1_f_01_1,5778,UW0,2209,w,663.2065756674655,1996.974349877611,2576.8690616631898,662.6494748865941,1986.800873009427,2581.0552133381907,618.2344851102183,2091.8921144129813,2564.1495126633504,0.029999999999972715,Y,spn
DCB_se2_ag1_f_01_1,5781,AY1,2211,right,785.0454937382812,1842.7605573010233,2181.881296715849,803.5893060021159,1692.6766040204457,2125.0326450647335,637.975685970158,2343.924785073609,2543.3007399486,0.09000000000003183,R,T
DCB_se2_ag1_f_01_1,5785,AH1,2213,but,728.5786491979864,1635.0278523685838,3130.444900000151,765.9175989681963,1659.210058785351,3143.67564892573,765.9175989681963,1659.210058785351,3143.67564892573,0.05000000000006821,B,T
DCB_se2_ag1_f_01_1,5787,AH1,2214,um,826.9247493140542,1624.8101859283888,2176.72884413163,913.7560027217545,1803.4723525146187,3043.6339169761354,904.748514063517,1832.7838006709956,2116.5473143186327,0.18999999999994088,T,M
DCB_se2_ag1_f_01_1,5790,AY1,2216,i,978.8292169849408,1613.6598749350542,2159.1007733380607,985.7307936039175,1616.480186695883,2107.613950489554,745.9267628818928,1967.2596628717392,2787.3177042747143,0.14999999999997726,sp,JH
DCB_se2_ag1_f_01_1,5792,IH0,2217,just,526.6678371027389,1572.6565279555898,2311.1686958306595,570.1919967762553,1917.299339270952,3187.289409365871,570.1919967762553,1917.299339270952,3187.289409365871,0.09999999999990905,JH,S
DCB_se2_ag1_f_01_1,5795,OW1,2218,know,636.4447622307366,1117.3276892050953,3216.752220855558,697.6917946945491,1309.739004128207,3159.5673821328387,684.9677143436281,1726.5940142975364,2619.162291552164,0.19000000000005457,N,
DCB_se2_ag1_f_01_1,5798,EH1,2220,well,658.1131826521234,1690.3698643175971,3157.5831594089377,682.6520102164369,1637.8765345845136,3118.270198108031,655.9149139279576,1699.550173839298,3160.6642719501997,0.07999999999992724,W,L
DCB_se2_ag1_f_01_1,5800,AY1,2221,i,1068.110809267698,1881.7652160782136,2667.485426244554,1134.0800586961896,1275.03606915094,2109.0390186813456,997.0563903417539,1912.5218715182618,2019.404968937424,0.12999999999999545,L,HH
DCB_se2_ag1_f_01_1,5802,AE1,2222,had,769.003926497658,2085.103340324071,3235.780424954835,816.4016277804526,1815.569910344907,2176.2106184706035,799.612721459642,2158.696972623842,3251.7169848046847,0.030000000000086402,HH,D
DCB_se2_ag1_f_01_1,5804,AH0,2223,a,606.3708698226117,1308.6292540039542,2279.8724655606916,697.1637372467889,1730.0666322933205,2516.4964271697195,668.5922406169374,1879.156860328585,2992.089053274573,0.12000000000000455,D,R
DCB_se2_ag1_f_01_1,5806,IY1,2224,real,625.0477554225333,1465.9075907314198,2549.6256973624777,650.5401733078558,1314.004597078101,2847.9688177762255,627.2899770806471,1467.6597628652594,2591.1698402890383,0.049999999999954525,R,L
DCB_se2_ag1_f_01_1,5809,AE1,2225,bad,741.3773434740997,2047.553085363364,3083.314275400683,777.7594641813779,2122.4865232603297,3331.4212527976615,774.0514497969092,2168.6273693726694,3278.320932148395,0.07999999999992724,B,D
DCB_se2_ag1_f_01_1,5812,AY1,2226,like,775.6186058671717,1895.1509260802004,2141.2361525667766,921.1264982281049,1563.315482548751,2067.09575357126,716.4068316010809,1985.879392654838,2049.7148833807614,0.05000000000006821,L,K
DCB_se2_ag1_f_01_1,5815,EH2,2228,elementary,815.486060444201,1898.3628138756487,3352.9912127277807,820.8762326897186,1637.9398757397532,2026.664392559045,792.6011489871036,1937.778735336647,3052.310774425958,0.09000000000003183,sp,L
DCB_se2_ag1_f_01_1,5817,AH0,2228,elementary,599.4622835399464,1866.2038989323948,3149.546399549789,664.2816979686955,1826.5742836390818,3153.450142644466,651.0993624223656,1892.8251832206363,3182.0725704264632,0.06000000000005912,L,M
DCB_se2_ag1_f_01_1,5819,EH1,2228,elementary,543.0015958557209,2229.2816310875564,2963.644490510587,543.2319498761715,2229.4467677687135,2973.3252086808357,534.0031747854362,2257.223635143121,3025.7636632143603,0.05000000000006821,M,N
DCB_se2_ag1_f_01_1,5823,IY0,2228,elementary,530.7863339367252,2244.9561613914034,2356.13311304539,552.4502583034649,1754.6995906193374,2394.6344061713426,544.3693171427366,2299.1095804561537,2658.0602850263435,0.049999999999954525,R,S
DCB_se2_ag1_f_01_1,5826,UW1,2229,school,535.4276681462796,1032.0567891215728,3058.7701750911815,673.1399663342225,1346.447794119199,2788.861413730142,673.1399663342225,1346.447794119199,2788.861413730142,0.17999999999994998,K,L
DCB_se2_ag1_f_01_1,5831,AY1,2231,like,743.4689572602182,2081.6146110754125,2410.6510771540743,802.8579391264967,1877.9595604676222,2133.2055672065876,719.1096140925673,2279.283482129357,3292.840642156873,0.06000000000005912,L,K
DCB_se2_ag1_f_01_1,5833,IH0,2232,experience,680.984151498666,2337.2580380373743,3004.6453258011043,781.0721001954561,2373.1939705372824,3282.158110245218,768.8348565529191,2379.8859287891587,3299.886499936615,0.06999999999993634,K,K
DCB_se2_ag1_f_01_1,5837,IH1,2232,experience,600.9612887847699,1521.4674413904368,2034.6682192378523,604.3520755298108,1531.632673577177,2020.5379373296348,586.109837570565,1543.782941154505,2002.965613621254,0.029999999999972715,P,R
DCB_se2_ag1_f_01_1,5839,IY0,2232,experience,607.7373731565541,1496.9609014734442,2741.215854694131,606.858063761269,1433.7520877423306,2741.1651000752577,565.0942383881943,2629.7011020477266,3065.779216504796,0.06999999999993634,R,AH0
DCB_se2_ag1_f_01_1,5840,AH0,2232,experience,644.9725582770001,2136.0471945862023,3092.2368196044745,644.5876828620773,2139.220240405077,3091.351454461508,634.648762689693,2180.992428928088,3089.976510617879,0.04000000000007731,IY0,N
DCB_se2_ag1_f_01_1,5844,IH0,2233,because,550.7198291691501,2516.6776977968293,3044.9965712289827,557.9273750535592,2565.103302331004,3107.7123903724964,550.9370013723565,2594.0328030638047,3186.7337055236294,0.05999999999994543,B,K
DCB_se2_ag1_f_01_1,5846,AH1,2233,because,725.4741116883692,1705.3594554617991,1714.4964249769048,733.5505471195435,1715.6974162710612,3426.145363101133,728.7154896500174,1718.6757251778565,3435.0326649995814,0.05999999999994543,K,Z
DCB_se2_ag1_f_01_1,5848,AY1,2234,i,981.0608126418481,1621.9431500628673,2529.906362045945,986.451764246188,1654.2108541968703,2537.5129482738434,758.7926399803158,1710.489815039046,2296.1757551832393,0.09999999999990905,Z,W
DCB_se2_ag1_f_01_1,5850,AH0,2235,was,604.4635982074394,1460.154399419665,3356.216064379423,641.6642826684658,1452.7406440812572,3481.3514898566427,621.238096829761,1459.3163908210768,3368.4573528963847,0.029999999999972715,W,Z
DCB_se2_ag1_f_01_1,5853,UH1,2236,bullied,647.2145423393514,1400.4034845031338,3190.655282317755,659.660495802299,1612.2543483264342,3304.0406289211533,655.159904515703,1643.4058376255016,3270.211762550864,0.049999999999954525,B,L
DCB_se2_ag1_f_01_1,5855,IY0,2236,bullied,536.6730628721056,2449.624321097057,3207.774961040141,542.0938879820251,2409.5765550614055,3209.8976998770563,536.6654895674266,2559.850592557873,2710.296575454677,0.05999999999994543,L,D
DCB_se2_ag1_f_01_1,5857,AH0,2237,a,556.6064373014905,1802.0598047820124,3389.764776256315,582.9697632276566,1700.9025550894244,3393.8447722301626,549.9022334285436,1855.8646935207796,3285.0992878704637,0.05999999999994543,D,L
DCB_se2_ag1_f_01_1,5859,AA1,2238,lot,902.9369458229789,1456.0237069621783,1701.5693425297957,970.2442353397622,1536.3258611788426,1650.1926688389553,886.8090196057469,1919.1907678646082,2470.431064879864,0.07999999999992724,L,T
DCB_se2_ag1_f_01_1,5861,IH0,2239,in,556.180158930642,1810.3386637881374,2699.6196640558355,843.7162627565729,1702.6485013557797,2673.865259011905,713.5553796705586,1937.4683206356237,2750.534910410904,0.029999999999972715,T,N
DCB_se2_ag1_f_01_1,5863,EH1,2240,etr-,665.9822791688783,1663.2843964501676,2094.712828180671,686.9535867572289,1727.751969396556,2808.710463431719,648.4358457960483,2233.4476304666637,3263.914394070487,0.06000000000005912,N,T
DCB_se2_ag1_f_01_1,5867,EH2,2242,elementary,750.7270043484912,1908.6237196845618,3108.12722853629,756.0165484792345,1898.0322518294647,3045.1082832249117,674.6542318396008,1987.196185873012,2962.7980535850306,0.10000000000002274,sp,L
DCB_se2_ag1_f_01_1,5869,AH0,2242,elementary,630.0558301859389,1741.5377525305232,2950.051803638617,659.4265241420364,1790.9588136680165,2994.158502006391,650.7791882025524,1791.1477435585741,2988.3346979816893,0.05000000000006821,L,M
DCB_se2_ag1_f_01_1,5871,EH1,2242,elementary,551.2532686451761,2090.4192832112844,2248.5436009123287,551.4570768511417,2089.859450721722,2247.6477094115958,529.0942098773463,2164.59549947972,2344.52820201252,0.03999999999996362,M,N
DCB_se2_ag1_f_01_1,5875,IY0,2242,elementary,450.9498159947353,2146.6462360167766,3405.926907243192,492.23245145940643,2042.2186734339614,3078.9110542055196,474.25959165175584,2193.5332403314787,2949.893899591889,0.029999999999972715,R,S
DCB_se2_ag1_f_01_1,5878,UW1,2243,school,487.18426426051707,1328.2054427906148,3221.8691078102283,769.0772548780437,1499.9458762409608,3097.6905095183834,769.0772548780437,1499.9458762409608,3097.6905095183834,0.12999999999999545,K,L
DCB_se2_ag1_f_01_1,5882,AY1,2245,i,925.6129498101194,1655.8582051657188,2507.40138532997,941.3200785004493,1678.316849334953,2490.088239933234,549.1499414198321,1939.1629252731466,2974.2221723546068,0.13999999999998636,,W
DCB_se2_ag1_f_01_1,5884,EH1,2246,went,585.3759834346234,1454.0041624947844,1961.587191102674,585.6795067454829,1489.4233531758478,2423.211796882237,577.4001143485607,1529.2055878556635,3082.7764626823655,0.029999999999972715,W,N
DCB_se2_ag1_f_01_1,5888,IH0,2247,to,527.7453070538138,2036.5713068077791,3232.6770898189307,658.052033885122,2125.4440648332675,3503.8491871167216,658.052033885122,2125.4440648332675,3503.8491871167216,0.05000000000006821,T,sp
DCB_se2_ag1_f_01_1,5893,EH1,2251,well,561.4062573604257,909.5669491618146,3513.805223656963,644.8342721627243,1152.7984849655998,3176.546603344372,596.7176986031509,1290.0564235498405,3354.1024635476874,0.029999999999972715,W,L
DCB_se2_ag1_f_01_1,5895,AY1,2252,i,959.509779470902,1700.9170394030896,2718.0859842827,1002.405546655646,1689.687956910463,2772.86049572933,915.6112290041276,1737.5743058735472,2863.1406508166588,0.22000000000002728,L,sp
DCB_se2_ag1_f_01_1,5899,ER1,2254,first,658.3769194853439,1452.5775237870084,1794.367351226515,683.351256787436,1323.2304478685767,1713.174264860464,524.8415662244511,1672.4125379231948,1963.6942547784347,0.08999999999991815,F,S
DCB_se2_ag1_f_01_1,5902,AY1,2255,i,874.4117827362754,1635.8130539325932,2428.7628318401266,921.7806328488842,1639.6741080703619,2359.637939069773,784.3938282563256,1909.1090138606985,2474.6707592749062,0.08000000000004093,T,W
DCB_se2_ag1_f_01_1,5904,EH1,2256,went,685.7858808699052,1451.7061370694717,2954.514178975758,688.0076872876406,1425.4834860576918,2948.409711991988,668.7944859434779,1597.8883248394454,3254.2103004689325,0.030000000000086402,W,N
DCB_se2_ag1_f_01_1,5908,IH0,2257,to,461.4787230756868,2007.0598857590658,3028.7562866305416,487.84881326286234,1923.859300885633,2985.2233471669256,449.87769699984943,2092.478486897884,2901.731415715726,0.05999999999994543,T,TN
DCB_se2_ag1_f_01_1,5911,AE1,2260,and,624.7091756272002,2245.904712634051,2556.0956000283372,723.9573701959774,1695.1481331819812,2546.4321403185572,633.4541354580997,2452.4636919844907,3373.234799211924,0.05999999999994543,sp,N
DCB_se2_ag1_f_01_1,5914,EH1,2261,then,520.478601675161,2060.4051363882427,3167.836721639944,607.9415870704838,2012.9785095776974,3109.915646365298,499.9285574118575,2190.3149127297183,3156.9682066576934,0.049999999999954525,DH,N
DCB_se2_ag1_f_01_1,5916,AY1,2262,i,824.2662494126832,1635.4466286257514,3065.076158736045,833.5725232503037,1465.4499784201232,3209.4604565305167,802.9545800495271,1692.684038354082,1966.6161358811974,0.05999999999994543,N,W
DCB_se2_ag1_f_01_1,5918,EH1,2263,went,650.369174779636,1473.4343397107657,2519.579675692731,663.9948716369455,1722.5614623097206,3128.705111722191,663.9948716369455,1722.5614623097206,3128.705111722191,0.029999999999972715,W,N
DCB_se2_ag1_f_01_1,5923,AH0,2265,to,659.6561743061915,1813.8244298723534,3281.9954154810816,728.4770761846141,1689.524398438907,3289.5449629297855,653.3125439305002,1879.3375306229098,3343.9004723535672,0.12999999999999545,T,AH1
DCB_se2_ag1_f_01_1,5924,AH1,2266,uh,852.4717541095499,1505.3875390135356,3105.3963203267726,865.246042889952,1489.846595468745,3121.8335840204513,773.2740185562855,1680.3518671892616,3165.9232852841237,0.32000000000005,AH0,sp
DCB_se2_ag1_f_01_1,5928,AE1,2270,and,563.2717182882817,2536.521163525281,3252.8551287871155,967.0978543798676,1693.8766907181587,2695.619293228959,580.0361577928371,2608.7331542136544,3307.3023057948017,0.049999999999954525,sp,N
DCB_se2_ag1_f_01_1,5931,EH1,2271,then,530.5262530126413,2334.615988999787,3272.241967910583,625.7803999007684,2327.022427461287,3277.3081217304334,558.3275546634857,2322.972475650409,3272.2623538499474,0.049999999999954525,DH,N
DCB_se2_ag1_f_01_1,5936,AA1,2274,got,810.3180905862976,1245.5326540392887,1933.95928419959,831.2107618889713,1073.4694391673943,1943.4015395675551,777.068962385686,1904.0547374839168,2670.8142892209685,0.049999999999954525,G,T
DCB_se2_ag1_f_01_1,5939,AH1,2275,shut,647.87993613912,1921.7435240461955,3308.444642210209,660.4057608422845,1943.0516053446352,3269.7431590536094,650.8625441045814,1982.9182611721008,3373.90240410599,0.06000000000005912,SH,T
DCB_se2_ag1_f_01_1,5942,AW1,2276,down,717.7895008239558,1387.993113334625,2265.238025628314,734.5781268955247,2099.1992905449642,3049.0621250569448,695.3559108736836,2368.5185532525634,3210.223437306444,0.15999999999996817,D,N
DCB_se2_ag1_f_01_1,5945,IH1,2278,it,525.6225414416144,2395.1557686549336,3025.0383949520096,640.4952342066445,1818.1134606873309,3000.013646635238,500.06375840787064,2626.347082309237,3189.2209511747296,0.07999999999992724,sp,T
DCB_se2_ag1_f_01_1,5948,AA1,2279,got,766.3810290100482,1285.866761565328,2048.644693908871,789.0159689136373,1170.0988415764764,2235.070374042408,730.0403904297613,2047.2522690162025,2137.3087371704773,0.05000000000006821,G,T
DCB_se2_ag1_f_01_1,5952,OW1,2280,closed,601.2058855349868,1261.427097001052,3301.527901211975,650.6031716877761,1500.6000186074716,3311.8215744389904,650.6031716877761,1500.6000186074716,3311.8215744389904,0.10000000000002274,L,Z
DCB_se2_ag1_f_01_1,5956,AW1,2281,down,769.0518690780766,1710.2800015064927,2888.29923403132,770.1755197727905,1691.1178156246751,2840.322940438983,678.7537252755856,1921.1132270431342,2528.7490441720297,0.05999999999994543,D,N
DCB_se2_ag1_f_01_1,5959,AH0,2282,to,546.0527416890336,1733.7110459155265,3188.9168279579594,621.7657786706988,1946.543576164027,3246.2695892365637,619.869342190565,1960.424857508097,3271.4381008227197,0.06000000000005912,T,B
DCB_se2_ag1_f_01_1,5961,IY1,2283,be,550.1719677178452,2569.091694479856,3094.3288644696518,570.6599580571436,2415.9024018030746,3107.120422980933,520.1847824078202,2896.696628527463,3276.866686889874,0.06000000000005912,B,T
DCB_se2_ag1_f_01_1,5963,ER1,2284,turned,696.7018696445682,1686.025158897431,2153.064966589472,713.472558423476,1623.7476226316978,2135.838809650878,689.8002026658754,1752.6916846660795,2484.0351327959866,0.04000000000007731,T,N
DCB_se2_ag1_f_01_1,5966,IH0,2285,into,599.5639755067867,2111.589714567068,3079.8045426026765,601.4781260196495,2109.6658448074036,3151.3720879924404,599.6175030876717,2111.535915195764,3081.805867759111,0.030000000000086402,D,N
DCB_se2_ag1_f_01_1,5969,UW1,2285,into,486.1795301183327,1093.6974652545928,3213.97880876012,1128.8093595503524,1788.8174929630964,3200.1407336390375,1128.8093595503524,1788.8174929630964,3200.1407336390375,0.06000000000005912,T,AH0
DCB_se2_ag1_f_01_1,5970,AH0,2286,a,507.2284013041667,1003.9901560277772,3269.146486462159,606.4074014920861,1194.3681026167308,3218.5690035644398,470.8029235234468,1229.07530977456,3143.2680391180297,0.06999999999993634,UW1,P
DCB_se2_ag1_f_01_1,5972,AH0,2287,police,618.4389661330656,1071.750081568775,3538.740880378767,1035.8863612679127,1924.4365379198794,3176.998105755627,1029.4699586168779,1922.757499124754,3172.6193678675377,0.03999999999996362,P,L
DCB_se2_ag1_f_01_1,5974,IY1,2287,police,555.0328476411378,1016.7876518418477,2810.612035083814,712.3126213173039,2227.3777865216607,3380.407163207475,584.1654382381183,2730.428679057521,3628.6535689054017,0.10000000000002274,L,S
DCB_se2_ag1_f_01_1,5978,EY1,2288,station,469.0799904519033,1803.0086755645361,2929.1281271263556,615.8898791327694,2341.4213289680692,3299.030089362661,481.5330487324446,2549.7321137785466,3309.700894578548,0.12999999999999545,T,SH
DCB_se2_ag1_f_01_1,5980,AH0,2288,station,603.4770418071348,2083.4442870083444,2810.2605938126144,689.5889733416016,2102.7327465024405,3481.483804060517,568.0551745665043,2130.062870355798,3489.7538464268164,0.07999999999992724,SH,N
DCB_se2_ag1_f_01_1,5983,AH1,2290,um,842.5877585066214,1485.4371693603116,3270.8117911257023,933.5386969393851,1624.3877633056143,3097.758600250958,808.9632096443346,1692.1679621473806,2761.454308589165,0.14999999999997726,,M
DCB_se2_ag1_f_01_1,5987,AY1,2292,my,801.4776811025224,1694.5398828449092,2786.241966778684,999.7996364848146,1732.2634384778237,2749.0649547248804,902.283661462504,2150.4995960735746,3470.707798177381,0.25,M,
DCB_se2_ag1_f_01_1,5990,IH1,2294,fifth,530.7378526910743,2168.295562304624,3203.1114040985394,553.261956511775,1642.3921742789844,2749.8700306378314,509.84134875431647,2239.7924706354693,3156.7935285562585,0.08999999999991815,F,F
DCB_se2_ag1_f_01_1,5995,EY1,2295,grade,595.1436383298172,2444.0420594314432,2526.5177083345316,646.6328601177958,1757.203343634642,2336.7148223540107,477.61465114018927,2590.0186056262105,3046.308004089459,0.10000000000002274,R,D
DCB_se2_ag1_f_01_1,5998,IH1,2296,year,504.7004943147765,2613.9758083118963,3173.133526016819,611.3204909028061,2543.081217915294,2796.6414517092658,489.2716362544565,2737.1826606471604,3422.0379738114725,0.21000000000003638,Y,R
DCB_se2_ag1_f_01_1,6002,AE1,2298,and,563.6565136968862,2495.206082809949,3354.460631261591,1007.0298327299141,1742.038177741723,2463.7317884361546,565.004366898207,2496.0091670666748,3355.775658723886,0.05000000000006821,sil,N
DCB_se2_ag1_f_01_1,6005,EH1,2299,then,599.1099381482178,2326.099522134198,3197.7676679617794,612.1553723125187,2297.2131333747916,3268.4724066644385,601.3403726081116,2345.9394118642904,3359.9377456850702,0.07000000000005002,DH,N
DCB_se2_ag1_f_01_1,6008,IH1,2300,sixth,527.3636656032418,2458.606183728036,3205.552910728439,578.2725921246316,2296.390364994133,3197.1971604257433,536.1803319490018,2474.6904293738276,3171.644956295227,0.07000000000005002,S,K
DCB_se2_ag1_f_01_1,6014,EY1,2301,grade,591.870260157847,1883.0954378169608,2530.4559798633,597.527480372814,2169.00350612686,3055.357013914796,594.5721264963669,2399.367890767748,3227.3134520952067,0.029999999999972715,R,D
DCB_se2_ag1_f_01_1,6017,AE1,2302,that,655.4384835369775,2082.2367234736353,3402.8307740959635,660.9832634971461,1832.2638993944377,3077.0954263789927,584.8588604577484,2153.698520524137,3224.066444101389,0.030000000000086402,DH,T
DCB_se2_ag1_f_01_1,6020,AH0,2303,was,505.4657958970458,1526.7797463074771,3381.3683732933273,563.5472460236805,1504.6166474334298,4008.777968110608,557.1674580963155,1525.5183228147048,3940.8827197105948,0.029999999999972715,W,Z
DCB_se2_ag1_f_01_1,6023,IY0,2304,the,582.8108991526442,2850.070427110657,3079.053064595244,584.9466597440967,2844.3726660570005,3101.5222655476955,581.7126116952965,2848.4938482269963,3075.009838952907,0.04000000000007731,DH,Y
DCB_se2_ag1_f_01_1,6025,IH1,2305,year,457.51166045479613,2536.805516235119,3256.374005254435,496.258818242991,2434.8206606385984,3216.332716763901,483.9745665899403,2742.7750226867142,3103.1896401857357,0.04000000000007731,Y,R
DCB_se2_ag1_f_01_1,6028,EH1,2306,when,579.9456261976867,1414.072373310529,2721.72038156233,594.6913764519842,1589.801366347795,3166.1326187516406,564.1163860591183,1722.7659611853312,3404.7223089016284,0.029999999999972715,W,N
DCB_se2_ag1_f_01_1,6031,EY1,2307,they,560.3823706954655,2330.281181245024,3491.521870325275,600.8499532360863,2272.223753184651,3215.960787371918,589.8735127409739,2456.291456004924,3250.0982653297146,0.07000000000005002,DH,W
DCB_se2_ag1_f_01_1,6033,AH0,2308,was,498.01412718076995,1807.3004914538728,3583.9569735939212,519.2145986042976,1739.6601901572776,2370.2030013038734,501.5665316985647,1815.9335449761552,3627.5950197376405,0.03999999999996362,W,Z
DCB_se2_ag1_f_01_1,6036,UH1,2309,putting,652.2128334347029,1818.7477815516907,2340.3997551872053,1150.4875131909364,1627.0351612068034,3198.9704527906697,577.8089866650474,2015.9134677083193,3145.380807295951,0.08000000000004093,P,T
DCB_se2_ag1_f_01_1,6038,IH0,2309,putting,568.292703129281,2185.23563331075,2773.850024742619,585.5338254564562,2176.0190103655777,3165.6132854796965,562.9410212469625,2191.582181907194,3177.238292173408,0.05000000000006821,T,NG
DCB_se2_ag1_f_01_1,6041,AH1,2311,um,740.3703841768266,1424.786419589119,3287.8490000641723,890.323413180529,1601.324618773848,3101.8958332642974,855.1823810873843,1634.5808258510306,2999.0963332182714,0.19000000000005457,sp,M
DCB_se2_ag1_f_01_1,6046,OW1,2313,no,557.1705986397816,1021.798401611688,3256.482381047492,669.0315784850578,1694.0528043008271,3424.552085106803,669.0315784850578,1694.0528043008271,3424.552085106803,0.19000000000005457,N,sp
DCB_se2_ag1_f_01_1,6049,AY1,2315,my,923.0371374294094,1177.8027497830533,2262.4955273873243,955.9495053269379,1768.0074444117695,2929.027069080031,954.9594224513831,1788.8376197221764,2860.5896007444944,0.07000000000005002,M,F
DCB_se2_ag1_f_01_1,6051,AO1,2316,fourth,540.3080273980943,876.953785239536,2997.302623857453,574.4956867505615,947.6165035795465,3255.515301971337,571.9496031945437,958.2397328146537,3249.1380150055525,0.05999999999994543,F,R
DCB_se2_ag1_f_01_1,6056,EY1,2317,grade,560.049697371651,2152.730666819596,2378.1902422806925,613.7259499677274,1641.2780321414552,2297.326089853611,505.0048465606823,2301.7248023417324,2450.5587675876504,0.049999999999954525,R,D
DCB_se2_ag1_f_01_1,6059,IH1,2318,year,486.33163206341163,2659.7198221306253,3341.8863382432546,547.267897397119,2247.9115268938417,2485.56702433461,458.86562055801124,2665.4589750599293,3301.143999121585,0.029999999999972715,Y,R
DCB_se2_ag1_f_01_1,6064,AE1,2320,that,682.2191434161863,1968.680842091338,2917.9485691654036,686.3680513168275,1819.0127256454111,2971.8284031196386,624.124519199756,2099.160469522849,2933.3025076495132,0.030000000000086402,DH,T
DCB_se2_ag1_f_01_1,6067,AH0,2321,was,488.2017391582517,1573.82311682184,3130.770887330197,545.5110860825586,1545.0630082511211,3164.2587946044064,504.1672686824761,1610.635438327672,3135.3521991670004,0.029999999999972715,W,Z
DCB_se2_ag1_f_01_1,6070,IY0,2322,the,541.0248958611164,2547.379081455104,3057.561535500791,561.9104667505871,2675.376729042845,2951.9185513827892,558.4058276667869,2754.017669849077,2952.7712330752074,0.03999999999996362,DH,Y
DCB_se2_ag1_f_01_1,6072,IH1,2323,year,457.3685054589501,2401.476987570908,3064.2467043233796,499.10196634155216,2326.2415936372386,3141.6824693396507,483.1397605140462,2584.1004187266294,3199.8475388890115,0.029999999999972715,Y,R
DCB_se2_ag1_f_01_1,6075,AH0,2324,that,588.0957632917202,2227.5520774770234,3176.902055635477,590.0907733643305,2215.200302793607,3148.1313733726156,586.4381878923508,2226.4038589824404,3179.4902980332263,0.049999999999954525,DH,T
DCB_se2_ag1_f_01_1,6078,EY1,2325,they,572.0122286132502,2249.926723166582,3054.6696587938686,596.6905693923649,2254.7411492346855,3030.948897562381,579.1947214474436,2291.833203630199,3038.286376064258,0.06999999999993634,DH,W
DCB_se2_ag1_f_01_1,6080,ER0,2326,were,531.5949876922192,1104.9123819986025,2377.802376136613,547.4007379933392,1129.9964088632914,2397.60105904786,444.01919753140066,1308.0800790723815,2518.7906985389886,0.049999999999954525,W,P
DCB_se2_ag1_f_01_1,6082,UH1,2327,putting,581.7407585599806,1447.0273341280606,2826.861444091949,1063.056032714745,1258.023737450959,2947.410923304289,595.856516089009,1746.1182892259524,2905.459633784849,0.049999999999954525,P,T
DCB_se2_ag1_f_01_1,6084,IH0,2327,putting,557.8790776427062,1968.8002943841088,3162.2009220187138,571.8040589690879,1943.2737856979436,3150.1954260893804,568.4722921640678,2016.5983547209607,3130.2479570561704,0.029999999999972715,T,NG
DCB_se2_ag1_f_01_1,6087,IH1,2328,sixth,519.9307388903674,2326.716301850599,2889.013085497706,582.5686186607898,2216.074157222028,2854.264640985736,516.9954302753832,2337.531654861641,2954.2275833645526,0.049999999999954525,S,K
DCB_se2_ag1_f_01_1,6093,EY1,2329,grade,479.3072339814722,2528.4018089972665,3159.8131813522905,542.5737290753536,1975.5949126806604,2284.1632653648385,432.724547611682,2734.18484215261,2831.1316127463324,0.07999999999992724,R,D
DCB_se2_ag1_f_01_1,6095,IH1,2330,in,545.0946084504011,2505.183031478702,3039.040448370161,594.4140842348546,2307.281920439921,2437.2051237769488,535.7729323821709,2521.7250102857106,2998.546902732038,0.049999999999954525,D,N
DCB_se2_ag1_f_01_1,6098,IH1,2331,middle,631.2990754882735,1625.0448931848775,2982.431788394219,635.2203640976591,1652.3943094219017,3028.660676878847,630.8284401566199,1656.9895231763646,3080.184753767374,0.03999999999996362,M,D
DCB_se2_ag1_f_01_1,6100,AH0,2331,middle,529.3281034392865,1622.1172563341827,2547.467370358274,580.0543465174006,1762.725938548047,2518.224876537473,578.1384522033262,1817.9801017298105,2565.571084350902,0.029999999999972715,D,L
DCB_se2_ag1_f_01_1,6104,UW1,2332,school,447.4140916437117,930.4282196721804,3103.4888030253383,591.4388395267684,1332.5496615551788,2767.5048144130706,591.4388395267684,1332.5496615551788,2767.5048144130706,0.05000000000006821,K,L
DCB_se2_ag1_f_01_1,6108,OW1,2334,so,611.180910066406,1223.1020581492269,3201.4645817971564,673.4817431218486,1573.8316331289918,3074.4651673586145,565.1748702472116,1721.9288096739667,3131.7421239394716,0.21000000000003638,S,sp
DCB_se2_ag1_f_01_1,6111,AY1,2336,my,837.6055100391875,1730.6021648711671,2429.59089821205,948.5849558567952,1745.8934089143347,2639.298089761341,768.1937757346479,1860.2568695327705,2448.141392905102,0.10000000000002274,M,F
DCB_se2_ag1_f_01_1,6113,IH1,2337,fifth,532.219842871759,2027.97093462091,2970.262288027131,563.297026943598,1634.0142190025551,2571.1982351585407,545.1035551492844,2066.018878507121,3006.8272067829157,0.06999999999993634,F,F
DCB_se2_ag1_f_01_1,6118,EY1,2338,grade,597.0772769320623,2104.8168062840996,2444.387171311674,635.6028792686544,1917.1679271092098,2369.0997113174967,555.2461726592253,2439.7124788896363,2782.39975574088,0.05000000000006821,R,D
DCB_se2_ag1_f_01_1,6121,IH1,2339,year,537.3355817323509,2353.8256677944673,2937.0941872631934,634.285053404793,1913.8638112619833,2213.909264938967,512.3933081406833,2358.613399796003,2864.2605048663872,0.05999999999994543,Y,R
DCB_se2_ag1_f_01_1,6123,AY1,2340,i,870.4205794408866,2038.9529728338628,2621.7695048233754,874.5448241013494,2100.4240288960673,2700.7270534612326,873.8850414658215,2088.630305226417,2684.0606159012846,0.05999999999994543,R,HH
DCB_se2_ag1_f_01_1,6125,AE1,2341,had,684.6932293160355,1417.8042933093318,2279.723462589709,766.8943554158169,1101.0338407014535,2306.651456226213,617.4533933010795,2299.783704293326,3164.962304030408,0.04000000000007731,HH,D
DCB_se2_ag1_f_01_1,6128,IH0,2342,to,514.4450461533007,2380.8428282923405,3142.7071487632743,550.7563463747872,2185.50434009233,2915.478927294408,515.9512722757385,2380.857561399235,3151.7401706012333,0.030000000000086402,T,G
DCB_se2_ag1_f_01_1,6130,OW1,2343,go,615.6713587495545,1385.9997622011501,2699.880268277383,618.8963556641148,1375.9992395558902,2919.8179250412268,559.1954002060238,1539.1673547353478,2952.2753142212023,0.07000000000005002,G,T
DCB_se2_ag1_f_01_1,6132,AH0,2344,to,706.8770500019343,2154.248760298983,3134.135680243848,712.9616746712131,2088.869830482461,2728.7948095214165,706.7329971498767,2180.0008944288484,3132.524252012448,0.029999999999972715,T,TN
DCB_se2_ag1_f_01_1,6135,AE1,2347,and,590.9639633929289,2328.30176244132,2791.6219883855533,838.4188183489326,1987.4047478103175,2422.889158765709,611.1335921021017,2454.8942738421392,3310.3455550841013,0.09000000000003183,sp,N
DCB_se2_ag1_f_01_1,6138,EH1,2348,then,595.3792381365103,2034.9939883616828,2288.3500837978636,605.8890050226416,1077.9665392187167,2324.1443536836273,603.6810632074187,2263.270187782876,3141.1950716861797,0.15999999999996817,DH,N
DCB_se2_ag1_f_01_1,6142,IH1,2350,which,474.66293159117515,1657.1584672841514,2878.5407452999075,497.22238553235604,1669.2285444324104,3024.7678315836997,479.4764392794922,1717.6202359638908,2962.560244828278,0.06000000000005912,W,CH
DCB_se2_ag1_f_01_1,6145,AH0,2351,was,449.79009080524276,1671.8975709790031,3125.4434662837666,495.45536238744603,1783.2033619752983,3261.337825530584,467.93786652332625,1783.2919122455205,3215.999594651087,0.03999999999996362,W,Z
DCB_se2_ag1_f_01_1,6147,IH0,2352,in,526.8398582906678,1971.0271665286255,2924.1327372271594,589.1281561520331,1877.3021451135787,2796.0549392291477,559.3431165845446,2029.1628601507628,2988.7033931126593,0.06000000000005912,Z,N
DCB_se2_ag1_f_01_1,6150,AW2,2353,southwest,831.0198542388405,1536.3963975216777,2535.560812558922,892.9100879876239,1682.1432094029285,2575.3435929661314,730.6209982676048,1812.6938636485627,2566.0121201601273,0.09000000000003183,S,TH
DCB_se2_ag1_f_01_1,6153,EH1,2353,southwest,749.0411340024446,1734.6762240371165,3027.6726665515052,773.9041074521264,1948.8095215105873,3140.0305459038577,744.0799723112125,2067.5337250613693,3001.7363076697316,0.14999999999997726,W,S
DCB_se2_ag1_f_01_1,6158,OW1,2355,so,570.1386378069358,1213.0753539006519,3076.87285481281,570.501888883468,1214.6734867506766,3083.6385761520673,545.9817160909727,1639.7623055034978,3155.7177391663986,0.03999999999996362,S,TN
DCB_se2_ag1_f_01_1,6161,AH1,2357,was,596.4686886734327,1570.6138495423193,2732.014640783831,626.2513309076294,1501.7847980802362,2934.698010630114,524.7252821464202,1758.0933618713416,2944.0139291539012,0.07999999999992724,W,Z
DCB_se2_ag1_f_01_1,6165,AO2,2359,northeast,595.9199223420593,1030.9521697244095,2228.501308153829,644.180826849606,1069.8313964524175,3381.1253715006023,566.4483528208439,1443.218870346958,1778.0694047569677,0.05999999999994543,N,R
DCB_se2_ag1_f_01_1,6168,IY1,2359,northeast,573.0940138425244,2827.024118457025,3249.3647820853175,629.9395854681178,2569.4820561753463,3194.2906210242927,618.1709903431586,2729.841466228825,3225.7974901062316,0.18000000000006366,TH,S
DCB_se2_ag1_f_01_1,6173,AE1,2361,and,584.9026079922546,2287.8621932535098,3164.860216064779,1021.822775784645,2055.9133298561146,3049.761457224889,869.59946969344,2245.9079314070464,3481.7129794626067,0.05000000000006821,sil,N
DCB_se2_ag1_f_01_1,6176,EH1,2362,then,621.7978238400101,2028.6844024301877,3046.4360754380787,621.863886625967,2030.0033056979385,3096.2860380278476,621.9883027161004,2030.1843508282132,3098.9784275438496,0.029999999999972715,DH,N
DCB_se2_ag1_f_01_1,6178,AY1,2363,i,860.2296421017678,1546.2695509702412,3210.575844955154,897.1845098307659,1679.5765234759244,3201.0074001920484,892.0035785844683,1691.9250985062954,3152.309874877748,0.03999999999996362,N,W
DCB_se2_ag1_f_01_1,6180,EH1,2364,went,603.9313949346526,1312.5677395773646,2060.660123410669,609.2375369460269,1411.0785367511328,2160.978549561619,596.0756229496196,1618.182817942991,2788.047693565336,0.029999999999972715,W,N
DCB_se2_ag1_f_01_1,6184,AH0,2365,to,510.4740112435541,1882.0512732482555,3037.8418303325752,832.2654570796296,2077.644724689685,3548.780593051838,834.4224815517008,2088.8628368878876,3520.832224473733,0.049999999999954525,T,S
DCB_se2_ag1_f_01_1,6186,AW2,2366,southwest,771.1992005477407,1427.2259327762645,2940.582935348419,809.5205487069564,1563.9683264817206,2798.301204692135,700.2346618672308,1755.686340657749,2524.505393682101,0.09000000000003183,S,TH
DCB_se2_ag1_f_01_1,6189,EH1,2366,southwest,749.8646635539554,1926.0609975917507,2140.8820325733977,757.8598524478848,1959.2135283960165,2621.030772922916,692.9286887002279,1961.4182256763354,3037.371087628282,0.16999999999995907,W,S
DCB_se2_ag1_f_01_1,6194,AE1,2368,and,597.368737445033,2518.053093859174,3363.3752747376802,689.1546115722917,1948.8316509888245,2930.183665782927,570.3974961310596,2538.935337280913,3335.457710200506,0.09000000000003183,sil,N
DCB_se2_ag1_f_01_1,6198,EH1,2369,then,659.6180237872637,1542.6139065527966,2379.0067588595316,743.8769552001671,1871.8517535147062,2701.776549701515,622.8088420573458,2356.977652131041,3128.1646657822516,0.17999999999994998,DH,N
DCB_se2_ag1_f_01_1,6201,AH1,2371,um,852.0849607260656,1597.0055680546725,2563.799917926448,892.5340834821102,1265.695879274537,2204.0655453755376,810.3227448147907,1872.4993198616344,2645.668588213008,0.15999999999996817,sp,M
DCB_se2_ag1_f_01_1,6205,AE1,2373,and,628.1536936152634,2222.0875967072934,3189.8733835215307,944.3726537462102,2018.1466935278613,3181.738721794151,554.3564245826929,2338.847908053381,3388.229517240524,0.09000000000003183,,N
DCB_se2_ag1_f_01_1,6208,EH1,2374,then,625.2747158800731,2010.4823723383495,3050.217773788063,624.9043488902968,2023.942486672057,3059.8795354648746,583.2302843684931,2112.2435909554883,3075.9846551381142,0.03999999999996362,DH,N
DCB_se2_ag1_f_01_1,6210,AY1,2375,i,899.9897001986084,1557.9948249058816,3112.6236954531673,898.8924196118207,1542.8934122809455,3144.3340365283498,796.4662581083803,1775.5652595094098,2479.9499321121825,0.07000000000005002,N,W
DCB_se2_ag1_f_01_1,6212,EH1,2376,went,608.9662708751235,1364.1405398506156,3173.316580617728,615.3833755166321,1196.1065337119355,2551.958543357859,589.6413980471935,1499.6582717861752,3180.2094344923366,0.029999999999972715,W,N
DCB_se2_ag1_f_01_1,6216,IH0,2377,to,592.9070644417803,1842.9245114297685,3205.7106038030424,593.3949828690363,1842.32949591019,3207.2488657903405,551.8669726262699,1857.8806048907593,3275.2332291812745,0.049999999999954525,T,TN
DCB_se2_ag1_f_01_1,6220,AO1,2380,for,652.1769123811804,1733.8841948511404,2487.7886780830822,754.6021461627674,1286.3440224969104,1968.2174186980164,680.8785403998552,1757.3212357708558,3308.3354050535117,0.17000000000007276,F,R
DCB_se2_ag1_f_01_1,6223,IH1,2381,middle,639.3648029117174,1681.3526944877058,3062.516875848668,642.4631741795945,1689.9888818574727,3039.619821248359,623.9210259834335,1709.0996245436,3052.587936167711,0.05000000000006821,M,D
DCB_se2_ag1_f_01_1,6225,AH0,2381,middle,459.4426507727312,1389.42321764902,2949.3518488018035,486.31607706662976,1500.7088023449824,3044.9061001883283,486.31607706662976,1500.7088023449824,3044.9061001883283,0.029999999999972715,D,L
DCB_se2_ag1_f_01_1,6229,UW1,2382,school,489.86473288850374,947.4091230988743,3222.7132033575244,898.7218401945985,1127.5948501041287,2834.0313998676525,898.7218401945985,1127.5948501041287,2834.0313998676525,0.049999999999954525,K,L
DCB_se2_ag1_f_01_1,6232,AH0,2384,and,604.5600651211281,2382.5790900910324,3256.2283587046213,885.0886570069574,1665.9743104272707,2805.879372587609,606.5027481515135,2383.308967889596,3256.216549941219,0.05000000000006821,sp,N
DCB_se2_ag1_f_01_1,6235,EH1,2385,then,574.650862550998,2175.560254295746,3336.954002826827,582.0297408550693,2136.1664780231467,3246.457934894069,539.1093476620907,2217.0385599554775,3183.8656973478705,0.05000000000006821,DH,N
DCB_se2_ag1_f_01_1,6237,AY1,2386,i,757.1534964726875,1715.2966018783477,2788.6449833895936,759.303473567767,1744.0746394320076,2828.541785090826,673.3769908477254,1820.1773627527784,3082.2172333807057,0.05000000000006821,N,W
DCB_se2_ag1_f_01_1,6239,EH1,2387,went,573.6310709982976,1466.3588070346718,3022.0653911844447,576.184277726064,1474.0513488401625,3004.6362404215106,543.9317551129147,1648.7959810364816,3049.8738924018858,0.030000000000086402,W,N
DCB_se2_ag1_f_01_1,6243,AH0,2388,to,675.5396438547141,2054.512528934239,3000.065531004159,737.3583479446555,1921.6504244037055,3097.1411435058712,679.0332656144133,2050.397753398025,3012.3858920949,0.029999999999972715,T,HH
DCB_se2_ag1_f_01_1,6245,AY1,2389,high,861.9971498424087,1813.371219523085,2848.91308007772,1014.4620051307612,1659.7585522819836,2717.2308090462916,778.383611803871,1939.5606920944201,2962.4351842663823,0.09000000000003183,HH,S
DCB_se2_ag1_f_01_1,6248,UW1,2390,school,481.4171397303297,1239.8454857654242,2947.2995883047897,830.1227024010441,1739.8296679688174,3043.1894156113276,830.1227024010441,1739.8296679688174,3043.1894156113276,0.049999999999954525,K,L
DCB_se2_ag1_f_01_1,6250,AH0,2391,and,502.52410768568126,1724.4440682177105,3029.009081437518,512.3945065793661,1793.0102561487172,2707.988419363334,512.3945065793661,1793.0102561487172,2707.988419363334,0.029999999999972715,L,N
DCB_se2_ag1_f_01_1,6253,OW1,2392,so,602.2367705407354,1384.841615237033,3047.9798715724155,640.757685249506,1309.8435680485898,3088.0746367984902,636.9830031106632,1676.7473240000172,3217.607970952566,0.07000000000005002,S,AO1
DCB_se2_ag1_f_01_1,6254,AO1,2393,on,602.0892323901227,1012.570260405521,3142.0042153851036,610.490738603806,977.2294928725372,2284.483929012265,597.0504352492216,1276.5725395897055,3010.0650257343036,0.08999999999991815,OW1,N
DCB_se2_ag1_f_01_1,6259,EH2,2397,elementary,819.5457923674734,1446.5858989416683,3153.67454458308,818.0863434569779,1450.4970539479823,3141.9381698924203,725.2198640818723,2009.838507641822,3251.4734269573546,0.21000000000003638,,L
DCB_se2_ag1_f_01_1,6261,AH0,2397,elementary,564.6039078228822,1621.258562016656,3088.3022709080615,625.0299779355327,1677.6700931368825,2331.50242071374,548.4879071658568,1735.0784744935074,2356.9552253637135,0.04000000000007731,L,M
DCB_se2_ag1_f_01_1,6263,EH1,2397,elementary,615.6061217088027,1564.1580383643047,2413.599740878162,630.0341986507917,1804.2489840224694,2516.3361612166764,624.4880674506063,1850.0860648473345,2106.230470916495,0.03999999999996362,M,N
DCB_se2_ag1_f_01_1,6267,IY0,2397,elementary,377.849526574678,2044.9579556446918,2895.4939902830433,512.1233606725596,2268.9244474015336,2591.4540067412618,472.0077121785058,2372.1899634205556,2671.062114619439,0.049999999999954525,R,sp
DCB_se2_ag1_f_01_1,6270,IH0,2399,because,438.97712044199903,2916.3142264936746,3167.1458137354525,643.1112866883266,2531.842797574394,3077.111875290779,432.64219407098955,2935.22655039885,3372.7176446066637,0.12999999999999545,B,K
DCB_se2_ag1_f_01_1,6272,AH1,2399,because,869.253902194487,1619.5544068774468,3777.5895196653987,872.5010504493158,1614.8238050199323,3796.5199892687347,642.3023336118256,1669.2863857173804,3408.112822935891,0.14999999999997726,K,Z
DCB_se2_ag1_f_01_1,6275,EH1,2400,when,639.1084877214357,1255.1453701809698,1636.1659615465956,695.5019859632941,1371.1581797290537,1646.3069369871725,667.7892709685241,1568.5933239891056,1668.4792804070855,0.03999999999996362,W,N
DCB_se2_ag1_f_01_1,6277,AY1,2401,i,944.0903419338184,1583.9541936434175,2039.9299711563428,964.245602979455,1754.8997689671692,2073.366973107734,921.5295142769012,1760.7792954000486,2177.1900261472383,0.12999999999999545,N,W
DCB_se2_ag1_f_01_1,6279,AH1,2402,was,543.8462406084159,1470.987109851822,3249.3412031544144,547.9439933679386,1472.2866149608135,3250.335700072225,508.55522904968586,1807.0764793340984,1994.2489886721623,0.049999999999954525,W,Z
DCB_se2_ag1_f_01_1,6282,AH1,2403,younger,850.0787904984583,1627.6984263662553,3404.7575431063156,876.6874426714725,1597.459356625358,3602.548951856063,640.6884470464784,2264.7809768988564,3257.1393948436025,0.09000000000003183,Y,NG
DCB_se2_ag1_f_01_1,6285,ER0,2403,younger,693.9194398639706,1527.6085047202787,2676.767200804735,720.9880137923695,1629.8162000795837,2736.5665946423587,720.9082165138575,1631.9078127247274,2725.814345244993,0.049999999999954525,G,M
DCB_se2_ag1_f_01_1,6287,AY1,2404,my,766.8229964366504,1176.1258776799614,1974.7473401521963,785.8745022105685,1199.662759178325,2267.11116671304,751.0704864098785,1308.433567660348,1756.4565136512076,0.07999999999992724,M,M
DCB_se2_ag1_f_01_1,6289,AA1,2405,mom,682.3515143095238,1085.25990631369,2043.2601616799413,744.1197323143068,1130.5954705218467,1858.514396370155,708.7418617906784,1212.934362273734,1756.0227629884957,0.17999999999994998,M,M
DCB_se2_ag1_f_01_1,6293,EH1,2407,well,641.9107193906133,1402.2015855614309,3265.3300314521316,650.1907209569765,1244.0041028170106,3241.4058517405424,634.6846337520016,1493.3643095762043,3168.5585624274318,0.10999999999989996,W,L
DCB_se2_ag1_f_01_1,6296,AY1,2408,like,802.8589136911394,1889.2714860466974,3067.8443891560605,966.4844699440919,1423.010683775402,1701.0552522382159,684.9712379808977,1900.1726283038415,2121.631860369177,0.07000000000005002,L,K
DCB_se2_ag1_f_01_1,6299,AE1,2410,at,845.8825533808819,2196.8983252514513,3420.421191580868,938.6497626303682,2002.0984039923494,3425.498398545077,832.6025458118881,2218.0643579034636,3397.7476210593045,0.12999999999999545,sp,T
DCB_se2_ag1_f_01_1,6302,ER1,2411,first,547.7927743893553,1563.8026608822029,2061.7733476199733,724.147701386717,1561.8087914892342,2091.7153374139957,519.880062225738,1639.4390359256174,2422.046172077776,0.12999999999999545,F,S
DCB_se2_ag1_f_01_1,6305,IH1,2412,it,525.5128418612401,2075.528803907333,3052.981438029392,624.5966973507833,2059.529351898238,3040.2606722293226,545.0045810133067,2109.9114769923376,3072.1725017358453,0.029999999999972715,T,T
DCB_se2_ag1_f_01_1,6309,AH0,2414,was,512.7881460903043,1344.067889519094,3258.2552502054045,542.388073630647,1552.6291307509837,3268.8784551582503,542.388073630647,1552.6291307509837,3268.8784551582503,0.029999999999972715,W,Z
DCB_se2_ag1_f_01_1,6312,AY1,2415,like,781.1527078126172,1590.4887703097452,2713.0238312764263,805.2757421551808,1591.6454953322273,1906.4339035343646,680.700137535274,2128.6858148114243,3215.1688608806785,0.049999999999954525,L,K
DCB_se2_ag1_f_01_1,6314,IH1,2416,it,539.0631285465885,2193.061617163731,3118.8978932334885,629.4179082697858,2126.2920832216623,3028.8877557429787,532.2747119823969,2206.288344230925,3111.908871513854,0.029999999999972715,K,T
DCB_se2_ag1_f_01_1,6317,AH0,2417,was,478.9454415095737,1518.3736328111384,3260.6214225088856,528.1013807291589,1523.4497005016367,3246.7133938729567,467.1120188327936,1527.5910669904347,3154.912359964342,0.029999999999972715,W,Z
DCB_se2_ag1_f_01_1,6320,UW1,2418,cool,523.3912446908378,745.8125304000187,2495.207065994334,812.9099382748234,1085.5539985848113,2410.263316539266,540.849486474726,1182.792115077164,2410.2738457463593,0.25,K,L
DCB_se2_ag1_f_01_1,6324,AE1,2420,and,623.106985075833,2550.796260788459,3309.0895879904006,981.0647476770084,1935.097842363023,3157.0719647035826,624.130846718685,2514.1982900432945,3303.810800789786,0.11000000000001364,,N
DCB_se2_ag1_f_01_1,6327,EH1,2421,then,636.0297028709052,2197.5929910847804,3308.6831349715385,658.836884450049,2167.1340549185024,3337.3611680999534,649.5296935554716,2198.5625568615314,3318.808729039939,0.029999999999972715,DH,N
DCB_se2_ag1_f_01_1,6330,AY1,2422,like,1020.9998958654876,2111.556331438684,2179.6553560851557,1093.8973025334237,1861.512012487548,2706.8136279855744,1023.6292729318832,2086.6435000214765,2415.3965765368284,0.16000000000008185,L,K
DCB_se2_ag1_f_01_1,6335,EH1,2424,when,734.4041666688735,1420.3590700407135,1519.4318888827877,741.8189782428597,1457.3875175587484,1516.5136849271182,729.8312598720023,1474.9202212008097,1652.9620737693972,0.029999999999972715,W,N
DCB_se2_ag1_f_01_1,6338,AY1,2425,my,889.4209028202785,1735.8170629449505,2716.4057719807156,1020.6224621790822,1828.9019808478386,2765.1378681039655,649.6212902184427,1866.0297827303823,2696.6619083077326,0.17000000000007276,M,B
DCB_se2_ag1_f_01_1,6340,IH1,2426,big,485.99880182427285,2301.695479431333,3315.3253209565523,513.230988919592,2404.967765213595,3384.031518923113,512.9874764346165,2408.2397880514886,3384.117284869469,0.06000000000005912,B,G
DCB_se2_ag1_f_01_1,6343,IH1,2427,sister,611.3128257006865,1924.1078637564497,3304.8179228411673,634.299891925754,1901.6803071804293,3341.6266397681343,581.6344805773224,2019.040067028655,3330.881728367862,0.07999999999992724,S,S
DCB_se2_ag1_f_01_1,6346,ER0,2427,sister,649.1389899679032,1848.7142224449606,2409.715104251624,649.5465411224902,1721.1262449419003,2402.051288871078,634.9109372026585,2053.8114979912925,2539.584873536261,0.08999999999991815,T,L
DCB_se2_ag1_f_01_1,6348,EH1,2428,left,869.8874793869193,1784.4493321812718,2064.817061471364,911.7655131580151,1963.4739089886998,2146.4691665414275,906.6963468155342,1987.0278147727272,2113.036401617589,0.14999999999997726,L,F
DCB_se2_ag1_f_01_1,6353,IY1,2430,she,500.37007748258617,2473.474495857819,3266.680275105104,556.9085538362913,2786.5600596351755,3201.1700152445246,548.4184396239103,2782.559997063855,3348.9657356960483,0.13999999999998636,SH,W
DCB_se2_ag1_f_01_1,6355,EH1,2431,went,597.2530370084453,1346.2201314940064,2653.2005835767623,656.4056850744969,1819.7975674608438,3285.365839358314,656.4056850744969,1819.7975674608438,3285.365839358314,0.05000000000006821,W,N
DCB_se2_ag1_f_01_1,6359,AH0,2432,to,711.8127261801347,1590.5563650032736,3126.8867508641424,811.7928288685123,1583.3997124421962,3127.3778009055586,659.7600585120614,1764.4129902877874,3388.940255779967,0.11000000000001364,T,AH1
DCB_se2_ag1_f_01_1,6360,AH1,2433,um,895.5414932833667,1530.905316568745,3462.0113870306227,923.8636859017548,1511.5984991871928,3351.1362853914384,839.0173708241343,1611.8966815859035,3195.4929287756763,0.17999999999994998,AH0,M
DCB_se2_ag1_f_01_1,6364,IH1,2435,middle,551.9748918411714,1722.333867421612,3228.8308425270793,555.6502884517064,1742.5157962627422,3206.4590325198474,518.6711432095094,1777.3680627917784,3390.5057333983414,0.06000000000005912,M,D
DCB_se2_ag1_f_01_1,6366,AH0,2435,middle,539.598912719868,1255.1727938846204,2441.285158942169,540.7138076397354,1313.1312817920373,2491.2214165022165,508.97738049715036,1700.6529593897817,2296.2684901501043,0.049999999999954525,D,L
DCB_se2_ag1_f_01_1,6370,UW1,2436,school,547.3527207608092,2046.1899655166253,3706.1581054266753,573.4866575203456,2170.7977745866883,3604.8341386418215,574.6354962976229,2195.557079439582,3604.748767957936,0.029999999999972715,K,L
DCB_se2_ag1_f_01_1,6373,EH1,2437,when,526.4497098992786,1180.6680927022066,3258.892144857874,562.0849254490921,1296.2448490295164,3425.7534479007913,535.7717127818279,1598.9717800017515,3244.730862792124,0.029999999999972715,W,N
DCB_se2_ag1_f_01_1,6376,IY1,2438,she,538.296295763379,2033.7275842970805,3325.1900366043315,548.9856281262088,1311.3397871125737,2603.1913173885027,473.9796000647964,2483.5190501697475,3413.717918115642,0.029999999999972715,SH,W
DCB_se2_ag1_f_01_1,6378,EH1,2439,went,580.7190594272739,1361.4271610067667,3090.3978628599266,630.3068318684215,1613.3341049035637,3177.8262796128943,627.2344905851977,1699.3996981042112,3225.5431741573116,0.029999999999972715,W,N
DCB_se2_ag1_f_01_1,6382,AH0,2440,to,559.4369427784326,1871.3632628680236,3216.3420014776675,603.3338707278704,1811.3998055313477,3173.3765545986394,557.3641890326032,2175.0281115482067,3267.132960619172,0.030000000000086402,T,M
DCB_se2_ag1_f_01_1,6384,IH1,2441,middle,474.2851726157833,1287.96181258069,2290.9441259537507,477.5492565457051,1494.7678420338689,2598.5468097965622,477.5492565457051,1494.7678420338689,2598.5468097965622,0.029999999999972715,M,D
DCB_se2_ag1_f_01_1,6386,AH0,2441,middle,595.8540614467234,1817.952997040971,3435.2042772235122,647.6614681774795,1818.2875877358683,3233.1104056310955,630.471780864223,1823.345003588983,3322.986213287155,0.030000000000086402,D,L
DCB_se2_ag1_f_01_1,6390,UW1,2442,school,480.2385083988295,1251.6284540555152,3087.3030365952977,709.7696321086618,1177.2661454317224,2699.3321250447816,480.4762078801706,1258.6972359415486,3072.9249441169036,0.029999999999972715,K,L
DCB_se2_ag1_f_01_1,6393,AA1,2443,cause,488.31260009114,1477.5055204707955,3035.4767639703136,1113.8517396158384,1248.137551012778,2116.0928399996387,553.4042130367807,1501.7843227218,2544.738337790942,0.029999999999972715,K,Z
DCB_se2_ag1_f_01_1,6396,IY1,2444,we,486.94425559902186,1128.7160074460248,2853.0149994538706,501.27485105341646,1086.4821623034002,2510.4140529179767,484.6448462283648,1206.7605711602614,2966.7795918741435,0.029999999999972715,W,W
DCB_se2_ag1_f_01_1,6398,ER1,2445,were,671.8537616948731,1277.6482038946656,2305.795006671427,690.1861255093494,1251.8722081509366,2416.5126813291563,675.5724640679547,1294.4725619211467,2372.041408851891,0.03999999999996362,W,AO1
DCB_se2_ag1_f_01_1,6399,AO1,2446,always,698.3537928538905,1173.8684095255785,2730.151325252609,713.0313549252874,1134.1207956080457,2963.3897395791455,690.1861255093494,1251.8722081509366,2416.5126813291563,0.06999999999993634,ER1,L
DCB_se2_ag1_f_01_1,6402,IY0,2446,always,463.94521042791996,2080.4702425587743,3084.3109972647953,521.177261580784,1634.4967009985014,2919.334045736115,511.99780098235817,2203.197377707847,3124.7664509856127,0.05000000000006821,W,Z
DCB_se2_ag1_f_01_1,6404,IH0,2447,in,460.95250685365534,1781.803132162451,2885.5209751205225,477.4210293375434,1713.1874417141528,3131.388693090311,471.36861892740416,1807.2043012200747,2824.828136461473,0.03999999999996362,Z,N
DCB_se2_ag1_f_01_1,6408,UW1,2448,school,484.29752004928383,1042.6680540225111,3137.3209463162207,518.9881874579371,1179.4905365098678,2829.237057210642,518.9881874579371,1179.4905365098678,2829.237057210642,0.029999999999972715,K,L
DCB_se2_ag1_f_01_1,6411,AH0,2449,together,509.49729240215515,1838.5549934657988,3127.1291927489724,511.48841629892996,1851.6083249760627,3122.994926815604,508.33655534191286,1847.2712366269152,3127.9134886599873,0.029999999999972715,T,G
DCB_se2_ag1_f_01_1,6413,EH1,2449,together,683.6563752137348,1880.6922642879915,2859.350427705932,687.6549196312053,1899.2539775479554,2675.7943449866475,549.4200132637316,2057.2390754026687,3046.921747665361,0.10000000000002274,G,DH
DCB_se2_ag1_f_01_1,6415,ER0,2449,together,767.4811816789073,1807.802467743181,2971.675581680473,774.3012550570297,1816.4596307990446,3027.7123835526977,762.7642965026517,1927.1699993721995,3004.585784493267,0.04000000000007731,DH,
DCB_se2_ag1_f_01_1,6418,AE1,2451,and,544.6269301636011,2353.119954310649,2800.766915734744,676.9893329947299,1719.5728667635492,2940.438425064406,562.3433721922376,2386.8642772409544,2900.170603568351,0.05000000000006821,sil,N
DCB_se2_ag1_f_01_1,6421,EH1,2452,then,493.4036178047792,2018.1969524307315,2949.2094534509124,514.2428883152434,1781.8748552535594,3000.675865795445,495.2256850308273,2015.3280016367123,2950.1224815207856,0.029999999999972715,DH,N
DCB_se2_ag1_f_01_1,6424,EH1,2453,when,509.82172722385695,1193.3024186507694,2790.5618977239333,625.1754918436866,1324.843279772774,2301.302796036312,625.1754918436866,1324.843279772774,2301.302796036312,0.029999999999972715,W,N
DCB_se2_ag1_f_01_1,6427,IY1,2454,she,515.3710718048192,1545.4187243649747,2704.3802335204246,553.1651223761769,1090.8505710059608,2366.4516553205276,478.8270081941136,2308.948707833679,3385.5908194664116,0.03999999999996362,SH,W
DCB_se2_ag1_f_01_1,6429,EH1,2455,went,571.140208260877,1347.3182893824535,3120.713330422269,607.3384644060342,1603.9133667460449,3099.078900409759,592.8349252781658,1766.1275511062238,3263.4149354140645,0.03999999999996362,W,N
DCB_se2_ag1_f_01_1,6433,IH0,2456,to,571.473365404887,1706.7895416630945,3146.399663176976,570.1261708819131,1696.004813392367,3144.191157724927,518.2005817592286,1871.6736658205373,3272.726912291471,0.04000000000007731,T,M
DCB_se2_ag1_f_01_1,6435,IH1,2457,middle,557.0529610076369,1765.1762603884572,2579.5205449446207,637.3848655599654,1597.1687429915141,3252.169441350692,543.3860799156905,1829.6836054272596,2683.5699023327315,0.06999999999993634,M,D
DCB_se2_ag1_f_01_1,6437,AH0,2457,middle,476.9374224443842,1256.6833247531438,2544.7165553774134,503.2783592900351,1568.0237052203383,2912.751268656585,503.2783592900351,1568.0237052203383,2912.751268656585,0.04000000000007731,D,L
DCB_se2_ag1_f_01_1,6441,UW1,2458,school,450.7504808517429,988.3687094860459,3267.787809733399,559.1382634272956,1429.4870581486782,3171.302656290645,554.8436850738333,1467.7708741523409,3235.0349621513556,0.07000000000005002,K,L
DCB_se2_ag1_f_01_1,6444,AY1,2460,i,1156.3613133064848,1800.1966349914744,2815.167320701668,1249.4041363474912,1817.9174839331884,2859.8811663907472,1204.5970553806333,1882.2097370223937,2813.991988012463,0.14999999999997726,sp,W
DCB_se2_ag1_f_01_1,6446,AH0,2461,was,478.5619959053336,1219.1368264116059,2032.1768622435566,523.9953812222898,1322.0163781040653,3229.2044787632585,492.6144836925121,1456.7791084355322,3208.9259650708427,0.049999999999954525,W,Z
DCB_se2_ag1_f_01_1,6448,IH0,2462,in,606.4316582240322,1953.507685945065,3143.3662700710465,622.8767858341098,1976.0056140626584,3144.363925738306,616.9330742690778,1983.7313831035992,3162.206222398355,0.049999999999954525,Z,N
DCB_se2_ag1_f_01_1,6452,UW1,2463,school,486.0183592768628,868.5598780915108,3164.0076887514047,514.9837008175306,1144.0872649090156,2922.0320786643233,508.4150366119137,1233.9368496470843,2908.247184905413,0.07999999999992724,K,L
DCB_se2_ag1_f_01_1,6455,AY1,2464,by,864.6959425211523,1437.0280844611073,2346.5927499439363,876.0680498408894,1507.110746762773,2443.2942833240145,866.5254194195111,1522.9527952346148,2426.9179337829837,0.06000000000005912,B,M
DCB_se2_ag1_f_01_1,6457,AY2,2465,myself,874.7282596248872,1220.1103911182238,2291.014860867667,1216.7955091662584,1957.3407446878891,3310.5122930803363,882.1293818562796,2066.3412944654274,3075.5885363117222,0.09999999999990905,M,S
DCB_se2_ag1_f_01_1,6459,EH1,2465,myself,784.7207804198897,1836.486331917734,3001.4819814637513,785.6475722491062,1804.6641461099666,3060.463311005433,783.9615663481718,1833.7618051029954,2995.5804456380997,0.09999999999990905,S,L
DCB_se2_ag1_f_01_1,6463,AE1,2467,and,569.418377175801,2240.5676363822067,2561.537364923474,938.3198732348474,1859.1418498066641,2787.3551602768644,581.9345537013087,2378.6630010015265,2520.687595154991,0.15999999999996817,,N
DCB_se2_ag1_f_01_1,6466,IY1,2468,people,603.34022599772,2518.1827675651803,2699.172131566139,659.3455182220696,2328.3159573512926,2947.853806639537,475.8366585089042,2865.9855836901747,3656.136787384353,0.07999999999992724,P,P
DCB_se2_ag1_f_01_1,6468,AH0,2468,people,598.7505959765332,930.8592368949402,2981.239283213758,904.9067935143912,2178.97462019732,3175.806160023606,904.9067935143912,2178.97462019732,3175.806160023606,0.03999999999996362,P,L
DCB_se2_ag1_f_01_1,6471,IH1,2469,didn't,532.3493177188989,2402.152559807296,3266.476606385695,610.4729329526652,2247.1422214933127,3065.5794140626313,498.24704530774704,2449.2123349214626,2502.656091091096,0.16000000000008185,D,D
DCB_se2_ag1_f_01_1,6476,IH1,2470,really,540.7486633730907,1804.0712953328868,2778.7091614968604,563.1191659011462,2204.4871307507356,2907.646645323804,557.2817685014892,2213.6129795211605,2891.10514782846,0.049999999999954525,R,L
DCB_se2_ag1_f_01_1,6478,IY0,2470,really,441.1731810078581,2471.228660017067,2855.6818062568527,479.1933008679199,2343.771601741943,2934.832650945719,439.3311663516295,2495.5473145906453,2849.7898402639116,0.05999999999994543,L,sp
DCB_se2_ag1_f_01_1,6481,AY1,2472,like,913.6628107927602,1928.8521952907874,2878.360227916752,1010.5087392497857,1638.2980245130757,2428.5009526240324,833.3106803345723,2139.686280036347,2203.075632081647,0.09000000000003183,L,K
DCB_se2_ag1_f_01_1,6484,AY1,2473,my,868.0821246815512,1623.426755962144,3354.39496715033,884.0799552041375,1535.7205621765725,3304.6753924857117,862.8613698972456,1629.3443593410063,3167.016417770086,0.08000000000004093,M,OW1
DCB_se2_ag1_f_01_1,6485,OW1,2474,older,664.626528541153,1235.2142643901989,3134.7884919790545,845.8523022478951,1362.4429058429587,3274.933385029056,829.1544377291252,1475.9760876308758,3287.327436967135,0.11000000000001364,AY1,L
DCB_se2_ag1_f_01_1,6488,ER0,2474,older,562.5436217821277,1962.8355080868944,2920.851865659689,1149.8666656280843,2337.751976224905,3393.525447343552,1149.8666656280843,2337.751976224905,3393.525447343552,0.05999999999994543,D,S
DCB_se2_ag1_f_01_1,6490,IH1,2475,sister,556.7378580688782,1862.4914893363539,3068.3261746564494,563.2235329020122,1863.2256803016085,3075.94820494498,557.2434007095626,1936.747317667115,3042.7194347802024,0.08000000000004093,S,S
DCB_se2_ag1_f_01_1,6493,ER0,2475,sister,570.9913921790225,2000.5650664011098,2629.0771491808,590.6488693746284,1727.9711924862377,2809.7093228225494,571.1802805847807,2011.9824706902878,2640.939341803076,0.06999999999993634,T,
DCB_se2_ag1_f_01_1,6496,OW1,2477,so,488.3200581195234,1709.1129842202804,3044.0495976082148,528.3332949104012,1670.874275873595,2980.385011093505,477.9801347327848,1823.6584240832017,2988.646904921273,0.029999999999972715,S,DH
DCB_se2_ag1_f_01_1,6498,EH1,2478,then,562.5481611212622,2207.6397999744763,3192.966494214783,577.9379218862176,2194.8541937422465,2987.912371744022,488.4625433981069,2210.4149667014485,2798.179896990243,0.06000000000005912,DH,N
DCB_se2_ag1_f_01_1,6501,EY1,2479,they,526.3895550061129,2489.698148088228,2950.992580440301,569.213809719061,2519.6891922168948,3065.415193063333,542.6828242441858,2645.6015569666447,3050.420458688031,0.08999999999991815,DH,W
DCB_se2_ag1_f_01_1,6503,UH1,2480,would,607.9445950826156,1215.7588952947676,3033.6979457680764,607.21138410194,1212.115580844231,3033.6825973999153,581.3992540836458,1223.5872531667821,3208.457723723963,0.06000000000005912,W,D
DCB_se2_ag1_f_01_1,6508,EY1,2482,take,595.5481943821826,2411.904240716991,3266.544226476019,627.5227097070682,2258.08805979822,3383.361290176903,429.2933777970047,2499.684360799865,2713.3261405832127,0.06999999999993634,T,K
DCB_se2_ag1_f_01_1,6510,AO1,2483,all,658.2598968516463,1015.0359146151488,3173.3524633461625,668.5383575692373,1034.9263166600037,2973.0944650878255,668.5383575692373,1034.9263166600037,2973.0944650878255,0.05999999999994543,K,L
DCB_se2_ag1_f_01_1,6512,AH0,2484,of,655.0475226321664,1996.7551828303483,3314.237669822056,670.3448019022159,1952.982105031005,3246.297360838448,614.6534053650815,2058.213607807265,3350.054084274712,0.04000000000007731,L,V
DCB_se2_ag1_f_01_1,6515,EH1,2485,their,320.06373555068814,864.2884394875134,2564.571154718976,575.3440385274994,1774.5196640142012,2845.668638246481,560.2928791955834,2434.53119540639,3259.7339676694255,0.07000000000005002,DH,R
DCB_se2_ag1_f_01_1,6517,EH1,2486,energy,590.0027406021813,2300.638962185761,3191.0208805199427,623.7580738784624,2271.9138800762603,3159.0072992965925,553.2868045102011,2358.2381816252887,3255.8534430010573,0.05000000000006821,R,N
DCB_se2_ag1_f_01_1,6519,ER0,2486,energy,476.6406924994044,2490.970098904206,3210.8531285789727,599.6048622332082,2342.6416899085925,3211.4249872861424,476.6563279349582,2491.064182128824,3210.92850595405,0.049999999999954525,N,JH
DCB_se2_ag1_f_01_1,6521,IY0,2486,energy,417.5031975691086,2914.509224425953,3307.4026108285134,560.7985090270085,2715.5833246869074,3220.8509869272316,472.16291093853556,2969.3896412515105,3168.629364007651,0.08000000000004093,JH,AE1
DCB_se2_ag1_f_01_1,6522,AE1,2487,and,567.4249155700247,2247.0381206716324,2971.785029339813,614.6658669453312,1691.0883143137958,2526.4392013138913,525.8867089069823,2312.331676634935,2427.329112516069,0.029999999999972715,IY0,N
DCB_se2_ag1_f_01_1,6525,AY1,2488,my,929.191864704071,1790.078347293571,2314.3993422377644,1055.4444739724895,1672.7119600881786,1919.6592676433079,875.9968085714124,1823.574669849297,2110.418277746174,0.07000000000005002,M,S
DCB_se2_ag1_f_01_1,6527,IH1,2489,sister,542.3482199354097,1636.3017920903094,3124.2023833818666,759.0678165148341,1805.4014493284362,3229.0769951820876,759.0678165148341,1805.4014493284362,3229.0769951820876,0.06000000000005912,S,S
DCB_se2_ag1_f_01_1,6530,ER0,2489,sister,543.1536915602788,1361.4159252472991,3343.9397144275654,595.0607168247617,1276.2217539400046,3250.3569895378178,515.4583993079885,1572.9306197090661,3154.89252564383,0.049999999999954525,T,W
DCB_se2_ag1_f_01_1,6532,AH0,2490,was,474.98504913463034,1708.6761003207798,3198.1732898504183,514.7206544311362,1659.560995599223,3360.7214839796034,489.13020119995474,1709.2104995923144,3222.237047985433,0.03999999999996362,W,Z
DCB_se2_ag1_f_01_1,6535,IY1,2491,really,636.4287679585331,1643.2772493592013,1971.4636696447433,636.5064286009414,1642.2471220210389,1975.1228612781188,634.1363889310642,1673.684444463375,1863.452019242271,0.10000000000002274,R,L
DCB_se2_ag1_f_01_1,6537,IY0,2491,really,589.452864545256,1271.3249929673639,3201.2511728563663,608.0477097191018,1244.04886279661,3005.0283674156685,585.9812675507268,1268.512304231434,3197.5769213043964,0.029999999999972715,L,L
DCB_se2_ag1_f_01_1,6539,AY1,2492,like,918.2650606418736,1894.5431520625002,2073.0596765313903,922.1076928051262,1866.5486281296703,1927.5660792768592,807.3225980547608,2075.5846284462546,2304.472979710855,0.08000000000004093,L,K
DCB_se2_ag1_f_01_1,6543,OW1,2494,bold,519.9297981190942,830.7779977356448,2548.3360472727168,672.0549951683498,932.9026863662023,3159.617295520525,520.048675364163,1596.3575616988626,2374.1956341170353,0.32000000000005,B,L
DCB_se2_ag1_f_01_1,6548,AH0,2496,and,644.5130719680346,2261.2618631645337,2988.101535222675,971.4071893528537,1770.6056959244581,2847.5320047401315,645.5520991232562,2312.4817690545665,3060.089574714022,0.03999999999996362,sil,N
DCB_se2_ag1_f_01_1,6551,AY1,2497,like,746.7764271385978,1993.2285092415977,3292.1268489644244,785.451611685659,1891.1935224481592,2561.155401605778,632.584907363986,2104.5019085967424,2676.3247815958434,0.03999999999996362,L,K
DCB_se2_ag1_f_01_1,6554,OW1,2498,nobody,693.4598008282309,1300.7873783654293,3170.232240377101,709.0381364607429,1363.1567121368087,3157.2670650882874,696.6740247580038,1613.8157144947268,3189.8790799393046,0.07000000000005002,N,B
DCB_se2_ag1_f_01_1,6556,AA2,2498,nobody,768.5665943390796,1758.9548631720006,2795.9188768235263,779.0881037025414,1695.526507228304,2789.146901752238,747.0046774836934,1927.4239677977077,2993.0129084908986,0.05000000000006821,B,D
DCB_se2_ag1_f_01_1,6558,IY2,2498,nobody,499.23833309932706,1539.3697804974377,2739.1405929550624,526.5024156259731,2277.4998637515987,2939.1825488453887,524.2451471199795,2285.51731179833,2927.7094922801557,0.049999999999954525,D,sp
DCB_se2_ag1_f_01_1,6561,IH1,2500,really,566.3027354739771,1730.3517697474922,2710.6390307099546,568.7176123523009,1771.8655924545671,2755.8206959733184,568.0950350167323,1792.412745759431,2795.1243450398974,0.029999999999972715,R,L
DCB_se2_ag1_f_01_1,6563,IY0,2500,really,531.4946119284632,2638.8546849999293,2836.888731889816,531.0771389252014,2638.2090639851285,2835.464531447454,524.8232836533806,2660.715122752221,3200.7655684705783,0.07999999999992724,L,W
DCB_se2_ag1_f_01_1,6565,AO1,2501,wanted,668.5925796718681,1191.8448626391373,2661.8424014985717,690.2080779453497,1374.7259125576265,2534.180598598919,690.9206730495384,1435.7013256324087,2452.5574141131556,0.049999999999954525,W,N
DCB_se2_ag1_f_01_1,6567,IH0,2501,wanted,525.6595327107576,1543.392581835004,2419.618608407784,601.3167974802534,1592.9400309912662,3149.2744411581957,601.3167974802534,1592.9400309912662,3149.2744411581957,0.030000000000086402,N,D
DCB_se2_ag1_f_01_1,6570,AH0,2502,to,626.2147032682368,1839.158069245497,3195.216724391503,629.1948576888735,1850.3863435135943,3055.451097995331,570.4217656910715,1989.9431611118823,3155.4071777521463,0.06000000000005912,T,M
DCB_se2_ag1_f_01_1,6572,EH1,2503,mess,759.6504488305278,1991.6335692457228,3038.434657776077,776.6616144972687,1981.1608615429486,3096.587882097519,762.1002114110415,2008.826660915098,3159.1089452350557,0.10000000000002274,M,S
DCB_se2_ag1_f_01_1,6575,IH0,2504,with,643.9721851078809,1451.5772586741625,2796.1172923263102,652.3617792593592,1536.6760365567714,3019.9050418121474,652.3617792593592,1536.6760365567714,3019.9050418121474,0.04000000000007731,W,DH
DCB_se2_ag1_f_01_1,6578,ER0,2505,her,603.9224806221151,1729.2578372014493,2112.1544176249945,668.3619687929497,1549.4954327223634,2476.2902554281345,643.9875196214189,1918.493136554065,2242.2541630910814,0.17000000000007276,HH,
DCB_se2_ag1_f_01_1,6580,AE1,2507,at,689.2573987690744,2222.9003045178188,2569.742827427582,880.362311394641,2291.62326089087,3497.1548905174573,791.3581006676213,2322.685001573163,2735.1998034745825,0.09999999999990905,,T
DCB_se2_ag1_f_01_1,6583,AE1,2508,that,668.0265925909849,1700.194065482355,2063.2105111269016,679.1661868918419,1944.978370444097,3007.9709936858235,668.9260112046283,2138.5982232286883,3111.5581351356977,0.08999999999991815,DH,T
DCB_se2_ag1_f_01_1,6586,OY1,2509,point,748.6745046823231,1087.6845401706485,2188.458546560277,748.6971141865815,1086.9130908650861,2187.7354515636116,638.1005806872002,1842.3088677305404,2318.950369535873,0.10000000000002274,P,N
DCB_se2_ag1_f_01_1,6592,OW1,2511,so,554.6247059063465,1071.1693009735993,3105.672091569245,614.7472128375992,1233.9502538930378,3148.9749880138543,550.2593028748112,1463.9593940958762,3166.4658428192347,0.11000000000001364,S,IH0
DCB_se2_ag1_f_01_1,6593,IH0,2512,it,644.3763944820262,1053.8924561486942,3192.408830390727,664.5380089012102,1046.9336153764589,3194.623924024877,471.01071873661334,1078.6211998982972,3117.6564007861843,0.029999999999972715,OW1,T
DCB_se2_ag1_f_01_1,6596,AH0,2513,was,546.5997008883572,1371.9550163852489,3184.737655018908,586.0513828884547,1273.7014748567378,2822.904122361641,431.493125967262,1468.7640911523579,3231.0796638773195,0.03999999999996362,W,Z
DCB_se2_ag1_f_01_1,6599,AY1,2514,like,760.2900392276017,1593.6849621053234,2208.1681889470506,803.9794689015389,1583.0386718834523,1931.2705446235952,748.762742299793,1927.7016737158883,2758.7731539836577,0.05999999999994543,L,K
DCB_se2_ag1_f_01_1,6602,AY1,2516,i,1157.687779977633,1666.4266739883524,2356.3043289860384,1197.1048654547096,1747.162069951771,2288.486668218443,783.1449206830471,2172.434547821256,2325.552021182889,0.17000000000007276,sp,W
DCB_se2_ag1_f_01_1,6604,AH0,2517,was,579.57226883621,1465.6031421804312,3230.440389796106,593.2847160336056,1437.9665701333486,3226.2945370774196,586.0010737129152,1469.2683527312101,3239.638168470901,0.029999999999972715,W,Z
DCB_se2_ag1_f_01_1,6607,AY1,2518,like,813.5927881039246,1994.0203056657037,2792.2039970377587,835.9981179992266,1778.073403057702,2795.7528045097415,727.2685243395705,2128.258705084986,2855.6102962963346,0.08999999999991815,L,K
DCB_se2_ag1_f_01_1,6612,OW1,2521,oh,727.1316478110091,1421.445680372524,1690.7049537707062,784.6492938990259,1460.65213615658,3385.3858363004515,685.3913292513257,1846.1083347527224,3376.221655903142,0.17000000000007276,spn,sp
DCB_se2_ag1_f_01_1,6614,OW2,2523,okay,738.7197426662316,1476.620693686554,3359.4455125254867,889.0107470888322,1526.7756805307415,3544.297527384662,878.0431834111963,1649.11867657217,3578.8710139858094,0.12999999999999545,sp,K
DCB_se2_ag1_f_01_1,6616,EY1,2523,okay,647.9318196941008,1232.9919625383336,2508.739756279713,686.7412579074179,2515.550204753251,3393.8424472618076,652.6654583835603,2626.3428524167366,3207.5928973119626,0.17999999999994998,K,AY1
DCB_se2_ag1_f_01_1,6617,AY1,2524,i'm,793.112354960464,1627.8802747163893,2698.3142779498025,793.1477977000796,1628.0356159002956,2697.922743026126,711.3153376584996,1791.6540584209113,2052.3714206571053,0.07000000000005002,EY1,M
DCB_se2_ag1_f_01_1,6621,IH1,2526,little,589.684486301956,1437.1713692795302,3244.6198060942606,589.6719353510263,1437.2421593819606,3244.7663422139435,581.2570232369376,1490.943623129309,2897.1146705329556,0.030000000000086402,L,T
DCB_se2_ag1_f_01_1,6623,AH0,2526,little,578.4415868678713,1686.947240089109,2812.643183930451,581.0270145088807,1700.1806135022596,2359.917187920688,580.8764064204782,1701.0587703383999,2426.7619748817906,0.029999999999972715,T,L
DCB_se2_ag1_f_01_1,6627,AE1,2529,and,604.841106884236,1588.8095750872867,2469.6529864259664,760.4916370075392,1579.8123861604024,2669.9692731978,635.4769709912814,2355.724318973644,3201.006730567244,0.07000000000005002,sp,N
DCB_se2_ag1_f_01_1,6630,EY1,2530,they,453.9291611472905,2332.5126075934213,2770.674121144466,628.1813525455597,2204.328666262356,3159.994357127329,520.5091805798512,2333.053707285112,2948.816687174428,0.13999999999998636,DH,W
DCB_se2_ag1_f_01_1,6632,UH1,2531,would,574.7629661404738,1158.7263003720843,2469.1263058269283,582.8572778190135,1223.9929408412888,2329.3444285716896,582.4266743727425,1221.2375187690652,2346.302528295649,0.06000000000005912,W,D
DCB_se2_ag1_f_01_1,6635,EH1,2532,mess,745.0066273940448,1973.5588341754979,2948.7556924168066,755.9559771875435,1964.4569522806241,2953.0546935551934,677.4488720128047,2033.4667206403274,3183.1998306081546,0.11000000000001364,M,S
DCB_se2_ag1_f_01_1,6638,IH0,2533,with,560.4079644247934,1234.9789065894663,2855.6484041278372,562.6162362174847,1193.7455792386586,2945.7779689042,524.0180680141734,1308.0340258112722,2969.7617747709915,0.03999999999996362,W,DH
DCB_se2_ag1_f_01_1,6642,EY1,2535,they,531.0192242570196,2197.464956075773,3076.784117275053,578.1470408407913,2312.5714442368976,3099.9129220955615,564.3836938826934,2351.1910202544,3094.566751722134,0.07000000000005002,DH,W
DCB_se2_ag1_f_01_1,6644,UH1,2536,would,446.53997410290924,1313.2341808049464,2684.9532798787136,453.95171796475654,1252.2607696871512,2684.5669838661097,449.95567869385707,1405.3868257151923,2757.8965757166507,0.03999999999996362,W,D
DCB_se2_ag1_f_01_1,6647,ER1,2537,turn,716.6515847854754,1850.5822534423032,2191.0522216101335,717.7176007173828,1860.9806750567298,2039.7949448021757,717.816716513996,1861.947497231695,2025.7313787375044,0.04000000000007731,T,N
DCB_se2_ag1_f_01_1,6650,EH1,2538,their,542.8627754437425,2341.8085661338982,3028.62864688852,592.3759546038758,2447.206040811384,2948.8645919448513,588.240452280034,2444.5306676109817,2928.514902312937,0.08000000000004093,DH,R
DCB_se2_ag1_f_01_1,6652,EH1,2539,energy,559.0890809643286,2314.66226648568,3097.084499719207,594.0092767784381,2384.040827259727,3116.693311838195,582.2924067662032,2462.547564504959,3021.6611108657216,0.06000000000005912,R,N
DCB_se2_ag1_f_01_1,6654,ER0,2539,energy,485.71680808782526,2197.520273116126,3006.2842038396825,564.3495860510368,2134.6209230542454,3059.441334435503,487.8701083227071,2215.1597643509963,3049.144760603362,0.05000000000006821,N,JH
DCB_se2_ag1_f_01_1,6656,IY0,2539,energy,507.37221172825497,2541.7362182247307,2620.5213605158892,511.38877045346584,1890.9233691782235,2556.6128781944653,501.38375808012523,2548.3030644075798,2739.0450193055262,0.06000000000005912,JH,T
DCB_se2_ag1_f_01_1,6658,AO1,2540,towards,532.2041748159954,912.3714716136072,3344.893843837837,618.2872185554755,1192.9139699917139,2822.710920608848,502.8416102182019,1597.6319686981733,3487.2471779271696,0.18999999999994088,T,R
DCB_se2_ag1_f_01_1,6663,IY1,2541,me,494.0847903644936,1315.7059049652482,2938.78582714388,625.3648065073126,1978.4927407448479,3014.105796679866,485.0217907657493,2853.124210895191,3016.286747342094,0.15999999999996817,M,
DCB_se2_ag1_f_01_1,6666,OW1,2543,so,521.8944609670008,1880.888116003766,3107.09116610796,695.1884160152001,1942.838106453221,3014.945560180329,695.1884160152001,1942.838106453221,3014.945560180329,0.030000000000086402,S,N
DCB_se2_ag1_f_01_1,6668,AW1,2544,now,998.4695572359614,1497.7088412275405,1873.1089376793382,1027.2022862202618,1762.480574383084,2528.173034137613,896.8901711921122,1899.7107351745783,3079.0140135364823,0.04000000000007731,N,AY1
DCB_se2_ag1_f_01_1,6669,AY1,2545,i,1053.5114962127736,1634.7753694807102,2579.955547420885,1065.516053993253,1693.804726366697,2542.413063551678,1027.2022862202618,1762.480574383084,2528.173034137613,0.08999999999991815,AW1,W
DCB_se2_ag1_f_01_1,6671,AH0,2546,was,625.5444113680737,1451.9700882624472,3310.3440934803302,628.3114424141334,1434.191069763046,3350.734990816757,505.18428899159346,1489.095627100076,3146.091769881166,0.029999999999972715,W,Z
DCB_se2_ag1_f_01_1,6674,AY1,2547,like,758.3698492045772,1836.668419021244,2722.0843476293535,798.1318162855599,1774.6136671348727,2640.0830913701107,719.6259779178946,1930.9616508163895,2784.6559453126633,0.07000000000005002,L,K
DCB_se2_ag1_f_01_1,6679,AA1,2549,probably,879.7876370560558,1515.44790810233,2220.3087011494144,947.1902763144241,1597.1984396949106,2230.415376479494,881.3121308797295,1636.3584571041583,2309.352916513918,0.03999999999996362,R,B
DCB_se2_ag1_f_01_1,6682,IY0,2549,probably,608.3561533894255,1655.957174985924,2773.2469974129876,640.6024783129008,1408.594606419172,2702.6883346790646,613.1433604056278,1685.5594989158153,3017.1709833771883,0.05999999999994543,L,L
DCB_se2_ag1_f_01_1,6684,AY1,2550,like,682.7849742944735,1698.3910843098001,2774.2400559098555,783.7531569836137,1610.6167920950513,2187.573358646099,602.9282307542444,2067.753435238584,3006.355297126386,0.049999999999954525,L,K
DCB_se2_ag1_f_01_1,6687,AY1,2551,fighting,633.4988054013562,1769.1249700581313,2673.9708782235625,715.108826033578,1607.913335912141,2452.4686234033,633.3163045939139,2124.4314091234155,2792.61939020132,0.08000000000004093,F,T
DCB_se2_ag1_f_01_1,6689,IH0,2551,fighting,573.128980475018,2330.5261523109043,3404.437485690816,594.6311072019196,2271.3480898686867,3426.1281794682614,573.3992405210433,2330.0920247480517,3401.5100172464254,0.04000000000007731,T,NG
DCB_se2_ag1_f_01_1,6692,AO1,2553,all,648.5350446227859,890.8918437987509,2936.5898635910557,711.8443918504255,1273.258399880572,2748.448396887053,669.2827124567684,1638.1285266102575,3380.4626185342904,0.21000000000003638,sp,L
DCB_se2_ag1_f_01_1,6695,AH0,2554,the,522.3449117134576,1907.8241907955,2964.380460289555,614.7343267740547,1916.9661018152924,3058.198652869162,439.07968273546976,1948.8074493431666,3364.0669531624635,0.07000000000005002,DH,T
DCB_se2_ag1_f_01_1,6697,AY1,2555,time,801.8835770883791,1745.6273504456763,1793.5406010739566,878.2881646832868,1774.1453552014934,2036.4144698750986,807.7943581730021,1704.5005114323435,2971.7948578440864,0.21000000000003638,T,M
DCB_se2_ag1_f_01_1,6700,IH1,2557,in,573.7843041371335,2511.364151772709,3051.442655353892,911.2419145260851,1857.0196679131514,2490.9628139237698,571.878345531594,2502.5335644515903,3067.2565526822204,0.13999999999998636,,N
DCB_se2_ag1_f_01_1,6703,IH1,2558,middle,615.5063148283316,1770.4275459471519,3102.1308831592255,616.0411745796818,1767.1705107210373,3090.466530289185,602.5872411192312,1785.2600559556886,3094.6689427798547,0.05000000000006821,M,D
DCB_se2_ag1_f_01_1,6705,AH0,2558,middle,472.6070308809633,1564.0325148810114,3062.129673929093,513.8772957049246,1716.1377473143568,2995.400286821018,500.2195115523009,1763.6710633997664,2969.8417156155506,0.029999999999972715,D,L
DCB_se2_ag1_f_01_1,6707,IH0,2559,in,445.36605209501124,1749.937925640815,3018.4906531856636,481.39493730879354,1657.4234152814215,3020.9202502576954,445.9683471446865,1789.9181676378273,3039.036887710133,0.030000000000086402,L,N
DCB_se2_ag1_f_01_1,6709,EH1,2560,eme-,654.6157850495931,2174.03656998838,2865.403005629783,698.5626989334877,1796.2389046402582,2054.957959580404,633.2736500666865,2282.430694804085,3055.7389357654292,0.08000000000004093,N,M
DCB_se2_ag1_f_01_1,6711,AH0,2560,eme-,598.8244322912223,2249.4817406727548,3243.0252548310323,658.113344112044,2250.02563439434,2620.427635211393,625.8097134642098,2275.9355561153398,2545.523121769416,0.08000000000004093,M,IH1
DCB_se2_ag1_f_01_1,6712,IH1,2561,in,644.0760089155576,1644.8992759615235,2271.801284525947,663.8084090670501,2250.1389089784434,2428.110378794264,633.9831821205784,2297.291255091339,3207.153670880916,0.11000000000001364,AH0,N
DCB_se2_ag1_f_01_1,6714,EH2,2562,elementary,873.1007051338182,1793.6804044430073,3161.485884417321,872.7841630377219,1792.2780240297348,3148.407318594058,783.6517136219009,1968.0503896265564,2715.78713124802,0.10000000000002274,N,L
DCB_se2_ag1_f_01_1,6716,AH0,2562,elementary,643.0102643891637,1594.0836207849804,3015.326683313414,662.2547244487548,1688.094676718915,3157.262199017482,652.9679521155631,1710.7142403543398,3244.8988351055527,0.05000000000006821,L,M
DCB_se2_ag1_f_01_1,6718,EH1,2562,elementary,646.2150731892644,1888.4349917339534,2813.561400971046,646.4910422485909,1921.9631727453154,2835.61976938467,630.0488770047054,2231.0738482599836,3309.7605287136685,0.04000000000007731,M,N
DCB_se2_ag1_f_01_1,6722,IY0,2562,elementary,535.0828434415685,2334.718236763456,3067.3516277525855,584.5468457752538,2426.7180399129397,2852.418020802855,582.0982903494856,2431.8426695654216,2870.2977540962925,0.05000000000006821,R,S
DCB_se2_ag1_f_01_1,6725,UW1,2563,school,561.5961864989102,1061.0111067106081,3134.9119597141976,595.5866980251883,1324.9655971518966,2705.953727841663,595.5866980251883,1324.9655971518966,2705.953727841663,0.03999999999996362,K,L
DCB_se2_ag1_f_01_1,6728,AE1,2565,and,579.6541499695392,2320.8843420398607,2949.953720603671,824.8960618166242,1771.3924154991155,2819.4153306124786,614.3016265124224,2556.380146085391,3302.424202380648,0.08000000000004093,sp,N
DCB_se2_ag1_f_01_1,6732,EH1,2566,then,737.8400224172384,2125.106915187109,2313.830294575504,773.8894850319593,1855.293681469195,2572.485343414031,704.4676712905245,2282.9469578958224,2317.130796271988,0.18999999999994088,DH,N
DCB_se2_ag1_f_01_1,6736,AY1,2568,my,802.0873407943977,1283.2836936052797,3292.814645525956,831.7539187674624,1312.5641235771188,3124.549011068469,819.3481193917764,1317.4327766021347,3165.0281766534017,0.05000000000006821,M,M
DCB_se2_ag1_f_01_1,6738,AA1,2569,mom,733.0852380207497,1347.8605237772117,3609.760877886359,761.1929692390246,1328.188313248033,3618.3823933664603,751.3809292534937,1371.0389163968664,3413.2145162609586,0.07000000000005002,M,M
DCB_se2_ag1_f_01_1,6741,IY1,2570,she,461.81155713942286,1952.79373295381,2980.1232148593276,1002.7056941675446,2173.4040088407573,2847.1909051500734,558.6056082540433,2796.392670743351,3126.233179172629,0.07000000000005002,SH,K
DCB_se2_ag1_f_01_1,6743,AH1,2571,cut,732.4005465351285,1783.2695134375679,3445.0592935740606,732.7872328689521,1779.3306503781796,3444.4006659551283,579.955764895565,1940.244380668242,3561.3281861620176,0.07000000000005002,K,T
DCB_se2_ag1_f_01_1,6746,AY1,2572,my,856.7696203529347,1819.1644521003134,2878.201323402524,945.8924005087333,1779.8633097853724,3047.4947970349913,716.3980449497494,2218.322968467879,2886.984257604004,0.12000000000000455,M,HH
DCB_se2_ag1_f_01_1,6748,EH1,2573,hair,573.4472546161986,2319.47561012152,2789.3282288437968,660.490699618504,2247.0845249916492,3065.5317331217348,551.889529132795,2690.3451064415563,2909.3796235499453,0.25,HH,R
DCB_se2_ag1_f_01_1,6753,IH0,2575,because,490.94486246831957,1998.1043701960932,2776.6287147556213,515.2969968840464,2735.0672166574436,3413.693527084031,513.3473507760505,2734.69613904455,3428.960495996331,0.049999999999954525,B,K
DCB_se2_ag1_f_01_1,6755,AH1,2575,because,664.6748296876868,1840.0444972801781,2655.6506936494184,689.2956340953514,1470.1657214022864,1882.0522056835716,603.431675471223,1950.931092053947,3244.9619131005197,0.07000000000005002,K,Z
DCB_se2_ag1_f_01_1,6758,AY1,2576,like,778.6346778128608,1582.7015228140897,1866.5638070809423,938.7655307283328,1725.993839312287,2804.2958244406345,635.1315809540422,1919.012139586023,2943.996641116021,0.05999999999994543,L,K
DCB_se2_ag1_f_01_1,6761,AY1,2577,my,898.1699087949706,1625.1703334814924,2463.4560513961455,999.0975357502318,1110.531167395097,2439.6645794094366,719.1214597299104,2038.2080148375564,2975.1786986377124,0.12999999999999545,M,S
DCB_se2_ag1_f_01_1,6763,AY1,2578,sides,1081.2999437793737,1862.371952027223,2442.98431333215,1085.9077900232248,1863.071869724195,2334.942186205447,820.2399564081309,1893.2639862721976,2141.079769337996,0.17000000000007276,S,D
DCB_se2_ag1_f_01_1,6768,OW1,2579,broke,691.2201590139409,1056.7504076863108,2983.3574883144192,719.3694172863034,1293.3603503156482,2964.982651101749,713.772846111503,1351.6856238500632,2949.6925818433815,0.07000000000005002,R,K
DCB_se2_ag1_f_01_1,6770,AO1,2580,off,730.6755830172832,1273.9106722114457,3022.0554662640498,730.6875512219455,1272.3292146598624,3022.845641123105,730.2396025444929,1281.8558603258825,3019.7216455906646,0.09000000000003183,K,F
DCB_se2_ag1_f_01_1,6773,AY1,2581,my,838.4105590970144,2079.0943252149673,3066.3788978084986,909.61782417961,1836.6858133582416,2598.178923870655,807.7681986482596,2142.3696397542553,3081.545330531263,0.09000000000003183,M,EH1
DCB_se2_ag1_f_01_1,6774,EH1,2582,edges,719.4490314534739,2239.6888539480324,2942.338709847084,772.5284732923283,2265.976801138098,3080.1046370640693,684.8564879483023,2314.177042205873,2917.8716751559036,0.12000000000000455,AY1,JH
DCB_se2_ag1_f_01_1,6776,IH0,2582,edges,513.079793304298,1895.9078994316455,3191.7937336082646,561.1225926615314,1869.4962444582347,3218.11394448918,478.26645110766486,2088.1626915325173,3207.4962122541046,0.06000000000005912,JH,Z
DCB_se2_ag1_f_01_1,6780,OW1,2583,broke,606.4530631715904,1204.160761557931,2577.0462581441852,624.1453910879147,1271.4665656954521,2491.4042306511683,622.4978875196178,1270.741673075984,2484.3845569079404,0.05000000000006821,R,K
DCB_se2_ag1_f_01_1,6782,AO1,2584,off,613.5938501156025,1197.4212157525171,2986.4640332084728,661.339961434474,1178.9998725037926,2607.2809572890756,654.4684756779969,1202.0280402276783,2832.9354557244696,0.17000000000007276,K,F
DCB_se2_ag1_f_01_1,6787,OW1,2586,so,424.65649313278414,1826.1829645825883,2750.5722188441214,1492.2218351334448,2299.8393392585162,3614.559948413421,1492.2218351334448,2299.8393392585162,3614.559948413421,0.029999999999972715,S,SH
DCB_se2_ag1_f_01_1,6789,IY1,2587,she,316.837390210352,2422.793891362202,3039.0946841523837,515.1733842499267,2214.548094000395,3017.964895228245,234.87170039293787,2996.2252265550374,3135.0586273627755,0.06000000000005912,SH,sp
DCB_se2_ag1_f_01_1,6792,AH1,2589,cut,809.9445050190088,1795.5957049692308,3442.3263592740086,867.395311645645,1787.7100928935952,3414.37621719373,695.325212675861,1845.5169196032136,3487.6952924973784,0.06000000000005912,K,T
DCB_se2_ag1_f_01_1,6795,AO1,2591,all,679.8871790357761,1025.9408829208837,3374.0632273355145,871.7082247181032,1484.6714105808614,3320.9175633828127,836.3299130087697,1746.49353041292,3430.67379961848,0.14999999999997726,sp,L
DCB_se2_ag1_f_01_1,6798,AY1,2592,my,915.8978353195672,1137.3286292257314,1862.9511813419358,966.4952641161606,1468.54726822288,1741.285770560229,801.4954090291102,2241.1214160198015,3082.2351212251792,0.12000000000000455,M,HH
DCB_se2_ag1_f_01_1,6800,EH1,2593,hair,524.328059433144,1075.225249536018,2647.138054484514,702.6043925552017,1458.0724610220232,2339.2412449563644,530.7550168657995,2674.7901950041623,3146.724012089965,0.06999999999993634,HH,R
DCB_se2_ag1_f_01_1,6802,AO1,2594,off,639.0920414720815,1011.1275288116705,2492.7186779061703,709.4720296466606,1138.1968173342361,1647.1135540366424,699.0017248391944,1143.948238375125,1710.4683711439413,0.2700000000000955,R,F
DCB_se2_ag1_f_01_1,6808,EH1,2596,when,644.1704427698909,1509.524726222292,1667.267518565584,649.5560703109147,1663.103155201806,2827.356334666488,647.7050073193689,1678.2628338937136,2822.084184267584,0.03999999999996362,W,N
DCB_se2_ag1_f_01_1,6810,AY1,2597,i,853.4077971861244,1529.2868839370433,2089.1549419662188,877.0460877319259,1514.1070018332055,2017.5974313517052,750.316240396383,1800.6232045556774,1870.9329986782195,0.10000000000002274,N,W
DCB_se2_ag1_f_01_1,6812,AH1,2598,was,626.0571869512429,1491.8505296753724,3267.508559456201,627.0010264921198,1476.3600239629989,3240.735599440345,591.9473521698632,1680.6797298888125,3256.1550512743247,0.05999999999994543,W,Z
DCB_se2_ag1_f_01_1,6814,IH1,2599,in,631.5262075988405,2136.3970140158453,3123.718097982689,631.4209676752711,2124.0583112078166,3233.141945932543,631.7259498491835,2131.4648848475094,3179.9938122925846,0.049999999999954525,Z,N
DCB_se2_ag1_f_01_1,6816,AH1,2600,um,789.5250012056305,1460.0360512807813,1818.8858444898535,974.6749009181942,1278.8303741605218,1520.2312958894477,738.9087257062797,1702.0272169832724,3145.5309674900723,0.20000000000004547,N,M
DCB_se2_ag1_f_01_1,6818,EH2,2601,elementary,879.1997790515899,1978.3375496211072,3101.9489799874623,879.1826174909731,1976.163136753859,3102.343647907235,869.8145283137688,1983.7324724304503,3096.454040926232,0.12000000000000455,M,L
DCB_se2_ag1_f_01_1,6820,AH0,2601,elementary,647.9457109814398,1586.7516542189926,3084.1239256646654,652.7851990566307,1641.2517727313932,3209.18313841363,636.2248308474499,1669.4263037417481,3289.674739080425,0.03999999999996362,L,M
DCB_se2_ag1_f_01_1,6822,EH1,2601,elementary,551.4509346552754,1460.7136424674513,2399.5829671506162,562.2199875137848,1739.6403452269633,1971.5000526691247,556.5501994378121,1734.7844053872368,1882.611408987399,0.029999999999972715,M,N
DCB_se2_ag1_f_01_1,6826,IY0,2601,elementary,439.2138810312029,2191.3266034650255,2959.8661608941975,469.5203435655478,2176.1652574171203,3052.206529615867,430.67402069970456,2206.414296899546,2933.4392257074614,0.029999999999972715,R,S
DCB_se2_ag1_f_01_1,6829,UW1,2602,school,541.9615436523067,778.8798318999407,2449.58096595406,549.4128319427684,772.608540752843,2284.7241262489606,491.39880691857536,1043.0228602424727,2625.5685477196666,0.05000000000006821,K,L
DCB_se2_ag1_f_01_1,6832,UW1,2603,too,569.7266237714148,886.2700749704491,2926.858048808788,630.1432095394256,1494.5890529713504,3544.119830701501,490.5164852299978,1711.7801501332738,2616.4512825105394,0.20000000000004547,T,
DCB_se2_ag1_f_01_1,6836,OW1,2605,so,619.5421712246759,1617.6636825541864,3159.3442162863003,633.0660598711224,1625.3054981219937,3217.5748268987627,629.8503040435137,1626.2963789278815,3245.6398699461597,0.05000000000006821,S,DH
DCB_se2_ag1_f_01_1,6838,EH1,2606,then,613.7254622756079,1901.20497989311,3174.8751621108277,626.6090513412499,1883.9995492957707,3191.827789917908,616.0607452982691,1903.464049035165,3176.6544503420296,0.029999999999972715,DH,N
DCB_se2_ag1_f_01_1,6840,AY1,2607,i,981.5170563557318,1842.7693298192462,2549.2810292724766,978.8826373779253,1832.5269973234492,2452.731028031686,968.7024574569303,1861.8066898450857,2883.1196568526248,0.05999999999994543,N,HH
DCB_se2_ag1_f_01_1,6842,AE1,2608,had,679.3462791018462,2263.6188217567624,3190.7906703469725,772.2593054093267,1266.481680789647,2221.239328535509,663.1398051912829,2306.789001348939,3271.7431172884453,0.08000000000004093,HH,D
DCB_se2_ag1_f_01_1,6845,IH0,2609,to,508.1704005102655,2193.3201259512075,2941.65327201547,597.2075865167055,2217.9542510946594,3121.5094164398847,468.5247381000065,2278.7103992909797,2918.28369324999,0.12000000000000455,T,G
DCB_se2_ag1_f_01_1,6847,OW1,2610,go,584.7573053962877,1024.049731544692,3160.442886830573,640.5464658559176,1275.0692730479432,3162.9092149791295,518.5329677456449,1445.2305154148514,2900.9725027297864,0.10999999999989996,G,T
DCB_se2_ag1_f_01_1,6849,AH0,2611,to,460.8161266391404,1815.207745930391,3134.3094659059807,532.9420079629305,1769.973835638537,2795.0071942838013,468.1645717737575,1880.1725097897288,3077.754913460572,0.029999999999972715,T,S
DCB_se2_ag1_f_01_1,6852,UW1,2612,school,547.6403623040893,1056.2685310054285,2903.0047262113017,626.0103190082078,1319.861426198137,2942.8638010913523,626.0103190082078,1319.861426198137,2942.8638010913523,0.08000000000004093,K,L
DCB_se2_ag1_f_01_1,6854,AY1,2613,i,1000.9997961175777,1800.268851901225,2577.957167862416,1044.260395378133,1783.7449992013114,2639.1072410033717,999.4797169458582,1815.2474141185867,2616.459872759829,0.13999999999998636,L,W
DCB_se2_ag1_f_01_1,6856,AO1,2614,was,559.7914768796231,1263.0134930984223,3223.419229437244,611.3169420061301,1386.7559491037864,3026.117223241673,542.1345077979931,1491.4381430978524,3246.071104488924,0.10000000000002274,W,Z
DCB_se2_ag1_f_01_1,6858,AO1,2615,also,738.7182202564411,1212.060662748094,3172.3399954267366,765.1395835671848,1248.3952680437744,3082.802592052038,597.1135693229332,1352.833788550036,3154.240457225507,0.15999999999996817,Z,L
DCB_se2_ag1_f_01_1,6861,OW0,2615,also,586.8225709226261,1070.0190861390465,3274.0117752129413,661.6968053842386,1309.9113666515107,3362.4439281016757,646.772208929719,1363.807235338883,3354.6988332362635,0.08000000000004093,S,B
DCB_se2_ag1_f_01_1,6863,AO1,2616,bald,763.7631188556444,1102.983233956899,3284.905202081958,767.4911031158117,1103.674055401046,3270.3570141466157,743.4670667808933,1227.6034327000325,3262.1018568586137,0.1999999999999318,B,L
DCB_se2_ag1_f_01_1,6867,EH1,2617,head,577.085263523255,2640.717908684478,3162.0737627512945,625.7215753558071,813.6647075315259,2435.9799610962923,584.6353186482874,2802.1780283315907,3037.562641339531,0.2300000000000182,HH,D
DCB_se2_ag1_f_01_1,6873,IH0,2621,did,539.1914863958546,2018.3087391687045,3052.1687537372723,671.2588966004724,2135.4989979994684,3184.54738423647,671.2588966004724,2135.4989979994684,3184.54738423647,0.049999999999954525,D,D
DCB_se2_ag1_f_01_1,6877,AA1,2623,not,617.5457434474284,1390.8685440553054,3203.3820373765234,690.7944773316784,1538.5236879592146,3169.817390896383,690.7944773316784,1538.5236879592146,3169.817390896383,0.030000000000086402,N,T
DCB_se2_ag1_f_01_1,6881,AE1,2625,have,709.428043844743,2015.5061151907862,2682.4795717932716,733.8506918150886,2064.71688202159,2713.5059456920635,733.8506918150886,2064.71688202159,2713.5059456920635,0.06999999999993634,HH,V
DCB_se2_ag1_f_01_1,6883,AH0,2626,a,616.6659341849138,1333.035641680841,2847.855801488605,635.7785895404206,1441.1143771815077,2870.9069081151533,628.1267942776967,1475.6429491425747,2826.619489222547,0.11000000000001364,V,B
DCB_se2_ag1_f_01_1,6885,IH1,2627,big,478.41365187713353,2273.6349190483493,2772.9347736853647,502.0971688243591,1316.9498100139544,2213.998798354108,478.71623279630063,2273.3452047710616,2764.5372168105337,0.06000000000005912,B,G
DCB_se2_ag1_f_01_1,6888,IH1,2628,sister,529.4148595689217,1718.815001944309,2755.2025858166494,582.420595285131,1667.7891870203644,2708.6733363034614,528.157952874045,1734.0691882437789,2757.7663409343772,0.07999999999992724,S,S
DCB_se2_ag1_f_01_1,6891,ER0,2628,sister,560.2752980556055,1878.3700934724086,2858.931310770061,594.7989974304257,1981.9273815833471,2923.823518304619,594.7989974304257,1981.9273815833471,2923.823518304619,0.030000000000086402,T,IH1
DCB_se2_ag1_f_01_1,6892,IH1,2629,in,601.6364524242109,2247.94393229852,2934.867480668633,632.089713513064,2123.3454615436654,2883.231300443431,558.570780874308,2349.3502448455974,3296.943846726084,0.08999999999991815,ER0,N
DCB_se2_ag1_f_01_1,6895,AH0,2630,the,566.8412609403766,1401.4873192236416,2305.0817911269523,630.6605026562568,1435.0865541847852,2171.469527962576,522.9927978809457,1722.9593786924672,2888.571021300982,0.08000000000004093,DH,B
DCB_se2_ag1_f_01_1,6897,IH1,2631,building,505.39234058875144,1929.5197574368615,2678.715541891349,537.1148841288949,1525.1311810502086,3028.4756212107513,496.4050158229477,2039.9699347653816,2740.3668854754437,0.06999999999993634,B,L
DCB_se2_ag1_f_01_1,6900,IH0,2631,building,585.17929907241,1889.7200835961287,2722.010737825722,587.7125959801642,1902.1589009170443,2711.352464298655,553.143042906514,1934.2112736421554,2662.735290385164,0.029999999999972715,D,NG
DCB_se2_ag1_f_01_1,6903,EH2,2633,anymore,606.1888999193434,2265.567679983189,3093.6894256579535,611.8910904593514,2247.48984485173,3003.56132850294,480.87137665842255,2309.851397373549,2647.927726702582,0.12000000000000455,sp,N
DCB_se2_ag1_f_01_1,6905,IY0,2633,anymore,502.40772029070456,2611.954054068746,3296.333112646721,583.2570696389578,951.0657368910298,2645.1420356124395,501.1315260469749,2624.0739074425055,3283.2623434940033,0.09000000000003183,N,M
DCB_se2_ag1_f_01_1,6907,AO1,2633,anymore,590.4627855886988,1066.4839179890444,3156.7073020225494,651.5373183605336,1235.923808449253,2815.629885212468,651.5373183605336,1235.923808449253,2815.629885212468,0.09000000000003183,M,R
DCB_se2_ag1_f_01_1,6911,OW1,2635,so,614.766035960242,1411.8153043791092,2735.5211789733276,636.657208253094,1578.6609136756858,2827.925602003967,615.7893942604472,1793.2767982524242,3100.1573605871745,0.12000000000000455,S,IH1
DCB_se2_ag1_f_01_1,6912,IH1,2636,it,628.4166292057783,1890.0383820839047,2996.372626059844,637.7788262036099,1765.5406512746704,2989.3339670103064,623.7899797858612,1916.722745089664,3005.600965490463,0.05000000000006821,OW1,T
DCB_se2_ag1_f_01_1,6915,AH0,2637,was,460.30393907399616,1400.8393639238498,3117.599877908414,475.51175631153257,1246.691383570688,2854.710762999301,430.1301957787777,1404.4454954468717,2998.176646247017,0.030000000000086402,W,Z
DCB_se2_ag1_f_01_1,6917,AH0,2638,a,436.14055062614904,1563.5977047378703,2620.3674442079428,458.505097016405,1583.4203864673118,3043.3193401232375,417.3241594618505,1922.8014375862508,3005.3127776546207,0.07000000000005002,Z,S
DCB_se2_ag1_f_01_1,6921,AH1,2639,struggle,824.4005871339735,1607.0445724040774,2807.8808208016635,826.0312722783841,1650.1872583894906,2785.4367401505924,825.810020276119,1656.9027677026843,2839.5026528036024,0.09000000000003183,R,G
DCB_se2_ag1_f_01_1,6923,AH0,2639,struggle,571.9606837495821,1183.1239323769287,2958.3664570414016,589.0301538305278,1258.9040885060451,3144.0948535762627,499.0482405191651,1385.4662319668676,2846.161887379309,0.07000000000005002,G,L
DCB_se2_ag1_f_01_1,6928,AH1,2641,but,605.9438737769927,1624.7245158787603,3088.8738224080475,612.1591668320817,1689.4938547320169,3142.5635030002854,612.3689626981766,1863.4073277994219,3183.622559626747,0.04000000000007731,B,T
DCB_se2_ag1_f_01_1,6931,EH1,2642,then,596.3512804318607,2081.5504830055434,3130.5795652241,717.0742635115113,1706.5470331680926,1924.5702908511184,589.3723496166439,2106.3653681362994,3129.7561486934424,0.05999999999994543,DH,N
DCB_se2_ag1_f_01_1,6933,AE1,2643,as,736.8840715904597,1961.8715155841596,3107.8678015025816,738.3058573272451,1971.322464819752,3093.9576750894676,717.8034103576324,2009.8268043858209,3115.997259394614,0.05999999999994543,N,Z
DCB_se2_ag1_f_01_1,6936,AY1,2644,time,918.5317995720404,1694.6906761416326,2743.962941951539,956.7378129144867,1674.6363053689588,2365.776144009744,925.934314866945,1702.3341305091258,2831.0302388187924,0.08999999999991815,T,M
DCB_se2_ag1_f_01_1,6939,EH1,2645,went,639.8009669891791,1502.6977636723834,1669.1516089989739,642.6123286713654,1476.1353248829917,1595.8913529978406,633.4701195707146,1526.7109134811153,1746.7142722308845,0.04000000000007731,W,N
DCB_se2_ag1_f_01_1,6942,AO1,2646,on,685.2190503598571,1267.5154492392433,1968.3428201470633,703.9964171737017,1241.686816729616,3470.2976718550854,642.8635236133837,1447.1375134004834,1870.7631042650573,0.08000000000004093,T,N
DCB_se2_ag1_f_01_1,6944,AY1,2647,i,972.5635494382702,1442.3887703811292,2638.3145209445115,999.38439804278,1643.2781528209023,2754.392377517033,908.0765199679313,1845.1774136372444,3083.278634073478,0.11000000000001364,N,G
DCB_se2_ag1_f_01_1,6946,AA1,2648,got,802.7404102352262,2129.711704593823,2787.5856172585545,811.4488655290619,1980.3918227619656,2703.966992938321,801.2467758565514,2144.2985057936435,2780.8054414462213,0.06999999999993634,G,T
DCB_se2_ag1_f_01_1,6949,AY1,2650,i,998.1529950218134,1795.2698625169858,2485.6855646850872,1050.3937580325235,1719.1861978890627,2567.293582543518,1037.5178581020966,2189.7618707480633,2757.2118232174084,0.12000000000000455,sp,G
DCB_se2_ag1_f_01_1,6951,AA1,2651,got,866.1038273826807,1837.5946399846644,2718.1649642687785,870.3688505713121,1681.4335823575348,2699.760781778284,690.8124090877538,2405.8099124203227,3045.2622156964053,0.09000000000003183,G,T
DCB_se2_ag1_f_01_1,6954,EH1,2652,better,679.0166458021907,1775.4231643780586,3036.0899445796035,689.4905763120411,1828.9256039726179,3031.7750160100786,606.292168197457,1855.4792628953792,2859.0770609075653,0.08000000000004093,B,T
DCB_se2_ag1_f_01_1,6956,ER0,2652,better,636.35617288628,1654.780237817976,2547.816976952493,639.8603136465285,1680.9446039418403,2611.713950771276,576.0108460225503,1816.233571989921,2773.037561381179,0.07000000000005002,T,IH0
DCB_se2_ag1_f_01_1,6957,IH0,2653,into,577.6293091291656,1757.6109426785422,2483.1507394835417,605.4613826361898,1691.1934575095552,2519.6207498197678,594.8174051302997,2250.550225994857,3264.062459379563,0.049999999999954525,ER0,N
DCB_se2_ag1_f_01_1,6960,AH0,2653,into,420.7189039600197,1561.5331515018026,2785.908671545323,451.5187051916595,1801.650292154675,2517.806106185617,440.8173289248381,2213.385236143302,2981.693866189078,0.049999999999954525,T,S
DCB_se2_ag1_f_01_1,6963,UW1,2654,school,513.0419906479664,2107.427625919111,3154.7948617745437,541.9687436452971,1804.746039891308,2931.1640264315993,512.3622903517489,2112.629303443396,3174.317903747516,0.029999999999972715,K,L
DCB_se2_ag1_f_01_1,6966,IH0,2655,because,585.8219477055384,1567.9444917324558,2762.107902184352,602.4147949131831,1447.7205666887476,2758.053916779937,523.8880708846065,2378.3397889326106,2978.1954090147,0.07000000000005002,B,K
DCB_se2_ag1_f_01_1,6968,AH1,2655,because,656.9112065889194,1741.8359986802934,3093.7360575196026,668.7148029894121,1765.0472135095692,3071.342086368825,603.0989621257747,1794.6818154224568,3023.288645992399,0.09000000000003183,K,Z
DCB_se2_ag1_f_01_1,6972,AE1,2657,that,684.1949006383245,2070.0577062727407,3118.328471889282,708.1226679883877,2061.0962650552333,3137.715654917473,695.9891894374516,2073.2201186788825,3116.006568947203,0.030000000000086402,DH,T
DCB_se2_ag1_f_01_1,6976,EH1,2659,when,675.8687126325214,1672.2858712162642,3210.6883959263764,698.13303647102,1760.945492135572,3241.9244803837246,696.0219625896749,1780.4215611150357,3236.1542751192605,0.029999999999972715,W,N
DCB_se2_ag1_f_01_1,6978,AY1,2660,i,848.1181058543539,1811.45871555644,2469.999336288505,906.3557407412903,1798.5511077286835,2448.1405521677657,647.5876489102702,1969.9723238805905,2670.541507569416,0.08000000000004093,N,T
DCB_se2_ag1_f_01_1,6980,UH1,2661,took,651.0885489943387,1771.3330726030633,3186.2849637095783,850.5810282973403,1994.6299293433917,3216.4487831743118,850.5810282973403,1994.6299293433917,3216.4487831743118,0.049999999999954525,T,K
DCB_se2_ag1_f_01_1,6982,AH1,2662,up,757.8977800751612,1447.274722314659,3108.3499117545293,761.8188352331554,1415.3051793949232,3132.915107062911,673.4286587378452,1532.338965488569,3234.8751526657434,0.06999999999993634,K,P
DCB_se2_ag1_f_01_1,6985,AY1,2663,like,851.9194944100975,2018.8928716576768,2097.733815356978,926.9247876167418,1768.6293375761604,2771.1654370795773,673.1600054345146,2242.2217158255817,2824.877858651221,0.049999999999954525,L,K
DCB_se2_ag1_f_01_1,6989,IY1,2664,speaking,548.7437267102194,2634.70720960934,3263.5604825261344,689.6177294998299,2739.1133840334064,3260.2288240966373,581.8476206948309,2806.150470455113,3293.231396477602,0.07999999999992724,P,K
DCB_se2_ag1_f_01_1,6991,IH0,2664,speaking,534.5805265206775,2510.124567712212,3155.8217967177407,554.7365547306244,2439.404915773062,3190.4137748765,533.1498884744252,2514.749138983686,3151.8335443779415,0.03999999999996362,K,NG
DCB_se2_ag1_f_01_1,6993,AE1,2665,and,644.6510226890395,2092.018414777391,3224.079772849949,655.7464806447805,2127.423825937231,3134.312981692437,654.2233799755348,2129.6804979795515,3112.887133879054,0.03999999999996362,NG,N
DCB_se2_ag1_f_01_1,6997,AH1,2666,stuff,792.4919641232541,1365.5065955521309,1715.7911478191745,801.9010010958035,1367.451445345505,2052.8363731010727,787.6191274978545,1674.723360894099,3260.0273730547256,0.10000000000002274,T,F
DCB_se2_ag1_f_01_1,7001,OW1,2668,so,734.3579116840299,1691.5893730556625,2651.9783826343623,809.0205163064542,1653.6936694711537,2444.2575557988002,504.8011522003964,1822.4103459167347,2949.1682496906556,0.029999999999972715,S,AY1
DCB_se2_ag1_f_01_1,7002,AY1,2669,i,880.7987806900127,1634.3696429057306,2445.2633981453005,880.7015508526545,1637.182687276754,2421.785385246295,822.8407910004479,1655.4439307627874,2432.761639043793,0.029999999999972715,OW1,W
DCB_se2_ag1_f_01_1,7004,AA1,2670,was,695.3082262121071,1495.5522911955036,2760.755489732202,704.6430741560511,1516.0011506976723,2731.4130295063674,704.4210394460321,1521.4532869079565,2710.7741208963216,0.030000000000086402,W,Z
DCB_se2_ag1_f_01_1,7007,AY1,2671,like,637.7037510284772,2101.2504283182902,3132.8548954385483,656.0978387002715,1973.9401074116545,3201.1381012729976,618.6957650078559,2119.7983583271903,3126.4432627134242,0.029999999999972715,L,K
DCB_se2_ag1_f_01_1,7009,AY1,2672,i,854.9275136711011,1492.6182668969093,2231.98926088926,859.747570547766,1441.8949676191737,2196.834551083273,816.7695218919348,1601.2826998066143,2659.6394103409907,0.049999999999954525,K,W
DCB_se2_ag1_f_01_1,7011,AA1,2673,wanna,715.8507622433098,1348.2698855757753,1831.707178997393,736.7140124501478,1176.2587235002682,2078.3244841585642,719.018617714785,1538.3156679785918,1836.008760550594,0.029999999999972715,W,N
DCB_se2_ag1_f_01_1,7013,AH0,2673,wanna,748.7732964028477,1670.0046299632995,3463.906016560657,742.9297849815833,1660.9310808373548,2896.3228322061127,745.203864988795,1664.4621728767536,3117.205359666103,0.029999999999972715,N,S
DCB_se2_ag1_f_01_1,7016,IY1,2674,speak,538.2999236344673,2665.091252702502,3285.257454610028,538.9834344786645,2693.3368489624963,3191.598385927723,538.8699466817891,2782.6082444025405,3133.400891157342,0.029999999999972715,P,K
DCB_se2_ag1_f_01_1,7018,AE1,2675,at,660.8526193669106,1984.11502738828,2929.3157688333245,666.341856556247,1996.5856016006394,2891.028413608645,497.8708946884102,2248.8005971857424,2862.5906661215986,0.06000000000005912,K,T
DCB_se2_ag1_f_01_1,7021,IH1,2676,this,528.7902734554256,2084.1056007943585,3202.6246658262903,581.2261457897566,2192.41821831982,3210.677410036548,575.9504993239477,2184.004672024259,3196.5597297260306,0.07000000000005002,DH,S
DCB_se2_ag1_f_01_1,7023,IH0,2677,event,491.2244944525517,1934.4299330806252,3015.0915414691576,641.4201532948355,1940.5803649004504,3320.4667845335503,497.20525102921016,1957.1929742097498,3004.942172451926,0.049999999999954525,S,V
DCB_se2_ag1_f_01_1,7025,EH1,2677,event,630.8072682761855,2109.361068195001,3080.5280905224636,639.1139230104603,2169.8316727678093,3054.0303851500894,575.6872059984439,2213.7333266236146,2992.9602261185896,0.03999999999996362,V,N
DCB_se2_ag1_f_01_1,7029,AH0,2678,can,666.492970710566,2176.78728418785,3038.8791512140965,783.5580453866321,2430.273942155273,3250.5575140869605,783.5580453866321,2430.273942155273,3250.5575140869605,0.029999999999972715,K,N
DCB_se2_ag1_f_01_1,7031,AY1,2679,i,769.777495779613,2189.4719651160553,2430.362967129243,928.144427250083,2082.7111879354675,3008.8423628980963,791.8659039269933,2184.2132225762766,2548.9704946276433,0.12999999999999545,N,EH1
DCB_se2_ag1_f_01_1,7032,EH1,2680,emcee,639.171608510663,2241.123011798349,3376.0437707111305,639.3218799687758,2241.5665347906825,3373.7857551236316,630.8352262648054,2236.9637942886347,3554.5636552191295,0.049999999999954525,AY1,M
DCB_se2_ag1_f_01_1,7035,IY1,2680,emcee,509.9306425661563,2571.616866689614,3240.217865738001,574.5733070833236,2777.017879150857,3038.8991571398287,572.8785943909555,2769.101904345608,3044.3879831195773,0.06999999999993634,S,DH
DCB_se2_ag1_f_01_1,7037,IH1,2681,this,593.8291195201599,1986.1304751679525,2310.7718865776105,594.0476647844222,1993.090678927932,2249.057336228234,577.3015337191079,2110.0358052181787,2802.980130940116,0.09999999999990905,DH,S
DCB_se2_ag1_f_01_1,7039,IH0,2682,event,566.1734894072059,1847.2897996791298,3083.8455252194435,568.0781730800128,1861.9505549625042,3061.7540226434317,566.4078551803652,1881.611785670855,3115.1084372484215,0.06000000000005912,S,V
DCB_se2_ag1_f_01_1,7041,EH1,2682,event,640.3901104309522,2013.250983285892,3322.6793654697617,672.9147397273997,2109.241215408391,3198.4882552376357,663.5360867205185,2130.258151002169,3240.4370152300635,0.07000000000005002,V,N
DCB_se2_ag1_f_01_1,7045,AE1,2684,and,816.2280780544149,2000.4059028739211,3121.7880165255115,912.357625338233,1322.7625363942375,2342.853001726894,792.7841909432243,2219.409135600487,3258.135330275759,0.08000000000004093,sp,N
DCB_se2_ag1_f_01_1,7048,IH0,2685,this,528.223095763319,2039.5935056227095,3230.992685982401,583.6387696572863,2011.1580075679096,3221.7907871024427,506.93922650969625,2044.7804302100615,3237.275248049988,0.06000000000005912,DH,S
DCB_se2_ag1_f_01_1,7051,AE1,2686,that,670.8642677734056,1958.5820526886191,3125.592894187527,681.1883521269891,2019.6165770082198,3022.826036256307,680.5801638370893,2019.8946901830384,3015.9789612331433,0.030000000000086402,DH,T
DCB_se2_ag1_f_01_1,7053,AH0,2687,and,581.5140255527485,1745.3640979148004,3071.154091494435,655.1547876357572,1851.5715668596551,3159.5484383976354,655.1547876357572,1851.5715668596551,3159.5484383976354,0.029999999999972715,T,N
DCB_se2_ag1_f_01_1,7056,AH0,2688,the,567.3176991935914,1856.1435917484757,3037.850360484577,615.042156691189,1803.3774659052588,3021.960106426917,566.5400231637383,1903.5427200989168,3047.8208746891937,0.029999999999972715,DH,TH
DCB_se2_ag1_f_01_1,7058,ER1,2689,third,668.8930131576925,1759.3911061522533,2297.7721113286825,674.1653077713481,1777.732611122149,2425.6480878292227,672.7859245606776,1783.1215159537062,2390.844366080295,0.030000000000086402,TH,D
DCB_se2_ag1_f_01_1,7061,OW1,2690,so,604.7733574398388,1495.1374023423944,3064.2635650452926,611.1909576171283,1534.436418358932,3036.2100636553955,575.5460924060635,1607.0875744817042,3101.5870731844243,0.05999999999994543,S,P
DCB_se2_ag1_f_01_1,7063,IY1,2691,people,510.385439201338,2203.7576862547335,2309.327565131996,564.6434554770395,1747.7845425460198,2560.217923299764,513.9039915784816,2241.057497500537,2361.4375276962173,0.030000000000086402,P,P
DCB_se2_ag1_f_01_1,7065,AH0,2691,people,518.3805784213358,1504.6884371744145,2582.06149850444,553.559112250093,1600.0918787600253,2929.7596919870643,553.559112250093,1600.0918787600253,2929.7596919870643,0.029999999999972715,P,L
DCB_se2_ag1_f_01_1,7068,AY1,2692,like,716.9787789119002,1787.483900871346,2892.778853673509,730.2768888398341,1790.8639525947492,2782.55855652837,724.7442107631141,1789.7766310110035,2832.2627884940334,0.03999999999996362,L,K
DCB_se2_ag1_f_01_1,7070,OW1,2693,oh,632.7327871673525,1247.5220568360523,3315.4568333184047,835.5222164372011,1377.84492742824,3238.9647654762575,576.8353114042877,1715.5696035852275,3153.9202455870104,0.09999999999990905,K,SH
DCB_se2_ag1_f_01_1,7072,IY1,2694,she,590.0529319683247,2404.5578442651654,3065.6902151778713,594.324598431251,2382.4851475990645,3033.7095698336816,587.2065248187296,2410.7271154221944,3075.381629984445,0.030000000000086402,SH,SH
DCB_se2_ag1_f_01_1,7074,IY1,2695,she,457.3246146041547,2234.289752181948,3033.5670785260627,471.5369111632544,2251.672124673654,3083.251722558973,471.5369111632544,2251.672124673654,3083.251722558973,0.029999999999972715,SH,sp
DCB_se2_ag1_f_01_1,7077,IY1,2697,she,553.1670190369066,1665.0276281796273,2494.8802770724615,566.5507730126483,2538.336870920513,3139.274891381322,565.4854716338763,2546.5047752353316,3135.2638221416923,0.07999999999992724,SH,T
DCB_se2_ag1_f_01_1,7079,AO1,2698,talk,692.4163126799698,1202.9044405733348,3149.515021116762,736.0978671528075,1364.1031255238097,3076.013377094416,732.1060005899648,1360.748117073584,3061.2653906358187,0.09000000000003183,T,K
DCB_se2_ag1_f_01_1,7081,AE1,2699,at,682.7794772969067,1944.7918022528183,2918.787949765926,695.8263304274187,1945.3499574311054,2760.858130179219,694.9717168768941,1955.8557620324564,2662.005881267011,0.030000000000086402,K,T
DCB_se2_ag1_f_01_1,7083,EH1,2700,everything,681.05504124205,1830.506604428044,2157.245256815456,693.1941013817091,2153.37981016148,2573.0609173478833,682.7085645725355,2227.141838670038,2438.726404875993,0.09000000000003183,T,V
DCB_se2_ag1_f_01_1,7086,IY0,2700,everything,453.00143468524976,2240.5321539973684,2784.9859948621875,482.4164948276795,2599.9868267884335,2815.2931818704146,482.45681873704586,2607.0634704178638,2807.440072149267,0.06000000000005912,R,TH
DCB_se2_ag1_f_01_1,7088,IH2,2700,everything,610.562816154168,2231.600033452569,2962.1540700671517,694.4133845964619,1815.7039013132662,2698.610795363169,595.6377576137746,2260.300265862278,2921.5615583216018,0.12000000000000455,TH,NG
DCB_se2_ag1_f_01_1,7092,OW1,2702,so,545.7314310670444,1659.083102323793,2990.8861400667092,561.1614984769515,1680.888106284729,3012.471639861538,553.904742048022,1695.7673769260743,2941.104663668214,0.03999999999996362,S,N
DCB_se2_ag1_f_01_1,7094,AW1,2703,now,691.6449013556547,1639.574594202696,2537.4398779832113,700.1582329217547,1753.644127588216,2518.391472666238,654.873013754595,1866.231384533115,2921.946934876371,0.08999999999991815,N,sp
DCB_se2_ag1_f_01_1,7097,IY1,2705,people,518.2562311074362,2250.5121602931017,2785.5614585387475,558.4068774516878,2425.7183992375676,3067.7944967223584,513.6066746312516,2472.1467547710013,2866.5561261642283,0.04000000000007731,P,P
DCB_se2_ag1_f_01_1,7099,AH0,2705,people,474.5542608189339,1539.3136180500005,2410.5062203244047,503.4456170582926,1313.6686634171851,2302.0499145954395,473.3761484058058,1987.3996317298206,2747.438217381014,0.029999999999972715,P,L
DCB_se2_ag1_f_01_1,7103,ER0,2707,were,495.52145833571853,1295.2222025438707,2613.9503801508013,530.6337243853324,1289.5297819122102,2598.4724890027283,525.1782665313582,1335.4011661436425,2462.6575533683263,0.05000000000006821,W,B
DCB_se2_ag1_f_01_1,7105,IY1,2708,being,555.4535039367227,2264.783437260124,2372.460264028952,586.238927265049,2127.8109441359775,2798.954369546498,570.7810049652892,2279.6993298405723,2396.6020789435092,0.11000000000001364,B,IH0
DCB_se2_ag1_f_01_1,7106,IH0,2708,being,588.8278848779896,2014.527291987926,2929.24817614746,611.1847914614447,2038.4142461278693,3000.2256905357185,586.7093515823877,2109.2504524062333,3024.286443994737,0.029999999999972715,IY1,NG
DCB_se2_ag1_f_01_1,7109,AY1,2709,nice,695.5523361711074,2221.0046151720962,2800.4105837155253,848.343403625619,2003.4734323978842,2926.592581251143,661.7832992888319,2336.7644508927615,2692.3661607086224,0.15999999999996817,N,S
DCB_se2_ag1_f_01_1,7112,IH0,2710,to,495.89245129732427,1775.456800777264,2860.493837839156,496.58237983150434,1773.9711727294682,2860.9215974032586,495.6291175881651,1841.766575414472,2823.6126605229656,0.04000000000007731,T,M
DCB_se2_ag1_f_01_1,7114,IY1,2711,me,382.61949052211133,1741.5071046128744,2916.6550946384205,993.041731151106,1799.8249211729428,3244.3313349468135,398.59696775213575,2238.837328937498,2776.5797116341937,0.14000000000010004,M,
DCB_se2_ag1_f_01_1,7117,AA1,2713,cause,545.1557118554601,1710.8790914684312,2802.890670363006,700.947428915463,1818.1494646618685,2938.761788584818,700.947428915463,1818.1494646618685,2938.761788584818,0.029999999999972715,K,Z
DCB_se2_ag1_f_01_1,7119,AY1,2714,i,780.5415489373387,1852.1385294844436,2498.0520453645604,812.1379113538185,1910.9886681992382,2472.1114591355417,566.5579728052782,2071.1501008362657,3035.352162307636,0.07000000000005002,Z,sp
DCB_se2_ag1_f_01_1,7122,AO1,2716,talked,660.8932052577402,1144.9172355591816,3190.101579116051,745.0108167044275,1307.9887422782995,3184.5486248441093,731.9054166237639,1358.7862357676597,3178.47251132438,0.12000000000000455,T,K
DCB_se2_ag1_f_01_1,7125,AE1,2717,at,588.7297815388498,1997.0037238539899,2847.6442249180614,595.588814019524,2008.498268988703,2817.754185213387,588.1532966255763,2018.0154713278266,2762.791146491517,0.03999999999996362,T,T
DCB_se2_ag1_f_01_1,7127,EH1,2718,everything,645.2398372142802,2002.2859425732865,2156.737826697059,685.5909103534957,1867.6275861006698,2351.461138241825,630.8931291983818,2075.4334401979886,2701.8449119266807,0.09000000000003183,T,V
DCB_se2_ag1_f_01_1,7130,IY0,2718,everything,607.7239833669539,2097.9522849172013,3163.56724360669,786.6313053418328,2031.1302144646877,2982.3315901106344,623.4138345007484,2110.63588259412,3311.5086422529166,0.06999999999993634,R,TH
DCB_se2_ag1_f_01_1,7132,IH2,2718,everything,571.1746562108594,2153.669760439347,2846.7022631296672,656.4485279892072,2223.8640631176527,2799.6689126371743,605.4076066737126,2324.20672793147,2792.4141940374097,0.12000000000000455,TH,NG
DCB_se2_ag1_f_01_1,7138,EH1,2721,yes,669.5844112299573,2084.209195978332,2873.5299811311593,777.0072497263237,1974.6127857126837,3348.220756031017,583.7343047069936,2332.0684720287704,2989.6584447997548,0.06999999999993634,Y,S
DCB_se2_ag1_f_01_1,7141,AY1,2723,i,799.7312101920049,1276.1766019465322,2445.4642158689785,905.5890554475619,1281.1685982503082,2308.403065181537,894.3303530448644,2162.378371246705,2663.572042300931,0.12999999999999545,sp,JH
DCB_se2_ag1_f_01_1,7143,IH0,2724,just,889.9972128446277,1810.2269253717484,2881.2756942192414,921.0962062821385,1691.1624571078871,2730.0922197676814,895.8136312710745,1811.9469631079335,2860.069265002034,0.030000000000086402,JH,S
DCB_se2_ag1_f_01_1,7146,AO1,2725,wanted,710.5284346756703,1163.55800730169,2882.4568669732807,731.7496551562283,1272.715593573335,3170.3181658786193,731.7496551562283,1272.715593573335,3170.3181658786193,0.030000000000086402,W,N
DCB_se2_ag1_f_01_1,7148,IH0,2725,wanted,640.9101886681519,1607.9940596043887,2629.5750381299135,691.827420448124,1592.1585815390395,2656.756687826997,660.3629794034139,1651.120383564778,2895.727706964787,0.029999999999972715,N,D
DCB_se2_ag1_f_01_1,7151,AH0,2726,to,407.894391595372,1773.9167407228997,2437.275245222066,604.0928920526082,1930.3251857379576,2928.780219340088,552.9567247316971,1942.3199928299316,2894.0428766478744,0.06000000000005912,T,T
DCB_se2_ag1_f_01_1,7153,AO1,2727,talk,691.5294039216151,1297.044209119277,3167.3570531028745,703.6818044462373,1363.7628648118773,2769.176582694261,575.1457335423918,1512.3894959603335,2603.7975104456737,0.14999999999997726,T,K
DCB_se2_ag1_f_01_1,7156,AE1,2728,yeah,756.844186373208,1800.1893944075873,3040.11467438087,905.4545799324344,1404.6329772996503,2291.759346389591,610.1153973083261,2165.383046223671,3139.802533148101,0.3100000000000591,Y,
DCB_se2_ag1_f_01_1,7160,EH1,2730,yes,841.0196892509579,1615.492447055167,2086.386012619093,841.7723457615457,1624.3598389995582,2086.1964147555154,520.339821229607,2324.0240513504946,3044.449227218071,0.13999999999998636,Y,S
DCB_se2_ag1_f_01_1,7163,AY1,2732,i,1023.9184430542393,1703.5239675821438,2781.920114660818,1081.2622269193937,1721.1208927728883,2539.7090549687337,1062.980009798618,1745.074927962149,2576.203770993037,0.049999999999954525,sp,W
DCB_se2_ag1_f_01_1,7165,AA1,2733,was,552.7675939818666,1621.2457599323777,2987.29213110605,667.0039051749377,1460.5974858636712,3004.962114464901,615.28405513917,2047.7787821495053,2331.671269520874,0.09999999999990905,W,Z
DCB_se2_ag1_f_01_1,7167,AO1,2734,always,899.6664780536678,1293.1017496317118,3134.818484720565,898.1982999075788,1293.5389172479502,3059.804901058717,590.5294507457605,1820.6312461879156,2468.722643046648,0.18999999999994088,Z,L
DCB_se2_ag1_f_01_1,7170,IY0,2734,always,635.6339667898148,2242.9064938781275,2647.214600101534,741.6029808982166,2184.658373147278,2759.116005480066,692.6753360415812,2382.713468136646,2501.2670941962674,0.12999999999999545,W,Z
DCB_se2_ag1_f_01_1,7174,AA1,2735,smart,919.1507941640532,1442.1655212653775,2130.913133685698,934.066363923591,1438.3992190835133,2170.1963896762563,866.0704831718411,1532.619591576285,2188.606735021006,0.030000000000086402,M,R
DCB_se2_ag1_f_01_1,7181,AY1,2739,right,611.9166390629252,1794.9264361881808,2155.7219600045655,633.1683338914863,1673.3997631383925,2276.687437616521,611.8031424853277,1796.013248467105,2155.26093197023,0.07999999999992724,R,T
DCB_se2_ag1_f_01_1,7185,AE1,2741,yeah,735.747877002866,2057.537361290724,3166.1302256979757,758.2670312959964,2062.156997426472,3189.786304773921,685.6879417186076,2209.157050970164,2992.2565364225584,0.17000000000007276,Y,sp
DCB_se2_ag1_f_01_1,7188,AH1,2743,um,874.071443781219,1548.618825721625,3115.7883365158054,926.4299860961405,1605.3526717070727,3103.659516702518,728.1095815810239,1821.1960794568868,2731.670371013106,0.1999999999999318,,M
DCB_se2_ag1_f_01_1,7190,AY1,2744,i,980.9690998978518,1537.1908669662453,1964.8417426169801,1047.266100237873,1686.3140095533035,2399.3353364767854,979.8470303976753,1840.9865520102978,1979.8690387659565,0.06999999999993634,M,D
DCB_se2_ag1_f_01_1,7192,OW1,2745,don't,770.7384442821981,1128.7975640941588,2009.1444494178425,826.793885377606,1454.048023241209,2066.508176472629,716.8263763582164,1834.2323871861236,3164.8217901967373,0.15000000000009095,D,N
DCB_se2_ag1_f_01_1,7197,AH1,2747,but,710.5501157970878,1483.5956587757366,3052.4285040694313,710.9096749005822,1472.4901145762476,3042.197205223833,709.1005763447384,1489.2753300194254,3065.2484522090103,0.03999999999996362,B,T
DCB_se2_ag1_f_01_1,7200,AY1,2748,my,917.2185405803509,1754.497906442974,2359.398178599514,959.7357730092021,1739.3869426337287,2494.138390212349,908.5469034574068,1891.4267286734773,2822.044754342455,0.10000000000002274,M,G
DCB_se2_ag1_f_01_1,7203,AE1,2749,granddad,794.4964284045572,2144.732142790383,2674.386286615869,812.9990819961287,2159.9222850353267,2702.8687404285483,685.5618819820909,2219.316012904812,2507.846195006282,0.12000000000000455,R,N
DCB_se2_ag1_f_01_1,7206,AE1,2749,granddad,628.9184225850461,1731.4024627631072,2245.6453515423373,642.6091041048021,1610.6555201088001,2260.709310145526,620.5878427054382,2057.1428101903125,2248.0018722513855,0.10000000000002274,D,D
DCB_se2_ag1_f_01_1,7209,AH1,2750,does,617.5450634766647,1163.7377456843426,2008.176056416576,627.9955617878908,1769.639368933949,3223.7393228739516,565.6112313660162,2054.8119743332254,3227.0467925051407,0.12999999999999545,D,Z
DCB_se2_ag1_f_01_1,7212,AA1,2751,cause,514.1815577439146,1831.06547117322,3008.2386941474624,716.2434565081167,1849.5728088301407,2600.7645589201807,699.1036382335935,1850.89246102929,2555.1819994205257,0.049999999999954525,K,Z
DCB_se2_ag1_f_01_1,7216,IY1,2753,he,562.6470555316708,1668.854456175055,2792.0652025084164,571.1846371801893,1817.8333612356632,2701.0945659022486,554.8143153098057,2188.4964812670382,2735.1526223988617,0.07000000000005002,HH,W
DCB_se2_ag1_f_01_1,7218,AO1,2754,was,491.0655293969606,1537.1624667693088,3157.7794547406174,556.7129024036543,1491.3704529329307,3199.281517051568,495.81915568165044,1549.8730946561732,3247.855186515102,0.049999999999954525,W,Z
DCB_se2_ag1_f_01_1,7221,AY1,2755,like,763.8401861983053,1587.759359935253,2514.5015618980287,778.9821274553469,1076.5989873171056,1877.9968700423242,599.6284946844344,2217.2837312229185,3195.9325277545877,0.08000000000004093,L,K
DCB_se2_ag1_f_01_1,7224,EH1,2756,when,717.5452625448094,1625.0355210932473,3405.918780318349,727.1734680230225,1732.3814979787073,3425.2128212530947,727.4658857276116,1733.0490302809035,3431.3014646724605,0.049999999999954525,W,N
DCB_se2_ag1_f_01_1,7227,AH1,2757,the,912.4453254657162,1649.7522417887872,3152.24750164762,929.7638018893687,1701.0351934771395,3294.9302215720736,798.3020054466357,1886.2610589925735,3367.264412650646,0.15999999999996817,DH,AH1
DCB_se2_ag1_f_01_1,7228,AH1,2758,um,902.2033348263784,1370.8413094525067,3434.005500400455,915.6822457210366,1371.4325090268594,3461.345867408242,740.5789837859228,1507.2870651651233,3049.2383330001107,0.14999999999997726,AH1,M
DCB_se2_ag1_f_01_1,7233,EH1,2760,when,606.9186728247608,1421.5107411266624,3260.025579153619,621.0633722006913,1480.7433379488832,3499.3488512708736,619.7947164060613,1495.9784627252093,3449.1866355556053,0.03999999999996362,W,N
DCB_se2_ag1_f_01_1,7235,AY1,2761,i,954.7549242638281,1649.5932842378172,2376.1900569744034,996.8581822549605,1754.122874455702,1924.3082591851958,890.6892389772353,1992.9074415024895,2251.6315594922676,0.06999999999993634,N,W
DCB_se2_ag1_f_01_1,7237,AH0,2762,was,500.8078645037536,1542.7732964537697,3158.276868518675,618.2227718155995,1227.7277317254802,1751.2849345094305,454.93964922111627,1617.095724474817,2903.154420769651,0.029999999999972715,W,Z
DCB_se2_ag1_f_01_1,7239,IH0,2763,in,625.8482399786237,2032.6478577773757,3177.9945684581826,646.5825161919653,2130.9297480482956,3206.681148575398,589.9095632964505,2368.765236981793,3176.9740015412262,0.07000000000005002,Z,N
DCB_se2_ag1_f_01_1,7242,IH1,2764,kindergarten,660.1463987551712,2299.0010110177723,3230.5364881660776,726.670665849989,2038.601520715369,3388.55009029454,642.4318759065328,2574.922700983981,3340.5201260088093,0.049999999999954525,K,N
DCB_se2_ag1_f_01_1,7245,ER0,2764,kindergarten,658.1749724213903,2035.4450817829277,3001.303110407979,709.9113391661169,1936.5014649199327,2361.8444997754086,636.586985470363,2061.8700443731927,3025.2573563754986,0.049999999999954525,D,G
DCB_se2_ag1_f_01_1,7247,AA2,2764,kindergarten,763.9781774447935,1381.9035104039056,2089.066475954455,826.2875748062924,1412.473193296397,2085.0748855688616,681.7411773360677,1439.018354572755,2351.4221940434113,0.05999999999994543,G,R
DCB_se2_ag1_f_01_1,7250,AH0,2764,kindergarten,648.4726312984474,1460.6139599005614,2458.3348081634654,729.0524540126031,1502.9059548699618,2554.212006788021,659.7458280173355,1655.9168733312954,1948.6538888478851,0.029999999999972715,T,N
DCB_se2_ag1_f_01_1,7254,IY1,2766,he,595.0314047983603,2479.458356104155,3054.152715171941,616.6814879153045,2350.0054580198153,2554.865690473508,568.4073749914442,2767.908442167183,2862.635532181464,0.08999999999991815,HH,S
DCB_se2_ag1_f_01_1,7256,EH1,2767,said,528.4778884914923,2183.3860991775687,2841.683544881387,642.1442616050584,2302.4568093218472,3093.6951033076184,630.6920873835082,2382.6390726502755,3089.6771364777837,0.08000000000004093,S,D
DCB_se2_ag1_f_01_1,7260,IY1,2769,he,525.3396370158468,2495.250599678476,3002.966024443791,569.8010496078563,2520.715357539922,3121.1134257491562,393.6602366354927,2614.0394365960656,3004.8829406939117,0.2800000000000864,HH,S
DCB_se2_ag1_f_01_1,7262,EH1,2770,said,531.7029219376943,1896.1881236662518,2699.4659316574393,583.417650350493,1778.9728332073976,2556.874456179618,533.901231491808,1927.3045732393555,2647.163844766901,0.05000000000006821,S,D
DCB_se2_ag1_f_01_1,7265,IH1,2771,when,628.1774033418394,1610.0002354123544,2667.453693627455,663.7056342095158,1724.6860119332944,2675.1964007106235,662.4714109209865,1723.422824239131,2675.721116725047,0.030000000000086402,W,N
DCB_se2_ag1_f_01_1,7267,AY1,2772,i,858.8255200059789,1726.4464482739957,2733.582234539067,864.5064655502551,1710.8117001748888,2761.663629665087,812.4750238938428,1777.445640714486,2684.1222433180337,0.05999999999994543,N,W
DCB_se2_ag1_f_01_1,7269,AA1,2773,was,647.5911103948489,1619.327566440029,2813.1275994213843,675.3535708239275,1601.3525059036124,2802.910523387587,586.7696515425612,1649.1789461390206,2855.863548338755,0.029999999999972715,W,Z
DCB_se2_ag1_f_01_1,7271,IH1,2774,in,515.8403247762526,1982.1368058909227,2630.3463203408314,520.4819217546395,2073.93289562989,2695.33887389947,490.2421504965563,2212.7157929414248,2739.5585467912606,0.05000000000006821,Z,N
DCB_se2_ag1_f_01_1,7274,IH1,2775,kindergarten,614.0372860244116,1938.2730281336956,2880.381702079042,643.8843871326246,2210.699777612563,2890.588418967272,584.9878171579713,2275.748341718306,2409.5058344581184,0.03999999999996362,K,N
DCB_se2_ag1_f_01_1,7277,ER0,2775,kindergarten,578.7871607597838,2057.41297538466,2417.7744089936705,581.3194211819275,2000.3631029003707,2333.3792148102825,578.3883060519199,2094.0691017116005,2401.176767320181,0.04000000000007731,D,G
DCB_se2_ag1_f_01_1,7279,AA2,2775,kindergarten,664.5071148751563,1896.1112849803317,2077.2019783182072,699.267994632828,1677.3313444770356,1903.2762756794684,664.3137355255312,1893.5048454565222,2134.5258989843333,0.029999999999972715,G,R
DCB_se2_ag1_f_01_1,7282,AH0,2775,kindergarten,746.5833006092497,2015.4430617934265,2695.6265313559857,759.672054861649,1939.6611525021497,2781.7845803405517,720.1454407851292,2082.6565397768713,2839.6285512465784,0.029999999999972715,T,N
DCB_se2_ag1_f_01_1,7286,IY1,2777,he,505.41945399277415,2360.7478402202023,2608.194644856789,523.2474311419506,2123.2620027490793,2672.259613931221,505.94406300370537,2458.9318767485706,2544.0221541556575,0.06000000000005912,HH,W
DCB_se2_ag1_f_01_1,7288,AH0,2778,was,472.3516562913533,1690.6931339670282,2674.0859913095583,496.01394596632895,1713.6400987983654,2616.225414368938,477.48451628583126,1755.144722565557,2591.6006646782794,0.029999999999972715,W,Z
DCB_se2_ag1_f_01_1,7291,AY1,2779,like,645.3541958795237,2053.0301545924713,2880.6295293755875,655.028788125391,1889.988505985157,2578.893184025946,489.7626356482926,2289.0957811058997,2627.400070517237,0.049999999999954525,L,K
DCB_se2_ag1_f_01_1,7294,UW1,2780,you,511.55376043018197,1871.634869416699,2766.581678575641,542.4152333355128,1325.4745597282129,2745.3798579699665,478.16511667432485,2504.159512989433,2711.4031985025867,0.06000000000005912,Y,W
DCB_se2_ag1_f_01_1,7296,EH1,2781,went,603.4001865320786,1709.8986229179914,2713.4830643444025,666.9569176461391,1910.3717632972073,2976.718321505594,663.4914958340718,1912.0462530794116,2977.6852577681398,0.06000000000005912,W,N
DCB_se2_ag1_f_01_1,7299,AH1,2782,up,749.5723730651205,1678.6668218779698,3280.399241000512,749.7117741144085,1600.8087535199581,3201.2025559302547,698.8855206316559,1740.1378707526128,3311.6066383532198,0.06000000000005912,T,P
DCB_se2_ag1_f_01_1,7302,EH1,2783,there,525.0480814971316,2433.4377263673855,2966.2766399596526,614.9849073245249,2372.2351427349813,2804.165504551037,576.1777304643339,2660.1200762055582,3455.1762544198587,0.12000000000000455,DH,R
DCB_se2_ag1_f_01_1,7305,AA1,2784,cause,647.0284975017338,1840.9176383059637,2813.2445464688317,647.363836742062,1833.0333858606434,2942.0268058090473,611.0897883600359,2098.170903140965,3045.760001183035,0.06999999999993634,K,Z
DCB_se2_ag1_f_01_1,7307,AH1,2785,um,802.0609699493157,1593.9021426446134,2460.1476054587642,833.1744386209496,1541.2280716462064,2713.095629609698,726.0735099070076,1724.2805525406852,2838.3202100272374,0.2300000000000182,Z,M
DCB_se2_ag1_f_01_1,7311,IH1,2787,it,1130.362287367578,2036.841552238025,3158.4508012708257,1130.8584411197864,2027.426563250056,3184.2911107723367,1017.0142894621723,2108.0704379745803,3127.535576678574,0.06000000000005912,,T
DCB_se2_ag1_f_01_1,7314,AH0,2788,was,549.6431821574887,1526.4859827612142,3040.8564593632564,551.8032181292832,1543.9026262541638,3038.629274090024,544.022411158156,1579.6821021391506,3012.653510675315,0.029999999999972715,W,Z
DCB_se2_ag1_f_01_1,7317,AY1,2789,like,587.8448281653169,1987.6210901557627,2974.247908499333,587.3174238639434,2016.1752157569995,2981.0985676899445,584.7571917408384,2122.501309748022,2881.6985050358494,0.029999999999972715,L,K
DCB_se2_ag1_f_01_1,7320,AA1,2790,not,837.7506995115866,1758.333047869913,2459.7293225845547,941.5326690877148,1869.5032433849672,2499.2366826096495,862.196864509563,1934.936745774555,2716.0546548621114,0.10999999999989996,N,T
DCB_se2_ag1_f_01_1,7325,IH1,2792,kindergarten,585.1376037041722,2046.1722255217935,2345.0582707034428,687.0365906505167,2330.317551260575,2868.949120822542,687.0365906505167,2330.317551260575,2868.949120822542,0.029999999999972715,K,N
DCB_se2_ag1_f_01_1,7328,ER0,2792,kindergarten,612.4979202214187,1962.485848911353,2760.368886730024,612.7181235362506,1953.7119465138562,2779.74418521047,612.9008930251803,1962.9023101177688,2761.177510821675,0.029999999999972715,D,G
DCB_se2_ag1_f_01_1,7330,AA2,2792,kindergarten,785.1807782133653,1598.0616445105484,2333.497936852788,791.5595252035465,1600.6754366458788,2312.5538816473,772.0195213231633,1680.2053707650368,1706.7260015191875,0.03999999999996362,G,R
DCB_se2_ag1_f_01_1,7333,AH0,2792,kindergarten,525.0205792369517,1811.0642816372465,2912.688826012589,540.2866311087754,1850.0716198780235,3121.822387879976,539.709675228069,1849.4059501880129,3106.1491954741286,0.029999999999972715,T,N
DCB_se2_ag1_f_01_1,7336,AH1,2793,but,469.8689020868729,1524.497634525924,2652.6499816093865,468.10438065063903,1528.795812393141,2702.860215025146,464.0274637228943,1538.7267283602007,2818.8706790270076,0.030000000000086402,B,T
DCB_se2_ag1_f_01_1,7339,IH0,2795,it,520.1386462423109,1667.9156801241595,2762.58559296903,619.5820058100194,1796.8126504385484,3071.9071193070445,484.55967469036864,1834.8875229985583,2450.033189076104,0.05000000000006821,sp,T
DCB_se2_ag1_f_01_1,7342,AH0,2796,was,502.06348353650463,1537.372804665116,2906.154391773574,560.8458594188463,1669.1090047125324,2923.4871965635107,551.2078081012743,1665.7569826570561,2927.871630960181,0.029999999999972715,W,Z
DCB_se2_ag1_f_01_1,7346,AH0,2798,the,485.24257549304826,1376.5674661376013,3164.901465813941,578.1209129382974,1717.7622192497683,2576.429210682725,578.1209129382974,1717.7622192497683,2576.429210682725,0.04000000000007731,DH,DH
DCB_se2_ag1_f_01_1,7348,AH0,2799,the,984.2197581339207,2072.7114717832446,2933.540606803512,1115.5594969271624,2096.869316649998,2407.541274574686,1116.9696357514308,2100.942714422059,3176.6817421267688,0.029999999999972715,DH,P
DCB_se2_ag1_f_01_1,7351,IY1,2800,pre,540.0389755721222,2298.98675107211,2649.2868486844695,549.6894704596001,2284.500972606511,2666.252581131066,502.13264435348304,2333.9955154466847,2691.7291957899097,0.05999999999994543,R,S
DCB_se2_ag1_f_01_1,7354,UW1,2801,school,464.2396406542054,984.5943425703192,3190.461217849735,508.94977537560806,1110.5202272957424,2973.5992099381433,492.90678107018664,1210.6111241124697,2763.179050232055,0.07000000000005002,K,L
DCB_se2_ag1_f_01_1,7358,AE2,2802,graduation,635.1578678734717,2153.478273484634,2305.8230712290706,655.0243969211834,1654.346551294724,2119.497075215707,604.5999262110113,2288.2654892516384,3457.952462078139,0.08000000000004093,R,JH
DCB_se2_ag1_f_01_1,7360,AH0,2802,graduation,427.22459720229125,1534.464867923914,2893.7488127579913,427.192702756544,1625.041224038674,2936.750077090585,424.8701788711372,2056.6006974989386,3311.0493259874106,0.04000000000007731,JH,W
DCB_se2_ag1_f_01_1,7362,EY1,2802,graduation,543.4659414332493,2306.5353352767097,2854.7232650044466,631.4339906926476,1811.3293829461193,2967.04576472089,595.6249562375934,2592.1871142443583,3069.1225378794175,0.11000000000001364,W,SH
DCB_se2_ag1_f_01_1,7364,AH0,2802,graduation,670.9547107031024,1963.276817610762,2990.1381839634523,846.7574502907675,2259.5823395179937,3830.7282085887923,846.7574502907675,2259.5823395179937,3830.7282085887923,0.05999999999994543,SH,N
DCB_se2_ag1_f_01_1,7367,AE1,2804,and,634.3991068853758,1345.5668161002666,2808.5180032368708,945.5148815046466,1701.280294111047,2925.7724238206633,621.5888972064665,2676.6814515072833,3429.8242503995107,0.12999999999999545,sp,N
DCB_se2_ag1_f_01_1,7370,IY1,2805,he,507.19680530095064,2647.9931729637883,3094.13168789314,516.6297003547671,2293.3250464776156,3137.281206818231,487.27007575344646,2904.831296296872,3025.583493952838,0.12000000000000455,HH,W
DCB_se2_ag1_f_01_1,7372,AH0,2806,was,483.8046680870541,1550.565556747668,3051.1924329985736,489.1427830354319,1557.6084423844404,3199.2900876270232,444.02528773703324,2021.6453537877355,2044.2724952878161,0.029999999999972715,W,Z
DCB_se2_ag1_f_01_1,7375,AY1,2807,like,876.6083188464594,1724.5752935961013,1973.404966274243,955.9238344874117,1812.3222838969014,2333.849288200741,765.5186712432549,1963.5657633105736,2726.7139603507126,0.06000000000005912,L,K
DCB_se2_ag1_f_01_1,7379,AH1,2809,uh,775.8001748932821,1670.8211570900355,3279.7609027327767,802.5938959309981,1655.2840274336631,3225.5719213618377,572.2909067151861,1915.5550777625062,3288.8792158109045,0.2799999999999727,sil,sp
DCB_se2_ag1_f_01_1,7382,IY0,2811,the,472.7284698688979,1821.1022940424125,2907.0482306611016,558.847260309402,1902.1887731367524,2903.2309864600024,553.0332898620916,1946.202046086009,2942.904911472559,0.06000000000005912,DH,G
DCB_se2_ag1_f_01_1,7384,ER1,2812,girl,704.9180617275144,1455.1946970653505,1901.3552615022375,714.5523069253196,1434.1103023739167,1918.2780001207461,613.9093800607914,1632.4005000710815,2446.6244009511142,0.18000000000006366,G,L
DCB_se2_ag1_f_01_1,7387,IH1,2813,didn't,474.612591295185,2398.1920484797984,2994.1393156605,576.7893218790479,2353.3462968455024,3435.1020297761534,496.320730180161,2453.8786782357042,3256.5016424189926,0.15999999999996817,D,D
DCB_se2_ag1_f_01_1,7392,OW1,2814,show,645.8231289201974,1120.8832478310571,3090.332081369189,703.5840537138828,1258.8227055039122,3199.214501021774,593.811061409772,1948.42098713158,3215.414590178125,0.13999999999998636,SH,AH1
DCB_se2_ag1_f_01_1,7393,AH1,2815,up,712.6491176082271,1462.6949871198935,1936.5803407860485,776.655936661965,1522.8207183767552,3303.6513813422175,772.5975745402505,1541.642636662448,3274.532779346832,0.12999999999999545,OW1,P
DCB_se2_ag1_f_01_1,7396,AY1,2816,like,658.5271083122842,1826.381424068324,2920.724592322171,662.4963593413472,1745.7569495421599,3018.772438992364,582.8282151789963,2100.455377383113,3017.9408472515524,0.030000000000086402,L,K
DCB_se2_ag1_f_01_1,7399,IY1,2817,she,472.4440694512887,1823.7465711997509,2398.023408909968,480.9399108722575,1390.2466957237402,2359.4121850630704,452.51415920607565,2422.8503149960884,3879.6173851873314,0.029999999999972715,SH,D
DCB_se2_ag1_f_01_1,7401,IH1,2818,didn't,598.8225222450576,2206.574577620717,2585.8082576608886,613.7283961212934,2325.9356545396363,3075.2874599742663,601.4902311610188,2393.220259126702,2952.391065382403,0.12000000000000455,D,N
DCB_se2_ag1_f_01_1,7405,AH1,2819,come,784.9295299786132,1623.041041265032,3101.610421561795,820.254750919599,1622.2141402535985,2997.3022511420563,733.3987082675644,1880.821907278571,2778.7876088013913,0.05999999999994543,K,M
DCB_se2_ag1_f_01_1,7408,AH0,2820,to,554.5917397904421,2274.3780181789,2908.037940987517,668.5328850161192,1958.278862476734,2964.3649888530827,571.9607043933923,2267.497702511439,2907.7251217989556,0.06000000000005912,T,G
DCB_se2_ag1_f_01_1,7411,AE2,2821,graduation,676.5214998093909,1924.7570378956614,2251.539977366407,690.5127669710832,1948.1313828641387,2504.267581108976,675.777150051579,2176.9657951037316,2565.746174691139,0.08000000000004093,R,JH
DCB_se2_ag1_f_01_1,7413,UW0,2821,graduation,518.9327055025562,1262.9679593145015,2909.9348244319976,550.4492350189412,1313.9994573119825,2846.5207061897063,517.3733621993133,2230.455810778168,2964.6122811985774,0.08999999999991815,JH,EY1
DCB_se2_ag1_f_01_1,7414,EY1,2821,graduation,515.9079235044043,2286.6323010322117,2662.568175374691,525.3441094292431,2023.599802596089,2845.3106157033826,515.0296696129301,2322.223809824189,2930.435689655246,0.05000000000006821,UW0,SH
DCB_se2_ag1_f_01_1,7416,AH0,2821,graduation,578.9514317390895,1901.456569331296,3166.9574381561283,768.5254996177815,1808.4334426299513,2874.5427877561124,614.4060260187542,1935.634427521941,3107.65357209415,0.04000000000007731,SH,N
DCB_se2_ag1_f_01_1,7419,UW0,2822,whoever,504.85662329672186,1105.802862989106,2631.4363708722085,743.748620860958,1695.9991174544755,2825.9398512655193,743.748620860958,1695.9991174544755,2825.9398512655193,0.09999999999990905,HH,EH1
DCB_se2_ag1_f_01_1,7420,EH1,2822,whoever,748.428722587132,1629.9707936078455,2447.9950942897967,749.0139718017317,1632.3133697182323,2436.552188267818,745.2667632263053,1700.9991132227553,2794.871390613447,0.030000000000086402,UW0,V
DCB_se2_ag1_f_01_1,7422,ER0,2822,whoever,560.7090944522585,1241.5547167787981,3024.373187303883,700.824604207406,1366.0716924540338,3124.0347168719154,675.1598660052064,1438.2697329324083,2960.060689170312,0.06000000000005912,V,W
DCB_se2_ag1_f_01_1,7424,AH0,2823,was,539.4590770360599,1404.271693776585,2924.1819997496136,539.829179092256,1404.9281664621217,2924.102775132209,471.26112374597335,1443.518609284163,2968.8255033120263,0.030000000000086402,W,Z
DCB_se2_ag1_f_01_1,7427,AH0,2824,supposed,524.8738059828629,1295.889622146585,2500.6574485448646,554.3149264843719,1510.3268501348725,2407.2173783040807,554.3149264843719,1510.3268501348725,2407.2173783040807,0.04000000000007731,S,P
DCB_se2_ag1_f_01_1,7429,OW1,2824,supposed,618.6306069795762,1081.859246492098,3289.826287741239,661.6189600516162,1061.4196002527779,3173.128344450642,517.7901227410862,1225.7093162892124,3131.281081184412,0.10000000000002274,P,Z
DCB_se2_ag1_f_01_1,7433,AH0,2825,to,454.7369447855168,1701.650500088493,2932.223148254961,476.628034291235,1640.5037747452486,3002.833871473418,461.49247126945403,1755.4290527461073,3097.241931676567,0.05999999999994543,T,D
DCB_se2_ag1_f_01_1,7435,UW1,2826,do,520.3951611912737,1351.0896762974837,2982.5175897896265,530.0511202236754,1328.0950606173778,2968.9209460695633,489.6512843275575,1907.1325918983741,2970.750589480675,0.10000000000002274,D,DH
DCB_se2_ag1_f_01_1,7437,IY0,2827,the,538.0335852361038,2249.473915537589,3155.8992726379247,570.3024837984279,2107.907614156814,3112.3880291446544,515.4899770468229,2284.4209478028206,3164.926002389989,0.08000000000004093,DH,EH1
DCB_se2_ag1_f_01_1,7438,EH1,2828,em,659.5355789472416,2152.6807460371087,3234.086063087325,667.158164764436,2131.2318641616266,3238.400201921837,556.3151849505748,2276.796781527264,3222.222735311613,0.06999999999993634,IY0,M
DCB_se2_ag1_f_01_1,7442,AY1,2830,like,778.4928516582615,1957.5641493918918,2850.854949796839,840.6762843947396,1840.596725573556,2643.674258238478,666.9807186765552,2040.425407062098,2736.5048363264573,0.05999999999994543,L,K
DCB_se2_ag1_f_01_1,7444,EH1,2831,emcee,652.7393619931355,2253.869983162012,3269.3360768163825,664.4903901662,2264.914789746312,3275.597256361713,602.4551288173734,2341.7039097738166,3311.8089361519797,0.06000000000005912,K,M
DCB_se2_ag1_f_01_1,7447,IY1,2831,emcee,501.214955866496,2670.329408513373,3101.5787260916436,740.1624930171547,2451.422158635677,2926.98317719772,533.7536046642218,3007.0016750370405,3089.5737136180132,0.18999999999994088,S,
DCB_se2_ag1_f_01_1,7450,IY0,2833,the,450.8939084053537,2227.6391845031726,2397.502536329691,533.4481846358334,2382.98617703943,3010.3839501079156,533.4481846358334,2382.98617703943,3010.3839501079156,0.03999999999996362,DH,G
DCB_se2_ag1_f_01_1,7453,AE2,2834,graduation,708.6309142837331,2127.547717802445,2499.2873980804147,715.3056935709628,2217.1426569979444,2646.230946112171,681.128465472037,2295.187665432386,3244.912561532799,0.09000000000003183,R,JH
DCB_se2_ag1_f_01_1,7455,UW0,2834,graduation,451.2363199768276,1086.9435784380007,2475.1298547526144,666.3841929415548,1782.586636683097,3039.7105758697458,484.6708302791106,1947.2534082297225,3057.489431623009,0.10000000000002274,JH,EY1
DCB_se2_ag1_f_01_1,7456,EY1,2834,graduation,559.2174195992504,2314.3828785403857,2966.849180841263,666.3841929415548,1782.586636683097,3039.7105758697458,575.5254836193484,2559.097161175489,3168.743955458745,0.12000000000000455,UW0,SH
DCB_se2_ag1_f_01_1,7458,AH0,2834,graduation,549.4739318809046,2031.2012225310382,2090.1560703854516,711.3843197502675,2005.6428435960804,3241.8229453267195,594.1602573363401,2125.928858557101,3265.739311200142,0.05999999999994543,SH,N
DCB_se2_ag1_f_01_1,7461,IY1,2835,she,553.504947703759,2670.725590869972,3277.8407094455633,565.0964913097424,2770.9382034241175,2844.7896446492186,565.0964913097424,2770.9382034241175,2844.7896446492186,0.06999999999993634,SH,D
DCB_se2_ag1_f_01_1,7463,IH1,2836,didn't,562.6851305108096,2636.9796252698156,3349.3845820190595,579.7950919965843,2628.8601565898725,3549.928503754463,561.8660611914222,2637.2010180824323,3331.3597801633023,0.12000000000000455,D,D
DCB_se2_ag1_f_01_1,7468,AH1,2837,come,926.2023272234533,1548.2997256237334,3469.9580534815145,932.6392221100032,1494.2729213770353,2408.2686547370417,620.2775292353621,1958.480441086826,2242.7369210347415,0.15999999999996817,K,M
DCB_se2_ag1_f_01_1,7472,OW1,2839,so,527.9160072808701,1833.3781183139997,3115.0415181645585,565.2188561173034,1944.8249316165259,3234.4429210514786,551.217526467619,1955.9079800223537,3152.828816211494,0.05999999999994543,S,HH
DCB_se2_ag1_f_01_1,7474,IY1,2840,he,522.1899131861558,2535.607823997611,3096.3338066683264,544.5603985836103,2639.728855281975,2810.596441408708,544.6359799989588,2641.0620604165642,2805.6067570348496,0.06999999999993634,HH,W
DCB_se2_ag1_f_01_1,7476,AH0,2841,was,431.9029731488171,1606.261280387133,3032.460072674537,450.00687330026443,1451.304563833408,3082.0214785534276,437.0783424658635,1669.851139442568,3094.110194832573,0.029999999999972715,W,Z
DCB_se2_ag1_f_01_1,7479,AY1,2842,like,732.9714500756501,2056.837067338439,2977.510772033171,779.1008379296564,2013.5169902792932,2880.480353276941,634.3679497372466,2242.1756562886944,2906.7694784683354,0.03999999999996362,L,K
DCB_se2_ag1_f_01_1,7482,AY1,2844,i,1239.0349445150923,1733.212429786197,2424.160582360253,1247.6881315466628,1832.3660561068243,2494.6669620483385,1042.334326942496,2035.1504074050017,2845.5519936214178,0.2300000000000182,sp,W
DCB_se2_ag1_f_01_1,7484,EH1,2845,went,646.6681838074329,1586.7898693815769,3081.747004458367,687.6921732026183,1904.681937305567,3121.7407232168107,686.6444313162641,1911.2282822766163,3149.4991246034797,0.05000000000006821,W,N
DCB_se2_ag1_f_01_1,7487,AH1,2846,up,679.9182731695461,1739.312267686541,3076.13543293837,692.249606071672,1876.9138096972242,2284.479601234771,689.3964901004922,1896.712001531339,2317.5859693933403,0.07000000000005002,T,P
DCB_se2_ag1_f_01_1,7490,EH1,2847,there,523.5292328483856,2402.6478199314647,3110.5416250900953,538.3576248340055,2417.0638811162403,3096.0354073356625,526.6160242934714,2458.315568486255,3304.998101463355,0.049999999999954525,DH,R
DCB_se2_ag1_f_01_1,7492,AE1,2848,and,648.8517418881219,2157.2247104669113,2820.6418540463847,660.1276858486606,2087.443906482906,2821.113138463688,613.6994496734404,2325.625549570507,2957.815486654019,0.04000000000007731,R,N
DCB_se2_ag1_f_01_1,7494,AY1,2849,i,1104.307522683461,1926.2218480814163,3024.15049943664,1135.5311309930396,1893.9851107493848,2836.965863815515,1001.0321740595075,1941.1794036056021,2067.6396409333247,0.10000000000002274,N,D
DCB_se2_ag1_f_01_1,7496,IH1,2850,did,493.45355996653166,1574.3477837153516,2556.3032757061665,629.6519611438342,1371.4555554891201,2388.0546061813275,477.2915013107284,2309.582123743883,3208.529883739099,0.08000000000004093,D,D
DCB_se2_ag1_f_01_1,7498,IH1,2851,it,554.3290139509386,2231.1821436345963,3088.896227362213,611.7812306795146,2209.0830650537073,2965.388959866386,532.6387508091595,2260.394889305162,3081.888962017967,0.10000000000002274,D,T
DCB_se2_ag1_f_01_1,7500,EH1,2852,anyway,532.67580337745,1998.5188493273076,2642.7715233197314,598.3379002854874,2339.907286026037,2350.6871756429146,556.1504566043052,2360.9634132425977,3019.894347129433,0.10000000000002274,T,N
DCB_se2_ag1_f_01_1,7502,IY0,2852,anyway,538.4131347249332,2789.693787990436,2837.5305893360974,578.4884134476413,1766.9560499336544,2644.3930407060643,546.8457810946153,2796.112640220701,2845.0613668735596,0.07000000000005002,N,W
DCB_se2_ag1_f_01_1,7504,EY2,2852,anyway,632.1034724885243,2188.4618317498366,2826.98410217238,637.0268143163892,2321.1170252304373,2822.8559385651324,618.7276817398978,2792.609470988316,3270.7561218636265,0.07999999999992724,W,spn
DCB_se2_ag1_f_01_1,7507,IY1,2854,he,545.60410043764,2353.499368419512,2556.3416858053,549.7881093734798,2701.528775635987,3005.7394779581405,545.3578340485226,2753.0948880337437,2778.1945675591373,0.13999999999998636,HH,W
DCB_se2_ag1_f_01_1,7509,AO1,2855,was,471.3441835220914,1727.6608741034372,2761.8629235569983,490.85833170036227,1812.773182884967,2848.2421920853058,490.3227269655477,1812.509734325776,2851.981792316049,0.030000000000086402,W,Z
DCB_se2_ag1_f_01_1,7513,AY1,2857,like,675.0793607119102,1973.8124998525745,2566.6768450891063,738.6397383068626,1887.0423230156591,2719.794443608319,570.3133273372156,2076.5984758422414,2616.8063783224693,0.049999999999954525,L,K
DCB_se2_ag1_f_01_1,7515,AY1,2858,i,976.675275181833,1789.544711898132,2422.6180905482074,1141.33731526552,1833.0315840762478,2406.3419342201537,848.27982439158,2257.8241835846306,2747.0678570560553,0.22000000000002728,K,HH
DCB_se2_ag1_f_01_1,7517,IY1,2859,he,601.0688757239296,2303.9056669761394,2628.343983321456,650.1579475285031,2508.302847421201,2961.872141282864,644.9204630112076,2492.679627334281,2914.0043644553043,0.029999999999972715,HH,W
DCB_se2_ag1_f_01_1,7519,AH0,2860,was,450.8813396033119,1737.972149139974,2722.5268021120696,475.61312314386976,1715.5159189966685,2712.66307762305,451.2914093548479,1739.4017248085188,2722.4776097250992,0.029999999999972715,W,Z
DCB_se2_ag1_f_01_1,7522,AY1,2861,like,620.881054385675,2189.5960883146035,2739.229944966397,635.8544388932935,2034.642616717638,2815.713210982961,527.6004525521188,2273.648867977401,2512.305176186374,0.030000000000086402,L,K
DCB_se2_ag1_f_01_1,7525,AE1,2862,that,650.8076293456921,1923.006237574042,2816.027715378633,658.3371873982047,2001.6419741143736,2843.474596291946,588.2644925493609,2071.2444208730426,2768.1584300138948,0.05999999999994543,DH,T
DCB_se2_ag1_f_01_1,7528,ER0,2863,from,620.7809951378922,1305.5025955442063,1928.155161422019,746.7025299650062,1667.5410850323171,2874.619314623967,746.0564257479815,1667.0043522053468,2868.3222330364197,0.04000000000007731,F,M
DCB_se2_ag1_f_01_1,7531,AE1,2864,that,662.4163792090643,2006.5646055341617,2981.6471913814894,671.6977141625522,2124.6885269754107,3037.0241943006836,670.7409218486773,2124.2821473984786,3048.718340603594,0.05000000000006821,DH,T
DCB_se2_ag1_f_01_1,7534,EY1,2865,day,597.7848845315383,2505.150318601854,3205.309784152315,641.1694094398581,1694.9607437277136,2451.276557594891,613.3780135999333,2495.0655004884943,3319.108684196,0.09000000000003183,D,AY1
DCB_se2_ag1_f_01_1,7535,AY1,2866,i,878.0933453573315,1837.514328051937,2568.132509787982,878.3905149935532,1840.4888027087334,2555.567165210957,777.4469157193627,2054.1724023421816,2880.9097701868204,0.08999999999991815,EY1,N
DCB_se2_ag1_f_01_1,7537,UW1,2867,knew,526.3357962993292,1199.556979434501,2907.231958625614,571.1166338695491,1742.056322520437,2918.719376526859,559.8714112908408,1791.6519070006857,2909.7075248087194,0.18999999999994088,N,
DCB_se2_ag1_f_01_1,7540,AH0,2869,that,534.6067336664651,2340.5298616164678,3062.916557459769,621.2064467871011,2096.4193820258683,2970.234571474603,524.3113247519022,2345.1477831413044,3016.8267066982435,0.029999999999972715,DH,T
DCB_se2_ag1_f_01_1,7543,UW1,2870,you,554.6575294895782,1835.0403306202008,3127.2053619492103,560.3937296600055,1935.5585965889134,3115.536414586744,536.4520091480983,2092.047272621392,3223.9837278950667,0.05000000000006821,Y,W
DCB_se2_ag1_f_01_1,7545,AH0,2871,was,545.8981514269713,1656.2844046698087,3161.9306756445094,548.7128672226061,1648.5091296622875,3163.1102700421225,530.8109205017244,1689.0963957453841,3151.7748855187265,0.029999999999972715,W,Z
DCB_se2_ag1_f_01_1,7548,IH0,2872,just,475.9497526619125,1786.6575191326401,3070.0429111911817,478.4606725450769,1879.7639098896707,3066.9684745437717,476.4932484832453,1881.219269729694,3066.5092204752955,0.06999999999993634,JH,S
DCB_se2_ag1_f_01_1,7551,AH1,2873,gonna,642.8708228395257,1147.7284998729508,2474.453882521779,655.3873581377349,1158.1193260917578,2973.036029355676,624.5026152291769,1321.2066156000815,3114.4245037587943,0.07000000000005002,G,N
DCB_se2_ag1_f_01_1,7553,AH0,2873,gonna,631.1552665736796,1444.742392320936,3157.6450124087996,667.023397997015,1363.407860971773,2614.1213353552603,601.5386859268278,1941.311765762147,3406.23530192202,0.049999999999954525,N,K
DCB_se2_ag1_f_01_1,7555,IY1,2874,keep,585.2214072817599,2373.951449332355,2646.758211798653,624.2098244823478,2762.280661014033,3392.4464909704234,621.5579545636407,2760.322944291296,3449.223003869919,0.05000000000006821,K,P
DCB_se2_ag1_f_01_1,7557,AO1,2875,on,617.8638572423878,1537.5739454115728,2393.1314035953465,650.9544409813343,1489.5024485881254,2088.419904396581,634.305854089838,1553.625344639412,2168.6712623443996,0.08000000000004093,P,N
DCB_se2_ag1_f_01_1,7561,IY1,2876,speaking,583.6120320899846,2592.794541232,2859.654493869703,595.8881896718428,2447.9695236882076,2883.274297959487,537.1771975987193,2957.500447645498,3044.818412275054,0.06000000000005912,P,K
DCB_se2_ag1_f_01_1,7563,IH0,2876,speaking,491.91132796238696,1721.1320432586951,2708.048424604137,582.1095167557006,2006.2326875568478,2838.2777029665804,545.8066571060435,2387.074910983034,2970.034346071298,0.03999999999996362,K,NG
DCB_se2_ag1_f_01_1,7565,AE1,2877,and,585.0203276404924,2244.484479426207,3027.3046157981776,640.8455882777502,2178.155614642543,2755.6366429137015,635.0817278951015,2440.7287332824235,2921.64996863276,0.05999999999994543,NG,N
DCB_se2_ag1_f_01_1,7568,AE1,2878,that,661.4669511407661,1920.7652091490297,2780.397396713546,664.4238592546953,1892.7974298072947,2755.8151818137103,657.1877691459222,1952.5620409026424,2859.9318390227513,0.029999999999972715,DH,T
DCB_se2_ag1_f_01_1,7571,AH0,2879,was,520.6989592623366,1576.2147709166413,3225.2817165439023,587.4237735982105,1556.3014124450178,3119.9712577069863,565.6608900150159,1664.509154557012,3143.649612945331,0.029999999999972715,W,Z
DCB_se2_ag1_f_01_1,7574,AH1,2880,gonna,622.2937227431557,1109.1130004066665,2249.9839452800597,646.7141830309154,1006.6213723243178,2146.17963132498,500.73611979950135,1215.7324482964425,2073.043457000426,0.05000000000006821,G,N
DCB_se2_ag1_f_01_1,7576,AH0,2880,gonna,472.22563526962375,1275.25596270435,2550.167507234287,578.1676986318369,1568.4394963757927,3193.187472054327,578.1676986318369,1568.4394963757927,3193.187472054327,0.029999999999972715,N,B
DCB_se2_ag1_f_01_1,7578,IY1,2881,be,527.9999340630619,2756.948158509544,2922.565157868009,559.8070507630671,2726.0664704486826,2874.965968665412,530.8394739268804,2783.200958635312,2898.1685525777384,0.029999999999972715,B,Y
DCB_se2_ag1_f_01_1,7580,UH1,2882,your,443.2735773385006,2071.6034033109554,2938.927692060638,572.1667096506275,1870.5410378781216,3061.9198619433273,454.81584937189285,2644.4775643492867,2886.938326902288,0.03999999999996362,Y,R
DCB_se2_ag1_f_01_1,7584,IH1,2884,thing,650.7981182453276,2270.423706217555,3000.3964707775976,657.3088770280499,2266.112032921668,3026.1925928818177,616.700400152764,2617.040067833994,2851.1896460254065,0.10000000000002274,TH,NG
DCB_se2_ag1_f_01_1,7588,IH0,2886,because,503.0662752827038,2360.1921825257155,3175.2163176767954,511.52638495255894,2511.4913529671676,2749.8104258673866,504.7588565408873,2584.8341348659783,3250.1448888452287,0.06000000000005912,B,K
DCB_se2_ag1_f_01_1,7590,AA1,2886,because,535.613983050534,1801.1856292011785,2654.293588807474,729.1152429093432,1969.2727558125148,2305.3224483624763,561.1569744254356,2028.0858890134134,3060.500893448969,0.07000000000005002,K,Z
DCB_se2_ag1_f_01_1,7593,UW1,2887,you,500.39013713508893,1883.2648763142786,3001.7051274187465,508.2190944711982,1905.374608990391,3009.6351599884492,507.7839427572611,1904.7217933648578,3009.058833360967,0.03999999999996362,Y,D
DCB_se2_ag1_f_01_1,7595,IH1,2888,did,459.00126412662985,2137.9974358426985,3018.4944932145477,574.6094826111115,2077.9093319870867,2938.592383348713,458.90932086570444,2137.563386798525,3018.6608307483857,0.06000000000005912,D,D
DCB_se2_ag1_f_01_1,7597,IH1,2889,it,446.08742734487737,2006.6233812700964,2957.283839242707,451.94896687608923,2000.8558088460522,3176.482622061826,448.50616859390067,2024.9686523954724,3046.2454000540306,0.030000000000086402,D,T
DCB_se2_ag1_f_01_1,7600,OW1,2890,so,613.3273548357901,1079.3702636298317,3322.9145822389237,633.1416883495549,1487.2387762506494,2986.063869431521,596.2961762449345,1576.6884151101217,3681.2625580047415,0.12000000000000455,S,W
DCB_se2_ag1_f_01_1,7602,EH1,2891,well,665.5384719142583,1754.6046207883028,3144.64418617411,674.5861745513058,1741.2738226004578,3052.0617911183294,662.5574828113329,1754.4430978960738,3281.379710013977,0.11000000000001364,W,L
DCB_se2_ag1_f_01_1,7604,AE1,2892,at,622.0766617596486,2066.4446144578214,3121.436118326592,634.5945226803965,1932.9253166240262,3299.789807435923,627.890479145197,2189.069026876974,3244.7459796086323,0.07000000000005002,L,T
DCB_se2_ag1_f_01_1,7607,AH1,2893,such,644.1038048137299,1837.777769834736,3146.116161234663,767.4447445559458,1910.3173022284013,2994.026960335035,615.0998346194759,1958.7423519256756,3235.7622284052945,0.08999999999991815,S,CH
DCB_se2_ag1_f_01_1,7609,AH0,2894,a,460.89381935633475,2349.1332219713777,3051.1443057843176,478.9611038949729,2225.1647270317403,3152.647455219941,456.3210516745581,2547.160792157992,2997.626531857894,0.029999999999972715,CH,Y
DCB_se2_ag1_f_01_1,7611,AH1,2895,young,777.6330608627215,1231.7473744894485,1648.3883503740092,787.2192365820513,1308.5601092425902,1916.6985200405916,762.6788526254013,1673.8633429955012,3447.732416109431,0.09000000000003183,Y,NG
DCB_se2_ag1_f_01_1,7613,EY1,2896,age,479.57250663578856,1201.0371777322575,2781.3527667904714,686.9910894901435,1697.2685353342831,2397.3303163584537,489.92221900466444,3193.493439222449,3395.3432552343997,0.39999999999997726,NG,JH
DCB_se2_ag1_f_01_1,7617,AY1,2898,i,804.6961547662382,1533.648711455924,3459.512095566451,812.529705821285,1758.4388487812994,3191.54156783061,761.9729074146319,1776.3327449325998,3206.590687832932,0.04000000000007731,sil,W
DCB_se2_ag1_f_01_1,7619,AO1,2899,was,683.0071456179982,1721.2028415771574,3356.524237934297,713.9597862598896,1636.2272539182059,3287.7620115485806,678.4339664818713,1720.4204633507256,3303.263383177017,0.029999999999972715,W,Z
DCB_se2_ag1_f_01_1,7622,AY1,2900,like,721.1234773020353,1766.7754283468723,3402.3554341756517,726.8119594195394,1763.8927393822548,3376.5142006005212,684.2523795812425,1837.7300615138781,3432.0816042731567,0.029999999999972715,L,K
DCB_se2_ag1_f_01_1,7626,EH1,2902,well,719.0097330045643,1536.975431958245,3445.83223899824,745.4645726706686,1552.2087287033723,3464.92710573401,742.6065204132929,1550.3792256172835,3462.191606757177,0.07000000000005002,W,L
DCB_se2_ag1_f_01_1,7631,AH0,2904,that,645.95836053597,1880.8413232475352,3014.940977312488,709.4099426930272,1901.4922746128614,3030.9250863441107,650.6463586661005,1902.7095119582727,2995.8339843802305,0.029999999999972715,DH,T
DCB_se2_ag1_f_01_1,7635,AH1,2906,what,541.278685332909,1688.2531549591783,3163.8907846492834,561.8915029645146,1738.734093177105,3136.122708165152,555.2672879639107,1756.2013740993311,3128.077077592285,0.029999999999972715,W,T
DCB_se2_ag1_f_01_1,7637,AY1,2907,i,816.6313747528559,1934.3145284721948,2798.8380913086567,821.0732556492555,1947.1898946734163,2834.57999371632,803.251227549609,1970.300556840117,3085.3076718848706,0.05000000000006821,T,D
DCB_se2_ag1_f_01_1,7639,UW1,2908,do,495.86742446157086,613.9158073998038,1538.3603397420486,653.7408326396408,1927.2139745990437,3133.5814174858806,640.6142695249551,2042.388068135898,3087.183483872925,0.2300000000000182,D,
DCB_se2_ag1_f_01_1,7643,AY1,2911,i,854.9828390311195,1748.7842246799964,2729.715830820286,933.2459513790835,1764.434408048733,2656.3167675490586,728.6498586173013,1937.2242570433707,2822.2637864128815,0.19000000000005457,spn,
DCB_se2_ag1_f_01_1,7646,AY1,2913,i,821.7157093847351,1495.2489136944841,2480.9389450279537,941.5123572814089,1442.717059999902,2183.8718024686664,836.799742875636,1568.5528774356223,2367.6306583450905,0.07000000000005002,sil,T
DCB_se2_ag1_f_01_1,7648,AO1,2914,talk,991.0498365712563,1561.6246338070084,3582.8256895875606,990.8691353013107,1565.5138942996148,3576.241652888961,984.3994333425002,1620.746681496625,3452.4227034203295,0.12999999999999545,T,K
DCB_se2_ag1_f_01_1,7653,AY1,2917,i,856.0937564998276,1853.7088174485043,2641.6688724607434,907.1989424777953,1864.080643459191,2797.8865822399653,837.8755849038323,1861.0865447505862,2744.0422107593613,0.03999999999996362,sil,JH
DCB_se2_ag1_f_01_1,7656,AY1,2920,i,916.1760862090568,1682.427348605728,2491.2657304992863,1059.1732637762427,2212.575979673907,2630.5286283955534,1050.3870745047645,2295.609492682138,3214.482416121314,0.049999999999954525,sp,JH
DCB_se2_ag1_f_01_1,7658,AH1,2921,just,619.7715167896052,1867.6727174211069,2778.507391401825,651.9496040052509,1735.758508080098,2787.5203772637105,629.0154874634804,1874.099316208496,2753.6474262412735,0.05999999999994543,JH,S
DCB_se2_ag1_f_01_1,7662,AO1,2923,talk,796.0205281946756,1279.0050128725047,2681.67709448532,890.3364923510026,1680.7678643910338,2542.3233753385607,804.8102557099958,1931.3615940947113,3008.2920505215843,0.20000000000004547,T,K
DCB_se2_ag1_f_01_1,7666,AY1,2925,right,793.4886661397213,1843.3326001455387,2224.724700608202,823.6634515314819,1663.927015064515,1982.2486601310088,677.5491898081502,2023.298836765621,2197.772006311308,0.10000000000002274,R,T
DCB_se2_ag1_f_01_1,7670,AY1,2927,right,667.1473693401289,1512.86386235535,2456.567404876582,868.0397364119134,1492.3051584852876,2676.339072008192,638.5067905301894,1697.9681018787571,2402.7542940908484,0.2300000000000182,R,T
DCB_se2_ag1_f_01_1,7676,AY1,2930,right,737.3646975271294,1931.7376163208917,1973.0231043518793,762.6193503490896,1925.51933814055,2450.821561491075,762.0683158958432,1974.3559883260587,2322.844990574615,0.08000000000004093,R,T
DCB_se2_ag1_f_01_1,7680,AY1,2932,i,809.1070816262869,1706.5093151165904,2672.777582956383,855.4764575430589,1663.218082521382,2886.2117359649756,446.50533761400624,2077.125641382945,2475.853162490611,0.04000000000007731,sil,W
DCB_se2_ag1_f_01_1,7682,EH1,2933,went,697.6708835777465,1681.9114216640946,2922.010754375364,699.7248328282681,1673.5730710419423,2922.920355057818,666.7032674548938,1742.1623641407762,2957.123686965326,0.029999999999972715,W,N
DCB_se2_ag1_f_01_1,7686,UW1,2934,to,449.4071932466524,947.8779322767047,2466.2790930240008,792.6517699435283,2179.124822419842,2839.0435897059147,792.6517699435283,2179.124822419842,2839.0435897059147,0.12000000000000455,T,TH
DCB_se2_ag1_f_01_1,7689,IY1,2935,three,556.0121735103696,2042.2694278703484,2525.081779813667,556.498077369612,2040.6994635667431,2522.9184803728367,542.7006432204475,2066.7535102405022,2575.3003138271265,0.029999999999972715,R,D
DCB_se2_ag1_f_01_1,7691,IH1,2936,different,502.4279236002106,1966.522857419636,2941.6189208761843,536.7277945945165,1917.5282173400271,2821.679760236239,475.91305320018904,2121.7405448466,3154.865083036577,0.030000000000086402,D,F
DCB_se2_ag1_f_01_1,7694,AH0,2936,different,629.2030831067576,1760.8692694857123,1913.0585225231882,702.4425733902785,1736.9767886357313,2069.064374474993,691.755827610209,1821.5325894904176,2127.3281247171503,0.030000000000086402,R,N
DCB_se2_ag1_f_01_1,7697,EH2,2937,elementary,783.8091236438713,1853.8635130095445,2806.305883128264,852.6919538965442,1915.7793552391174,2698.1181768775846,846.9595620291275,1917.386258770757,2687.545675436623,0.07000000000005002,T,L
DCB_se2_ag1_f_01_1,7699,AH0,2937,elementary,491.6655194566257,1478.6081899001626,2683.135058716038,629.7099549721295,1706.7721045406724,2926.8631647079987,608.369176945728,1761.6135031426968,2951.941799074723,0.07000000000005002,L,M
DCB_se2_ag1_f_01_1,7701,EH1,2937,elementary,769.5851050166035,1849.5651387993312,2761.466194829861,800.2716574039802,1826.9100231296636,2778.903449395826,782.2808650507673,1931.1268438061302,2745.221786038233,0.03999999999996362,M,N
DCB_se2_ag1_f_01_1,7705,IY0,2937,elementary,948.6920135468085,2063.4961362626323,2857.339110983484,1270.0157003532927,2213.954645756831,2993.3578913456345,1265.5435344363332,2211.7477763443735,2990.613332844513,0.029999999999972715,R,S
DCB_se2_ag1_f_01_1,7708,UW1,2938,schools,481.13669136793806,1226.6399947032814,2894.2407763152005,506.5255396618078,1246.9344679742348,2541.233860942747,501.93660872859266,1463.1887490575766,2570.9589778940303,0.08999999999991815,K,L
DCB_se2_ag1_f_01_1,7726,AE1,2948,yeah,573.6920014704623,1361.1292529448692,2839.902435997322,724.7918602652976,1616.2817211833935,2281.9181172506856,505.5898491839673,1907.4509943545572,3243.2548362658986,0.2900000000000773,Y,
DCB_se2_ag1_f_01_1,7729,IY1,2950,we,537.6506485067025,2267.0564402076066,2993.9564463708257,546.9511071044863,1670.5415457815193,2883.893782973259,545.1383309126829,2445.895125272128,2899.9056500753527,0.12999999999999545,W,L
DCB_se2_ag1_f_01_1,7731,IH1,2951,li-,566.8679961429763,2096.2200370563933,2463.7199355163366,642.8781020899395,1948.477210458103,3224.086253916329,552.6322383346428,2127.951068598658,2181.495291775564,0.15999999999996817,L,sp
DCB_se2_ag1_f_01_1,7735,IY1,2953,we,535.8459069829208,2244.3674943246256,2902.573757311052,542.2189343132156,2102.749659278497,2976.5430181826887,531.4493661224437,2247.0233430770563,2877.67489166376,0.09999999999990905,W,L
DCB_se2_ag1_f_01_1,7737,IH1,2954,lived,635.3720874334922,2158.700904245141,3256.7436743105945,660.2585234547971,879.2279086453667,2000.9122465828164,632.8371123503078,2203.7436600986593,3223.424725655581,0.16999999999995907,L,V
DCB_se2_ag1_f_01_1,7743,AY1,2956,like,671.0509668534032,1980.1908929196172,2960.083388196507,678.9161861995395,1811.128563156166,2963.8265709510506,591.7915638840187,2504.4662693004057,3028.395732025714,0.11000000000001364,L,K
DCB_se2_ag1_f_01_1,7747,AA1,2958,not,1063.062371003468,1878.0685440971436,2455.5769033465804,1069.2057016192966,1889.6215625448713,2527.739692474179,967.4744102288103,1946.795133249451,2325.5991727444193,0.06999999999993634,N,T
DCB_se2_ag1_f_01_1,7750,UW1,2959,too,449.3662097991391,1279.2034051788921,2625.9235342835077,517.6022386724642,1881.3902156944325,2034.4563909817325,517.6022386724642,1881.3902156944325,2034.4563909817325,0.11000000000001364,T,F
DCB_se2_ag1_f_01_1,7752,AA1,2960,far,883.7327307549172,1334.7648883565012,2271.988219174078,889.4535950385223,1348.5638927452922,2251.5627003272352,864.5165590927239,1407.8227823219959,2327.508554299948,0.08000000000004093,F,R
DCB_se2_ag1_f_01_1,7754,AH0,2961,away,627.0228195275187,1239.1706103867336,2691.7223238047604,660.7104802513333,1165.8876492798765,2610.8934960803213,638.5599861445445,1365.20515875028,2578.217898913518,0.029999999999972715,R,W
DCB_se2_ag1_f_01_1,7756,EY1,2961,away,624.3411268652582,1814.2267590635672,3383.0106597412955,643.2841465958323,1887.4191334386082,3863.9749807703593,636.2906905288901,1884.0318692019405,3503.3399675428454,0.029999999999972715,W,F
DCB_se2_ag1_f_01_1,7758,ER0,2962,from,517.7416015428083,1359.3837868736755,2432.7982419301466,730.6177087060856,1706.8781581311832,2613.8191258940624,730.6177087060856,1706.8781581311832,2613.8191258940624,0.03999999999996362,F,M
DCB_se2_ag1_f_01_1,7761,AH0,2963,the,439.9374075461313,1701.047879392792,2498.6515183154074,509.0246802757534,1736.0774971669227,2671.851072759343,500.24503588051743,1739.127908983337,2605.109023683109,0.030000000000086402,DH,S
DCB_se2_ag1_f_01_1,7764,UW1,2964,school,466.7634370950776,1155.7148419231403,3009.3827271880186,806.3645288539951,1548.8938358996156,2783.610199008854,806.3645288539951,1548.8938358996156,2783.610199008854,0.030000000000086402,K,L
DCB_se2_ag1_f_01_1,7766,AY1,2965,i,911.7840013218623,1665.4733893049854,2462.1167681615393,940.860030132523,1624.7875669065486,2480.819890519148,856.7110893032749,1720.1568742420432,2594.61930864074,0.05999999999994543,L,D
DCB_se2_ag1_f_01_1,7768,OW1,2966,don't,708.4091948478172,1331.882919626531,2484.2998421735483,717.2927085903232,1479.6245317132355,2721.6272480571947,712.2767158856236,1544.2158999256087,2581.218141535027,0.05999999999994543,D,N
DCB_se2_ag1_f_01_1,7771,IH0,2967,remember,527.4289434364878,1281.4056424397438,2386.5198079485303,622.8211479353773,1297.8381477679636,2596.9046165621235,614.313769165859,1310.3769633957563,2595.1576414620718,0.03999999999996362,R,M
DCB_se2_ag1_f_01_1,7773,EH1,2967,remember,624.778080560076,1548.530328453775,1658.9963255178563,630.1434701178687,1560.37361350952,1597.5428079669653,625.5349596972142,1606.5149756707383,1660.8669810556196,0.03999999999996362,M,M
DCB_se2_ag1_f_01_1,7776,ER0,2967,remember,523.4480737789752,1890.7197682454653,2824.9625424513724,524.4525273240511,1901.5958920682597,2840.368941008166,514.4005603639916,1916.4249959525196,2880.0742192441908,0.03999999999996362,B,DH
DCB_se2_ag1_f_01_1,7778,IY0,2968,the,621.753516073275,2072.665030207896,3012.158996922265,676.1867172269284,1998.1358943807475,2822.302438950327,625.9465236527251,2109.4474324257776,3016.713237248837,0.049999999999954525,DH,IH0
DCB_se2_ag1_f_01_1,7779,IH0,2969,exact,642.0306977499785,2170.3734234001377,2990.0050881745983,685.6764448210231,2149.9035332026037,2717.315135178978,564.1105211408174,2189.969747590058,2960.326827593521,0.08000000000004093,IY0,G
DCB_se2_ag1_f_01_1,7782,AE1,2969,exact,886.608812043152,1924.6520650379418,2596.6542942880724,887.6234020083826,1936.6414550401262,2602.0416609952044,816.4404148265274,2045.2465330721477,2678.2463574272724,0.10000000000002274,Z,K
DCB_se2_ag1_f_01_1,7785,AE1,2970,address,729.5437755380723,2166.863606041281,2891.5183290436157,867.2961008031862,1496.8827047144136,2804.5147599085954,652.498690447332,2245.4687928616822,2337.928254690612,0.21000000000003638,T,D
DCB_se2_ag1_f_01_1,7788,EH2,2970,address,822.5486895988819,1954.6461048688104,2774.329245570483,844.0900844602698,1976.4752187887964,2690.463261771045,844.3066080394715,1980.1143878592147,2730.6636073568325,0.05000000000006821,R,S
DCB_se2_ag1_f_01_1,7792,AH1,2972,but,593.5428736309167,1287.9565748373307,2707.094972250761,631.2208009504133,1280.7293907921087,2732.7327274982595,592.7301148643337,1362.7555080007216,2738.5158237015744,0.029999999999972715,B,T
DCB_se2_ag1_f_01_1,7795,IY1,2973,we,556.8264397654249,2108.182043749372,2830.5622887522404,559.8466110122346,2064.318250995146,2810.4073982739105,555.9240244177321,2106.1677342190274,2830.7226162523066,0.08000000000004093,W,L
DCB_se2_ag1_f_01_1,7797,IH1,2974,lived,626.3145028653688,2044.5957899421192,2990.488197344191,642.8406305947326,2053.9573662772455,3102.6662107691295,631.8951877804324,2058.041162296874,3177.6807570651195,0.06999999999993634,L,V
DCB_se2_ag1_f_01_1,7801,AA1,2975,not,912.6780238789521,1887.1169412586655,2609.419595287985,913.9568227241292,1891.8658036262068,2604.0284728854162,821.6336790814578,1971.015753387692,2264.3265747990868,0.06000000000005912,N,T
DCB_se2_ag1_f_01_1,7804,UW1,2976,too,462.0664800491409,1334.4029636026294,2800.358719161613,578.1721072368305,1825.8389165486788,2764.0553978115195,578.1721072368305,1825.8389165486788,2764.0553978115195,0.10000000000002274,T,F
DCB_se2_ag1_f_01_1,7806,AA1,2977,far,835.822167286852,1411.4290200800967,2124.628504227296,846.5729565360516,1393.888856103323,2100.465256233081,827.458257360192,1423.053893634197,2143.7883998567077,0.08000000000004093,F,R
DCB_se2_ag1_f_01_1,7808,AH0,2978,away,477.27856754309846,1351.5776959575305,2103.5565523711757,561.2534325030837,1295.6035104247285,2382.20982472908,478.4371867963371,1351.562379859849,2108.5906534368482,0.029999999999972715,R,W
DCB_se2_ag1_f_01_1,7810,EY1,2978,away,561.7905594931873,1903.49316393177,2831.8062784809376,576.6450778266773,1735.267272369963,2811.9144460437315,566.5129921272944,1911.0817082501185,2805.448036512657,0.04000000000007731,W,F
DCB_se2_ag1_f_01_1,7812,ER0,2979,from,564.9618861855756,1203.6973794578291,2546.7415935774916,669.0985813743932,1683.9824874318538,2562.6519981016922,669.0985813743932,1683.9824874318538,2562.6519981016922,0.030000000000086402,F,M
DCB_se2_ag1_f_01_1,7815,AH0,2980,the,489.7075761700086,1862.5849941016681,3035.5214683064123,493.66370286157473,1847.0736742040635,3056.0857918692186,491.5458545192249,1866.8274147297373,3048.30389965333,0.04000000000007731,DH,S
DCB_se2_ag1_f_01_1,7818,UW1,2981,school,453.0231217075686,1088.0180649770011,2916.9156600568876,488.81248609283506,1201.2307320577088,2490.4515327488903,488.81248609283506,1201.2307320577088,2490.4515327488903,0.029999999999972715,K,L
DCB_se2_ag1_f_01_1,7821,OW1,2982,so,696.179441811986,1281.1366317881132,3104.9922057309072,898.2366450761126,1636.8263734883108,2565.6615533078434,898.2366450761126,1636.8263734883108,2565.6615533078434,0.08000000000004093,S,AY1
DCB_se2_ag1_f_01_1,7822,AY1,2983,i,1007.7462732752617,1565.4126295315164,2251.846100597723,1031.6279826968598,1629.8510766610248,2504.4853017346095,916.4977488605576,1749.6074371639234,2660.7016455494477,0.10000000000002274,OW1,W
DCB_se2_ag1_f_01_1,7824,UH1,2984,would,759.4554270286457,1312.8852088683052,2590.5235320597762,826.7351678480494,1465.7273987548426,2636.7118433598403,826.7351678480494,1465.7273987548426,2636.7118433598403,0.030000000000086402,W,D
DCB_se2_ag1_f_01_1,7827,IH1,2985,live,620.8820734064872,2117.037395736677,3200.7222485336133,639.1742236692419,1897.3212568842023,3158.730197099925,620.438596387804,2117.2976516215963,3201.2829855221735,0.03999999999996362,L,V
DCB_se2_ag1_f_01_1,7830,EH1,2986,there,656.1384313468216,1988.6162340555095,2946.6785307118157,656.2140798711807,1988.6983792114797,2946.783719658865,547.3788410015584,2045.8585027784711,3050.3758763631954,0.030000000000086402,DH,R
DCB_se2_ag1_f_01_1,7834,AO1,2988,walking,526.049211139655,1597.4339147817827,2249.0551341060586,571.7202036784756,1603.0832713878342,2318.543407915489,571.7202036784756,1603.0832713878342,2318.543407915489,0.029999999999972715,W,K
DCB_se2_ag1_f_01_1,7836,IH0,2988,walking,570.2160593954959,1508.6981564514676,2242.2527586493707,580.5854767742763,1434.2095613382874,2183.4133811071792,558.4337933053091,1571.0976646748863,2268.62439752157,0.030000000000086402,K,NG
DCB_se2_ag1_f_01_1,7842,AY1,2991,i,970.7626825236259,1780.13294160907,2370.1808154036057,968.339260734809,1751.1187211874155,2821.5382608656237,748.8495539637378,1936.2183532109182,2888.791593729901,0.10000000000002274,sp,L
DCB_se2_ag1_f_01_1,7844,IH1,2992,lived,656.6988743423012,1907.3189933314663,3165.7520156568057,665.4834471641713,1879.334083621795,2936.668405799746,655.8065486627705,1924.3724379660778,3230.2863668162777,0.04000000000007731,L,V
DCB_se2_ag1_f_01_1,7848,AY1,2994,i,1043.1869237726705,1775.5448253595796,2511.029941054154,1062.1614134824445,1783.9503348329722,2243.7325416433964,923.9649508791591,1914.3350891925704,2852.320129917886,0.10000000000002274,sp,L
DCB_se2_ag1_f_01_1,7850,IH1,2995,lived,616.6651466709441,2379.2700180803317,3260.176891833372,638.8063855897834,2361.2292129986868,3258.67862710234,580.0391161492322,2409.4140223121285,3277.055594658935,0.10999999999989996,L,V
DCB_se2_ag1_f_01_1,7853,AY1,2996,i,848.9716538073283,1914.282277691887,2647.55595379587,959.6617153498314,1833.4926955594126,2672.2126877474384,709.1389846292545,1944.5237550379175,2767.7193546156805,0.09000000000003183,D,L
DCB_se2_ag1_f_01_1,7855,IH1,2997,lived,514.4182679720243,2214.431289584669,3230.8291799024805,592.0599870866963,1908.9492759411955,3081.2942408227814,519.0541889699423,2244.994381799522,3242.5172228909228,0.049999999999954525,L,V
DCB_se2_ag1_f_01_1,7859,IH1,2999,in,753.2014329873771,2155.0965806315653,3290.3782284899526,770.5955835762454,2188.8998855755103,3267.367349259812,750.3311368139568,2203.9703911635506,2760.1258796081424,0.03999999999996362,sp,N
DCB_se2_ag1_f_01_1,7862,AH0,3000,the,695.1618996658724,2005.0232445002782,3307.3946945048638,695.379458686452,2005.3073317735511,3305.8633126249388,695.1385586950886,2004.9927659996497,3307.558989874566,0.029999999999972715,DH,N
DCB_se2_ag1_f_01_1,7864,EY1,3001,neighborhood,588.440134964829,2538.6259453209946,2990.2465262642545,658.1634561985568,2397.9309178267135,3343.03674468612,568.803119216504,2542.7994131614605,2959.9611145624253,0.10000000000002274,N,B
DCB_se2_ag1_f_01_1,7866,ER0,3001,neighborhood,620.1709126051845,1294.3436387724162,3180.6921085287727,641.5560105775858,1479.452689630771,3133.981137864255,641.5560105775858,1479.452689630771,3133.981137864255,0.08000000000004093,B,HH
DCB_se2_ag1_f_01_1,7868,UH2,3001,neighborhood,635.4307261801789,1514.357589692386,1839.1319560957363,647.8555730629215,1646.021060885394,2744.448912538041,640.825959356284,1796.6932508877874,3135.6646002931393,0.03999999999996362,HH,D
DCB_se2_ag1_f_01_1,7870,AH0,3002,and,570.4969676434874,1621.9810020732455,1928.39241215064,599.21283874169,1770.3138586783975,3137.253610582743,558.531421710169,1833.1617738836474,2345.0231920328542,0.029999999999972715,D,N
DCB_se2_ag1_f_01_1,7872,AY1,3003,i,855.6726197016383,1462.5216858205256,2513.8258845137298,885.1883497529301,1453.434512911861,2564.3361783377286,854.8401333176656,1613.290600282419,2451.9971172518626,0.07000000000005002,N,W
DCB_se2_ag1_f_01_1,7874,EH1,3004,went,644.7257775511731,1274.6551390806994,1982.6773565808537,650.596600937344,1118.7020337989009,2075.311424728075,619.3653693626886,1362.1378966240982,1943.1860415083004,0.04000000000007731,W,N
DCB_se2_ag1_f_01_1,7878,IH0,3005,to,475.6399822597358,1790.7685434386192,3112.233890231849,692.5637555370619,1877.995299133516,3011.104872369281,428.37568390821417,1893.6658305949577,3317.427791315463,0.04000000000007731,T,DH
DCB_se2_ag1_f_01_1,7880,AH0,3006,the,436.2209867652758,1722.5726969730842,2771.8346232804106,493.88221791535767,1824.5213407493377,3053.023860352212,493.88221791535767,1824.5213407493377,3053.023860352212,0.03999999999996362,DH,S
DCB_se2_ag1_f_01_1,7883,UW1,3007,school,481.41179810850366,1059.1243100290158,3218.4460453902034,493.56566311944607,1146.119044832046,3095.082952862626,493.56566311944607,1146.119044832046,3095.082952862626,0.04000000000007731,K,L
DCB_se2_ag1_f_01_1,7886,AA1,3008,cause,622.1638008355899,1646.5474012274456,2843.8590821076755,786.530909362798,1636.2002913849842,2841.595999878012,633.6259497906454,1735.3377147464992,2984.13952357311,0.06999999999993634,K,Z
DCB_se2_ag1_f_01_1,7889,AE1,3009,that,662.3169724303028,1865.579913084142,2656.9604057614615,667.9621844909433,1870.3628683130316,2656.368099699783,663.9678874806677,1909.6031644789623,2807.0774764716784,0.03999999999996362,DH,T
DCB_se2_ag1_f_01_1,7892,AH0,3011,and,611.6288134460428,1959.4044391250272,3040.6814742994015,747.765160737735,2040.974035719403,2941.6090355526735,603.5159584622635,2160.7799004540125,3153.7639618137664,0.07000000000005002,sp,N
DCB_se2_ag1_f_01_1,7895,AE1,3012,that,717.1663336315274,2042.6870709152615,2707.1560475340552,738.6916558300085,1957.6862053772124,2790.949572684427,653.2490612473723,2085.5346130018875,2245.696668098295,0.029999999999972715,DH,T
DCB_se2_ag1_f_01_1,7899,EH1,3014,when,577.9273795346611,1055.2596791209235,1943.0752354555896,617.5986984285825,957.1266808579321,2025.3794310674784,569.5187518117839,1380.5663391414028,1789.5129129934312,0.029999999999972715,W,N
DCB_se2_ag1_f_01_1,7902,IY1,3015,we,464.629445653304,1375.9871329131843,2621.013791316634,477.7798059019041,1438.1214720773128,2641.0568932078404,477.7798059019041,1438.1214720773128,2641.0568932078404,0.03999999999996362,W,W
DCB_se2_ag1_f_01_1,7904,ER0,3016,were,562.6519262253441,1557.2781545080152,2530.09462483844,604.335874717869,1524.4459882652177,2648.111758130111,536.6181938620456,1560.3554636259526,2335.6888576840465,0.03999999999996362,W,L
DCB_se2_ag1_f_01_1,7906,IH1,3017,living,641.2424580445797,1824.6962982905745,2497.968628813612,641.2361947744505,1820.243108403853,2429.912042309828,642.1793061391937,1860.7404844239286,1915.580234372358,0.03999999999996362,L,V
DCB_se2_ag1_f_01_1,7908,IH0,3017,living,598.9173521326978,1605.2744097181333,2097.2943227415917,603.6646719856516,1574.7322821943849,1957.8475846928638,597.8093256668591,1678.8298640189212,1842.0817321279844,0.029999999999972715,V,NG
DCB_se2_ag1_f_01_1,7912,IH0,3019,with,520.2032403917365,1336.5558005182886,2335.0866073985435,554.3930110915345,1358.0759523203274,2164.128283754314,435.1670599408694,1409.4275167022904,2516.742368183868,0.03999999999996362,W,TH
DCB_se2_ag1_f_01_1,7915,AY1,3020,my,925.4714945408762,1524.1117801521673,3034.9760431037553,1006.7620243921023,1508.5805663748915,2867.2358824599396,942.3662831751324,1643.9942951228525,2887.1282055469437,0.17999999999994998,M,AH1
DCB_se2_ag1_f_01_1,7916,AH1,3021,other,851.6880178751018,1793.2674240102951,3119.2017268940153,972.3509074915515,1697.1767762971224,2794.4900947019796,873.7025572570615,1810.3290058313894,3131.1785067219143,0.08000000000004093,AY1,DH
DCB_se2_ag1_f_01_1,7918,ER0,3021,other,596.1845564091507,1791.2245430823461,2974.9377574716414,645.5094150173009,1794.7084172515645,2816.9981545982455,565.62560319806,1822.666074813952,3019.199484008808,0.07999999999992724,DH,G
DCB_se2_ag1_f_01_1,7921,AE1,3022,grandmother,643.7952005448005,1564.9133171088595,1980.7002626457656,678.9386724177735,1905.7604648136632,2000.9660131075927,643.220874171387,1964.824783168252,1971.6516867107493,0.07000000000005002,R,N
DCB_se2_ag1_f_01_1,7924,AH2,3022,grandmother,701.9623122079464,1846.7717546467393,3042.4655603124497,710.0120846463727,1825.6327429281962,3014.6528261848807,635.3705503793286,1881.8776278968794,3123.982657179446,0.07999999999992724,M,DH
DCB_se2_ag1_f_01_1,7926,ER0,3022,grandmother,565.8545852868692,1990.9389279924974,2673.134541559028,910.4360003395338,1925.0315961563003,2375.510020833809,585.7474226225166,2061.6623526369767,3060.4144343251683,0.15999999999996817,DH,
DCB_se2_ag1_f_01_1,7929,OW1,3024,so,616.7497618126457,1356.22886972463,3244.9713373594686,662.4285572557638,1343.0761222769831,3190.238564191942,614.7473085881885,1358.6052567168488,3247.216866269087,0.029999999999972715,S,AH0
DCB_se2_ag1_f_01_1,7930,AH0,3025,a,668.6723244243497,1435.1385989425419,3115.638102452314,671.460176176996,1350.449158446839,3143.2462023340704,575.337316925039,1578.6533719963127,3225.817020933322,0.06000000000005912,OW1,L
DCB_se2_ag1_f_01_1,7932,AA1,3026,lot,914.9313912305724,1820.694249600037,3194.233870462048,914.9192476661259,1816.670542525075,3191.6137614513805,902.3287185920317,1872.291606975698,3185.2142920739047,0.07000000000005002,L,T
DCB_se2_ag1_f_01_1,7934,AH0,3027,of,692.5493870906754,2024.158754563064,2784.354931624677,721.0779494392269,1907.313282108177,2801.4542708653053,693.8644666309914,2025.5116478924656,2779.3848122714394,0.07000000000005002,T,V
DCB_se2_ag1_f_01_1,7937,AH0,3028,the,783.3051611893825,1832.3644962481603,3273.9283226213847,941.1804182500874,1935.7646637887894,3025.918003623516,941.1804182500874,1935.7646637887894,3025.918003623516,0.030000000000086402,DH,T
DCB_se2_ag1_f_01_1,7939,AY1,3029,times,807.2473400806077,1769.6142239223118,1951.5823914097614,878.1038597808346,1701.3232264588596,1918.686178950653,769.0609128246832,1832.7573855311796,1908.086168329548,0.07000000000005002,T,M
DCB_se2_ag1_f_01_1,7943,IY1,3030,we,521.5092797538101,2763.9530629075416,3203.380091381729,562.4357461819233,1572.5360638390976,2402.8228945588667,523.7213346875053,2762.7840251285434,3121.2288469434593,0.08999999999991815,W,HH
DCB_se2_ag1_f_01_1,7945,AE1,3031,had,650.6560951044562,2104.1689368612815,2329.912780991824,668.8380722110073,1947.6076663264748,2147.8701999950786,666.1280773600347,2101.280242079954,2290.7866341917925,0.03999999999996362,HH,D
DCB_se2_ag1_f_01_1,7948,AH0,3032,to,518.7602276440924,1754.9090650097874,3115.9532283371386,553.9542217932956,1780.6661727171104,3001.5501854751337,543.0089652713875,1953.304440828164,3286.7319606704305,0.049999999999954525,T,M
DCB_se2_ag1_f_01_1,7950,UW1,3033,move,532.2877612044539,859.685523992382,1938.117504856686,555.2832200180635,1534.414207873205,3307.57571299783,555.2579262287443,1537.176436343294,3308.36757128757,0.07000000000005002,M,V
DCB_se2_ag1_f_01_1,7952,IH0,3034,in,639.8034500825029,1834.7267700036082,2522.2121937397496,640.8716156821336,1821.6308584197045,2473.9132244639127,639.5432400309708,1834.4812695571252,2520.79042992085,0.03999999999996362,V,N
DCB_se2_ag1_f_01_1,7955,IH0,3035,with,658.023213899717,1515.8274323536298,3053.13617880226,671.7255802700197,1507.3080268805677,2954.830604509295,667.0555600073939,1526.3569809656283,2994.517232069466,0.049999999999954525,W,DH
DCB_se2_ag1_f_01_1,7958,AY1,3036,like,818.8711423028285,1991.2185738179342,2825.5729016593273,1034.620666788508,1874.4621244581779,2494.701611493828,654.4461466063266,2101.1345358292006,2364.446425531513,0.05999999999994543,L,K
DCB_se2_ag1_f_01_1,7963,AY1,3038,my,998.1962239389969,1967.9982145209121,2145.794105764635,1028.1553565076842,1822.0767796930245,2260.053722670696,921.169923561868,2018.2783367821173,2884.084615253214,0.10000000000002274,M,G
DCB_se2_ag1_f_01_1,7966,AE1,3039,grandparents,739.9409274357333,1916.8919792080717,2266.180749588535,757.9749218817741,1921.3514417657661,2338.4811340230685,751.9180565672671,1923.9944287136682,2399.6610975658446,0.05999999999994543,R,N
DCB_se2_ag1_f_01_1,7969,EH2,3039,grandparents,737.6408844495406,1544.118663539962,2173.9704911329877,737.002100777729,1583.3092579304562,2195.940190015448,721.4621164140469,1864.8251661530512,2525.58116367014,0.05000000000006821,P,R
DCB_se2_ag1_f_01_1,7971,AH0,3039,grandparents,584.4161913255311,1859.797470915079,2720.399292787267,733.2417965764347,1973.2222366717776,3009.0681702481447,733.2417965764347,1973.2222366717776,3009.0681702481447,0.05000000000006821,R,N
DCB_se2_ag1_f_01_1,7975,AE1,3040,and,694.5283928530439,1728.1358626100084,2542.1073478978165,702.3017075355674,1797.9591322902731,2295.41377078834,702.3017075355674,1797.9591322902731,2295.41377078834,0.029999999999972715,S,N
DCB_se2_ag1_f_01_1,7979,AH1,3041,stuff,572.2510516515921,1002.9036604196687,1881.2632227612216,599.3632227790628,816.2915852022091,2040.4504382123482,552.1527694149006,1844.1568556536363,2903.609887335968,0.029999999999972715,T,F
DCB_se2_ag1_f_01_1,7982,AA1,3042,cause,425.39616032961095,1707.8099090365229,3039.736256124381,478.7297318000097,1662.6548439886033,3200.4007133283776,424.1249415860466,1712.6963279935464,3064.714218221852,0.029999999999972715,K,Z
DCB_se2_ag1_f_01_1,7985,EY1,3043,they,540.4054272744503,2220.1365791621247,2978.69825857572,598.6241225338756,1120.659746760193,2443.205716290538,555.5378439813419,2259.588492755819,3033.2125296170148,0.07000000000005002,DH,W
DCB_se2_ag1_f_01_1,7987,ER1,3044,weren't,700.9617559396061,1588.125681734274,2011.9660266788092,761.7909330227122,1683.4870341295768,1968.8348592642055,727.3823613843464,1738.5077285132704,2033.66905124923,0.13999999999998636,W,N
DCB_se2_ag1_f_01_1,7992,EH1,3046,well,664.2307211615065,2104.7026943203846,3006.9368365359264,677.2509543939462,2043.4651019400917,3012.971679127606,664.7537340836934,2103.518630094106,3005.4174510538965,0.13999999999998636,W,L
DCB_se2_ag1_f_01_1,7997,AY1,3048,like,566.7881822748018,2050.3022546377606,3162.319135974782,629.939792898442,2020.2928692578441,3274.9207929930844,545.7338307168546,2116.827950046411,3073.9061636127312,0.029999999999972715,L,K
DCB_se2_ag1_f_01_1,8000,EY1,3049,they,487.50243617778517,1525.7728443915655,2313.3426224126683,494.2216331746497,1745.7464574934406,2205.214004202848,484.43788629684735,1847.8683236947286,2140.471149263582,0.03999999999996362,DH,W
DCB_se2_ag1_f_01_1,8002,ER0,3050,were,537.7486579866057,1656.585258887009,2718.210188119426,729.4218965812895,1842.6150558096258,3423.6786648703187,660.1786728492509,1870.7007774525482,3249.7868145746183,0.08000000000004093,W,S
DCB_se2_ag1_f_01_1,8004,IH1,3051,sick,583.4118479731446,2287.1831075302425,3116.5034099566547,624.6326451270876,2225.9246618183047,3085.9439295372176,486.60849546608773,2369.3460702699485,2852.387027413647,0.13999999999998636,S,K
DCB_se2_ag1_f_01_1,8009,OW1,3053,so,542.3787684554468,970.2477173696832,3366.814896594081,664.8518247899295,737.6817290662134,3107.2355264496705,620.5033615933366,1794.6715465541238,3023.963889461843,0.2599999999999909,S,sp
DCB_se2_ag1_f_01_1,8013,IY1,3055,we,571.3622281977221,2543.0173619247316,2890.6744058016525,596.9550458274639,2556.65428601415,2961.8795348510293,493.0632328159984,2733.1213236431918,2967.2954039111046,0.06999999999993634,W,HH
DCB_se2_ag1_f_01_1,8015,AE1,3056,had,674.5607991122063,2159.187234948754,2690.777712415928,678.4685210447371,2153.572866119918,2922.213859434747,676.2076258458578,2169.161667712815,2796.594661688532,0.07000000000005002,HH,D
DCB_se2_ag1_f_01_1,8018,AH0,3057,to,566.1397389051713,1474.7683687595897,2851.4215485763784,609.3073074166931,1734.0914850143213,2944.01018966615,574.9245152249125,1862.2435294508643,3062.0262563907804,0.049999999999954525,T,M
DCB_se2_ag1_f_01_1,8020,UW1,3058,move,512.1678918920685,903.5450557272108,2363.0791378262793,576.6045836988663,1318.3123492156283,2081.55074946904,576.6045836988663,1318.3123492156283,2081.55074946904,0.06999999999993634,M,V
DCB_se2_ag1_f_01_1,8022,IH0,3059,in,572.3343164361828,1265.4438147259443,1992.5223428618592,598.9178437799205,1266.5628623593457,2274.8516889058183,555.3633718710248,1274.307955431361,2099.017461139394,0.029999999999972715,V,N
DCB_se2_ag1_f_01_1,8025,IH0,3060,with,558.5839612400548,1811.6616825007416,3053.760967254338,570.7148058264744,1710.4734991622174,2929.4244800666797,508.6841439347508,1840.2978817754406,3040.5036028505674,0.049999999999954525,W,TH
DCB_se2_ag1_f_01_1,8028,EH1,3061,them,683.2477561974036,1895.760979255549,2620.025313983958,690.0819897249561,1651.8795741314955,2638.65532099802,652.4333250908401,2001.019913205164,3103.6230672041556,0.07000000000005002,DH,M
DCB_se2_ag1_f_01_1,8031,ER0,3062,from,515.2685391497248,1319.004206371387,2313.072122612298,728.979469983243,1570.1209322990185,2603.227084225717,728.979469983243,1570.1209322990185,2603.227084225717,0.08000000000004093,F,M
DCB_se2_ag1_f_01_1,8034,AY1,3063,time,968.0502822921136,1514.6838795398087,2345.112676077944,1054.5126743749831,1562.8348232698947,2380.5217014569994,1046.2478918167033,1594.5281244608075,2476.464411425233,0.11000000000001364,T,M
DCB_se2_ag1_f_01_1,8037,AH0,3064,to,466.88316082725134,1924.9873491886185,3055.707161219468,594.7814227021565,1862.7839197487913,3280.746625333811,564.0868725408511,1956.153088462737,3235.1072778948933,0.08000000000004093,T,T
DCB_se2_ag1_f_01_1,8039,AY1,3065,time,962.337703712989,1715.0378241701587,1850.590134759713,1024.1645810237135,1252.70470372189,1832.9663778125507,936.1315398360683,1773.1763109356455,1939.2225068078358,0.08999999999991815,T,M
DCB_se2_ag1_f_01_1,8042,AH0,3067,and,664.0246472313798,1858.1818538827683,2885.180163562293,667.9866951305868,1852.976772080405,2876.1382543141726,631.6741192852122,1895.6769110760392,3000.9996486800965,0.10000000000002274,sp,N
DCB_se2_ag1_f_01_1,8045,AY1,3068,like,829.1675460408784,1866.8124233675496,2667.08833293802,922.6807094906517,1602.6569475478118,2550.8429165054304,665.3877139532766,1886.0328960570048,2066.291970307474,0.07000000000005002,L,K
DCB_se2_ag1_f_01_1,8048,EY1,3069,make,633.5828863773627,2416.473954498118,2583.4694179843864,643.776527257232,2104.5627367871202,2546.199413228662,629.4240063292075,2464.2075639315462,2820.8621961571785,0.03999999999996362,M,K
DCB_se2_ag1_f_01_1,8051,UH1,3070,sure,582.0101664082824,1409.0753869871578,3300.4339139335525,620.0324897201858,1415.7750828881974,3310.423498593879,559.7505081963834,1691.532148436906,3017.3905089487903,0.029999999999972715,SH,R
DCB_se2_ag1_f_01_1,8054,EY1,3071,they,583.822583927483,2248.6580548522757,2864.2553959114207,613.5471224889592,1765.0845086957825,2315.440313980508,587.4053231795418,2253.7361061352462,2811.5336239680296,0.09000000000003183,DH,W
DCB_se2_ag1_f_01_1,8056,ER1,3072,were,569.4160816861271,1018.7010112344676,2550.902164451745,571.3668697198577,991.6036668975519,2620.8849281348857,565.8410672450276,1048.564605887789,2607.6757734081616,0.029999999999972715,W,OW2
DCB_se2_ag1_f_01_1,8057,OW2,3073,okay,533.254201871104,1044.773109894699,2698.8254017475083,655.6973916765317,1030.517886481717,2869.3168486916206,649.8156490958344,1551.6621611651901,2996.0654985173633,0.18999999999994088,ER1,K
DCB_se2_ag1_f_01_1,8059,EY1,3073,okay,645.8916921214532,1220.887517456903,2457.086488707035,672.8704694178545,1845.8800538806356,2557.0224484484297,660.3599663921597,2411.5435146802347,3329.594857077907,0.19000000000005457,K,sp
DCB_se2_ag1_f_01_1,8062,OW1,3075,so,581.9049699758823,1600.1012980978742,2570.810070086887,593.9098332980701,1550.9668352027252,2950.5607108155737,580.299088547144,1641.7694099458708,3048.5535686918224,0.03999999999996362,S,sp
DCB_se2_ag1_f_01_1,8065,IH1,3077,middle,659.7252567983286,1918.662545711107,3213.0905784772517,667.0842205251454,1870.4840512802793,3150.710772700602,658.323489006917,1919.1000165861367,3214.943691590466,0.06999999999993634,M,D
DCB_se2_ag1_f_01_1,8067,AH0,3077,middle,529.092689326232,1517.853346014845,3224.868125415631,581.5467323353807,1457.1881336852468,3182.3210161560983,523.1747937846699,1541.0615002181548,3233.1560314451226,0.030000000000086402,D,L
DCB_se2_ag1_f_01_1,8071,UW1,3078,school,463.61679121163894,1224.2422962384069,2827.5177188895113,522.0559317670818,1450.910105299628,2865.1508231068224,521.6725902356094,1467.7726888605239,2847.365481235402,0.029999999999972715,K,L
DCB_se2_ag1_f_01_1,8076,AW1,3080,now,845.9927025783488,1579.572373943307,3308.8206642003747,873.6828726033513,1712.6965350681646,3526.0704617359006,755.6617512930673,1958.0346270803966,3078.9076770001648,0.13999999999998636,N,IH1
DCB_se2_ag1_f_01_1,8077,IH1,3081,in,682.9856667317421,2142.379151559917,2916.619473121663,740.6661343395277,1984.7430816990234,3263.167685509121,616.5199166483624,2195.3773917588824,3129.017135151337,0.16000000000008185,AW1,N
DCB_se2_ag1_f_01_1,8080,IH1,3082,middle,679.5860627492895,1746.9377300109695,3271.1478023481486,719.8771800649866,1725.6956064856245,3226.579909800129,675.1634428926703,1746.9203879776635,3271.8854561009225,0.12000000000000455,M,D
DCB_se2_ag1_f_01_1,8082,AH0,3082,middle,534.390594575854,1305.7255625806445,2087.763147136665,602.8661535947069,1322.416648609756,2042.164553724121,384.89986975004234,1478.7195755236346,2253.5099150378537,0.08999999999991815,D,L
DCB_se2_ag1_f_01_1,8086,UW1,3083,school,526.3192187122655,1239.772564615076,2151.0566831447127,568.8826343507253,1346.8713818674328,2150.2001375348827,551.4457303582019,1520.766250842042,1946.5968432603129,0.029999999999972715,K,L
DCB_se2_ag1_f_01_1,8090,AE1,3085,that,721.7920243487077,1852.6755356115382,2228.55828176387,734.0741925208191,1850.449233411158,2506.2121641812037,687.8179869633801,1963.2603812902219,2631.965539369252,0.04000000000007731,DH,T
DCB_se2_ag1_f_01_1,8094,EH1,3087,when,648.0580095217699,1546.2926953351891,1582.8110039552432,650.6372870769186,1517.9359476036316,1647.1847358707603,649.1858314846028,1559.3395198861463,1598.349207726368,0.03999999999996362,W,N
DCB_se2_ag1_f_01_1,8096,AY1,3088,i,965.8833320810551,1448.4953326615737,2390.117386946129,1011.018758446311,1625.9684739903541,2018.5284014202325,1003.1494756067284,1630.075897272484,1976.4052777418929,0.1999999999999318,N,L
DCB_se2_ag1_f_01_1,8098,IH1,3089,lived,501.9922615949767,2012.415068333149,3049.8855224451772,525.5024539512103,2076.041078275844,2996.0821490908393,514.9146209185526,2086.0802252068993,3111.2984145094915,0.10000000000002274,L,V
DCB_se2_ag1_f_01_1,8102,IH0,3091,in,890.6083704982693,1744.707671935836,2886.960147803018,954.6400773379888,2033.53162622726,3308.207216616109,954.6400773379888,2033.53162622726,3308.207216616109,0.05999999999994543,sp,N
DCB_se2_ag1_f_01_1,8106,IH1,3093,this,630.0061932183378,2131.791547392985,3209.1993463619156,654.3445141952237,2098.057774029115,3155.2953888534407,571.8465266097236,2195.876175463175,3750.2043786921645,0.08000000000004093,DH,S
DCB_se2_ag1_f_01_1,8108,EH1,3094,area,580.0523414556627,1826.352692541641,2509.9635106320166,612.5431162755164,1993.183070063708,2516.339951731936,610.9726063796866,1984.2724280033901,2503.5394598689736,0.10999999999989996,S,R
DCB_se2_ag1_f_01_1,8110,IY0,3094,area,408.2041104533894,2551.6691159962957,2753.62129629612,546.3855303873542,2088.600593454321,2932.4900034973907,439.9326558598587,2619.4821724768212,2807.18076689546,0.12000000000000455,R,AH0
DCB_se2_ag1_f_01_1,8111,AH0,3094,area,503.3585908399871,2021.1424046791335,2805.0782462098387,592.8486924657296,1957.4303156685266,2948.664925971509,546.3855303873542,2088.600593454321,2932.4900034973907,0.049999999999954525,IY0,S
DCB_se2_ag1_f_01_1,8113,OW1,3095,so,694.9596590341772,1389.1896537628963,3117.948830483039,897.0170140566431,1589.0230653826638,2794.375422214375,676.1030691725146,1665.089302711042,3207.4604180106794,0.10000000000002274,S,AY1
DCB_se2_ag1_f_01_1,8114,AY1,3096,i,1014.3023333437999,1669.7293553344482,2509.052473243688,1017.9577093667748,1460.3283550529545,2397.637148489064,710.2244771973703,1874.1540728467653,2747.311860621053,0.17999999999994998,OW1,L
DCB_se2_ag1_f_01_1,8116,IH1,3097,lived,595.5885439804889,2055.667081266756,2952.5363039946683,627.3414143923094,2032.21710243775,2891.730181533592,580.863867103955,2065.892560569236,2979.899438080747,0.10000000000002274,L,V
DCB_se2_ag1_f_01_1,8119,IH1,3098,in,642.271893300779,2045.4368397372887,2856.2680393728865,667.6281615037732,1780.0161670197567,2227.5624225361103,640.7617343684473,2079.745082471118,2901.7382000390994,0.12000000000000455,D,N
DCB_se2_ag1_f_01_1,8121,AH1,3099,um,717.4156708839221,1333.4740399379307,2149.691630090096,891.1198086777123,1390.932494303055,2364.9859539282456,680.4248759722451,2001.5099482075468,2886.0797091344407,0.2799999999999727,N,M
DCB_se2_ag1_f_01_1,8124,AY1,3101,i,746.3367278990403,1754.9889758759,2630.313177612445,788.0926558946734,1803.242114486259,2469.263241357413,678.2610774132403,1871.99731145473,2680.7371313827043,0.11000000000001364,sp,L
DCB_se2_ag1_f_01_1,8126,IH1,3102,lived,434.0868038712798,2306.1561008757653,2641.2354298128907,659.0735401336107,1984.611486398326,2968.36418150711,428.61468436007823,2348.9718758447216,3154.2106293280985,0.14999999999997726,L,V
DCB_se2_ag1_f_01_1,8129,IH0,3103,in,714.3472920844919,1689.749398360854,2350.3860289630943,792.7022490018117,1672.8847497274132,2519.5548062447674,693.1611040127447,1743.221367317218,2625.445744316814,0.030000000000086402,D,N
DCB_se2_ag1_f_01_1,8132,AW2,3104,southeast,756.339427018377,1652.4696198246108,2758.326753327253,897.726102520081,1566.6215311586884,2568.796893938686,746.78609299414,1745.5086262434645,2773.7487442754577,0.03999999999996362,S,TH
DCB_se2_ag1_f_01_1,8134,IY1,3104,southeast,746.174007560585,1569.726989644364,2511.9929110981143,797.0845751711988,1550.7822310305903,2601.542694700354,738.0221144003201,1597.0164883586958,2543.165241272618,0.029999999999972715,TH,S
DCB_se2_ag1_f_01_1,8139,AH0,3106,and,616.8285977377134,1720.9256082192796,2632.058248979004,712.0472184348214,1605.8415441219727,2262.128321084062,628.7527361092386,1869.2276254865903,2954.033914327319,0.05999999999994543,sil,N
DCB_se2_ag1_f_01_1,8142,EH1,3107,then,679.286343512278,1767.755772307002,2063.145738553166,696.4209827743159,1721.3683816881064,2039.3008528853336,649.8552099708617,1785.0319265091953,2923.576361647802,0.029999999999972715,DH,N
DCB_se2_ag1_f_01_1,8144,AY1,3108,i,874.9669013677259,1746.6670570719432,1788.6102446926816,896.4620598334557,1793.5438808742567,1873.9315910932407,887.9697970772788,1796.5041906284227,1927.5173482544694,0.05000000000006821,N,M
DCB_se2_ag1_f_01_1,8146,UW1,3109,moved,535.4793846340536,1383.932339206875,2867.708214672122,655.959781716559,1428.6819163962168,1903.2489676306336,543.4406579941575,1522.0960104461276,2887.1520831491857,0.04000000000007731,M,V
DCB_se2_ag1_f_01_1,8150,OW1,3110,so,667.5004780158263,1398.30948409208,2619.417653200656,866.6355626517803,1653.5371042175857,2606.724882920636,866.6355626517803,1653.5371042175857,2606.724882920636,0.06000000000005912,S,AY1
DCB_se2_ag1_f_01_1,8151,AY1,3111,i,856.5884563835276,1673.919366130047,2579.156525743248,902.0457533173161,1712.0699058922396,2540.0513389632947,825.0020808358898,1798.466534553839,2725.542160235103,0.08999999999991815,OW1,L
DCB_se2_ag1_f_01_1,8153,IH1,3112,lived,615.3873273839523,2314.036438581568,2990.107190184754,620.3703384963885,2232.4169670719775,2917.6577075126297,615.0215639967491,2318.2377851874207,3086.0188119144063,0.08000000000004093,L,V
DCB_se2_ag1_f_01_1,8156,IH1,3113,in,610.7688824187072,2002.4980071625769,2768.2804904099676,614.7274175966528,2002.3099301962686,2564.0269502721876,604.9425585828285,2019.4746111551483,2649.8687430394393,0.04000000000007731,D,N
DCB_se2_ag1_f_01_1,8159,IH1,3114,ridgecrest,605.0753252066702,2135.6314609303245,2842.506962424414,610.4698540185117,2036.6072698214857,2628.147485622802,579.5351268213158,2330.036207107071,3116.3630320095494,0.11000000000001364,R,JH
DCB_se2_ag1_f_01_1,8163,EH2,3114,ridgecrest,777.0084519524696,1797.814070175108,2579.9317421709743,785.7483347264384,1814.7336884747913,2510.826008956805,682.6192243570023,1904.854813149777,2754.8981973349364,0.12000000000000455,R,S
DCB_se2_ag1_f_01_1,8166,AO1,3115,or,591.0274716915462,991.5246366170009,3057.5840097788127,671.8217863682903,1081.170749896229,2291.930694614219,669.1111100370905,1640.4924155157196,3352.661668096249,0.14999999999997726,T,R
DCB_se2_ag1_f_01_1,8170,AA1,3117,parkland,848.6896797527105,1468.9880606777933,2156.659631761301,856.4583147297155,1421.7546658500369,2095.358280006409,815.6411304500687,1551.7061245519194,2121.37192845905,0.03999999999996362,P,R
DCB_se2_ag1_f_01_1,8174,AE2,3117,parkland,679.1940229304773,2056.4881270174324,3140.2138925327754,785.5578589946431,1993.75820987595,2438.6426188103505,681.9975367744717,2096.5360797621133,3147.6080588258123,0.12999999999999545,L,N
DCB_se2_ag1_f_01_1,8180,OW1,3119,so,601.2370907561859,1084.293537982974,3159.482817096869,677.3114037611296,1745.6701728932858,3208.4713100322883,677.2274875484364,1745.19816917031,3209.306533657987,0.2199999999999136,S,sp
DCB_se2_ag1_f_01_1,8182,AY1,3121,i,922.8907270472664,1799.0432829392385,2380.8195597005893,945.8661232869946,1815.6098123120437,2322.018613876719,854.9032528123124,1831.058241309037,2573.825263739033,0.17999999999994998,sp,W
DCB_se2_ag1_f_01_1,8184,EH1,3122,went,687.5636913929944,1638.1555070592235,2855.947311056791,724.3009644868198,1260.624680134144,2348.578679790403,650.1943821455258,1709.273841245442,2851.1731980656887,0.03999999999996362,W,N
DCB_se2_ag1_f_01_1,8188,UW1,3123,to,427.3245836558301,962.106987062787,2947.4822709726936,596.8050851835342,1516.9745601114546,2892.9862714884525,499.1877969190704,1890.1690727218563,3082.2036874544847,0.2400000000000091,T,AY1
DCB_se2_ag1_f_01_1,8189,AY1,3124,i,588.4110068551549,1851.9162484472176,2297.066305904088,607.6228265325675,1923.4144805425012,3144.142117588064,602.8485865427747,1931.3802269704577,3119.415609840034,0.049999999999954525,UW1,sp
DCB_se2_ag1_f_01_1,8192,EH1,3126,went,638.9171719170647,1327.4316912690977,2416.9638725692953,639.3315665522464,1349.1165365824008,2449.4002097940365,615.2732947897965,1486.3018055808636,2485.2832530917717,0.030000000000086402,W,N
DCB_se2_ag1_f_01_1,8196,UW1,3127,to,483.7718933683867,1248.8744632279295,3039.4821788879353,760.6114377206994,1641.2467617954335,3468.7635898153485,760.6114377206994,1641.2467617954335,3468.7635898153485,0.03999999999996362,T,TN
DCB_se2_ag1_f_01_1,8200,AE1,3130,and,703.3216952367205,1786.0619473298198,2766.3597605082905,977.4867559308095,1707.6497562605102,2617.5007005157295,685.7415662443093,2029.8526296949894,2845.257037271949,0.08000000000004093,,N
DCB_se2_ag1_f_01_1,8202,AY1,3131,i,937.7973437038996,1811.2245298476175,2375.8961547885906,953.8445078742391,1810.3232284730652,2213.346115635816,755.9184371639491,1895.0281595963802,2835.622999299882,0.07999999999992724,N,D
DCB_se2_ag1_f_01_1,8205,EY1,3133,take,544.2937264854977,2103.172753765797,2961.994435556502,658.5555426066796,2039.906830458985,3168.7046057269604,519.6235499140503,2204.374567941626,2807.6616258337294,0.06000000000005912,T,K
DCB_se2_ag1_f_01_1,8208,AH0,3134,the,596.8809612630652,1495.3159092596654,2580.9444540626287,623.3786533101539,1662.7892007618127,2085.683953795961,550.535851436505,1740.5065156392932,2049.863599879326,0.05000000000006821,DH,B
DCB_se2_ag1_f_01_1,8210,AH1,3135,bus,766.9402355206261,1290.6975998514988,1867.979010875486,788.7168850892024,1702.832749959311,3172.698389115623,776.653770183273,1789.8938755051615,3192.4607659492444,0.12000000000000455,B,S
DCB_se2_ag1_f_01_1,8213,IH0,3136,to,534.6798632947541,1898.2277871431886,3252.525224069719,628.3462305206149,1944.1434403889514,3332.2878662611465,530.2577756791818,1948.4446645044977,3180.2936529414214,0.07000000000005002,T,S
DCB_se2_ag1_f_01_1,8216,UW1,3137,school,452.14901705870227,1456.024809655372,3295.1560820972472,473.8624468005415,1455.3753602183233,3133.048192159074,451.05904419620964,1456.1472051410565,3307.1985553949526,0.049999999999954525,K,L
DCB_se2_ag1_f_01_1,8219,UW1,3138,you,465.8397676738616,1846.4137274311895,2111.7894421044116,481.42360949253947,1885.9260112795414,3156.614862867018,465.5427263943768,2346.3375261405977,3133.275464788204,0.03999999999996362,Y,N
DCB_se2_ag1_f_01_1,8221,OW1,3139,know,693.1164413573557,1533.0343159750148,3307.811514408199,764.718947669815,1462.5200764629872,3242.0871386038207,619.6678054529349,1793.3958854266234,3209.064939368663,0.11000000000001364,N,sp
DCB_se2_ag1_f_01_1,8223,EH1,3141,every,835.3542343039683,1889.0641654723559,2785.777951305392,847.1624702981159,1963.2796375729847,2756.1500214421394,844.562445966467,1972.3365903450426,2783.584345290028,0.17000000000007276,sp,V
DCB_se2_ag1_f_01_1,8226,IY0,3141,every,434.6106071667286,1866.729615158116,2654.876539717346,455.5592417461195,1331.4899322153165,2724.0150518617847,447.432783622513,2375.6095765085793,3025.685659591702,0.029999999999972715,R,D
DCB_se2_ag1_f_01_1,8228,EY1,3142,day,602.0637289526305,1418.9201238297205,2352.412760725059,824.2671484647399,1573.1077138907008,2523.629803875359,744.3239760697421,2445.823229082379,3091.6148672423096,0.2899999999999636,D,
DCB_se2_ag1_f_01_1,8231,AH0,3144,and,698.8023730206963,2112.940993040623,2629.5198651544893,953.8604224106923,1786.7994100599597,2730.409235366337,685.2705865267552,2123.306671970068,2613.863167492613,0.04000000000007731,sil,N
DCB_se2_ag1_f_01_1,8233,AY1,3145,i,899.9501996462307,1715.112789750554,2369.186377958613,900.7630761632736,1665.982887158413,2341.387747127288,822.1308352029016,1845.5019949340522,2439.2143012410684,0.05000000000006821,N,W
DCB_se2_ag1_f_01_1,8235,EH1,3146,went,665.9929918985367,1653.433002209962,2855.0299356146643,728.8721636499043,1250.4237753401685,1979.8113919435891,634.7441767327658,1924.6417643532586,3166.9182639080987,0.03999999999996362,W,N
DCB_se2_ag1_f_01_1,8239,EH1,3147,there,581.0096832540437,2366.9076842112263,3185.399533183168,597.6867736491579,2282.575808931773,3092.230959787801,575.7813300580686,2369.368580220794,3192.680875834885,0.05999999999994543,DH,R
DCB_se2_ag1_f_01_1,8243,AH1,3148,from,782.0935634357588,1587.4832144747436,2160.604980206632,850.5704767214304,1526.5597104388623,1743.3677060900927,837.6864374534725,1651.189582611206,2086.5911805097594,0.10999999999989996,R,M
DCB_se2_ag1_f_01_1,8248,IH1,3150,six,590.4310047396385,2274.209373984159,3018.6565908242846,622.1224816696863,2268.0512404995397,3026.7116875813826,502.50594159129,2438.685653959516,3024.2549613070482,0.16999999999995907,S,K
DCB_se2_ag1_f_01_1,8253,AH0,3152,of,709.4211266662825,1886.9129232667617,3054.1013746407416,781.6744246098492,1826.957622071839,3021.6784580295325,718.6435022334476,1891.7579449434686,3056.178388105266,0.049999999999954525,sil,V
DCB_se2_ag1_f_01_1,8256,AO1,3153,course,591.158550303847,1026.8482107908148,2761.767463278632,599.0885742348095,1018.9096518429145,2771.5837891681736,559.3989791725581,1069.6873440181434,2999.733308163459,0.05999999999994543,K,R
DCB_se2_ag1_f_01_1,8262,AH1,3155,from,600.6181153911834,1360.965171706892,2014.4710521813354,621.9686281757987,1328.6650036564577,2037.359682349282,595.1370718434052,1445.3873583013792,2193.918223784425,0.029999999999972715,R,M
DCB_se2_ag1_f_01_1,8265,IH1,3156,sixth,541.5790990335541,2150.8533443682954,2804.9417010956317,547.9397238033948,2174.13859704003,2752.4202406007616,538.9167913610769,2256.0058455794997,2520.4312793746863,0.05000000000006821,S,K
DCB_se2_ag1_f_01_1,8270,IH0,3157,to,603.316017302401,2014.8996050474154,2847.383675525883,629.8379281288251,2145.824600853025,2855.417963507097,629.8379281288251,2145.824600853025,2855.417963507097,0.03999999999996362,T,EY1
DCB_se2_ag1_f_01_1,8271,EY1,3158,eighth,561.8389772364874,2526.3606990219982,3098.2011506931544,653.2724101038208,2145.360092069905,2658.6522833180934,570.9855331350901,2577.3392691514564,3083.4259872912007,0.18000000000006366,IH0,TH
DCB_se2_ag1_f_01_1,8275,EY1,3159,grade,549.9786024163968,1481.8257340865994,2447.5207974672835,595.6250869805856,1835.9683717683183,2213.2843144843614,468.59116525806473,2519.1350502022838,2646.9307794796964,0.11000000000001364,R,D
DCB_se2_ag1_f_01_1,8278,AE1,3161,and,652.1351254484058,1571.1436917988692,2381.8402620496986,824.9247027332932,1820.5769506261965,2815.8504178068965,653.6825805157811,2296.8111665724155,3386.3991647481103,0.09000000000003183,sp,N
DCB_se2_ag1_f_01_1,8281,AY1,3163,i,1097.4496163860144,1863.2963422362668,2594.0492742363313,1121.0558800172214,1864.0126098768349,2343.366256908534,888.6155810767959,2114.9928443427893,3002.901474696315,0.15999999999996817,sp,W
DCB_se2_ag1_f_01_1,8283,AH0,3164,was,525.4480717386015,1408.5484831003862,3036.3995964463757,567.6761634461534,1417.0897162835406,3088.618861757621,551.0163807382257,1480.2573282771566,3091.119128296456,0.029999999999972715,W,Z
DCB_se2_ag1_f_01_1,8285,AE1,3165,actually,928.4053374676996,1856.135541009311,2000.069641478284,931.3665191598765,1769.5352536896723,2198.1204908412024,829.3391223541674,2025.5366155362626,2833.0110010055205,0.09999999999990905,Z,K
DCB_se2_ag1_f_01_1,8289,IY0,3165,actually,526.9387963377877,2293.8610053014418,2957.6209662513666,545.9477719394314,2008.0275972204402,2903.704578641045,527.8062052231664,2303.138057391775,2943.017545403831,0.06000000000005912,L,DH
DCB_se2_ag1_f_01_1,8291,AH0,3166,the,612.905406738845,1700.4538268617978,2806.1289383679646,624.818467051412,1688.0347518521962,2774.489476057702,541.9947022392765,1850.9080153230566,2824.5258413285414,0.08000000000004093,DH,F
DCB_se2_ag1_f_01_1,8293,ER1,3167,first,643.0920603374576,1907.9833875284037,2333.7315721624823,643.1498806804834,1902.9531852279868,2320.5243679542623,640.0348429435198,1918.626855021283,2361.450992978112,0.12000000000000455,F,S
DCB_se2_ag1_f_01_1,8297,AE2,3168,valedictorian,931.3188824964758,1712.9592974245138,2717.3418525464494,935.1910459332044,1740.1727814215687,2708.921237664039,844.785105871449,1773.4304624378767,2496.9440483889057,0.049999999999954525,V,L
DCB_se2_ag1_f_01_1,8299,AH0,3168,valedictorian,605.7365846028114,1983.2134116310815,2122.5261832821766,640.2814271879175,1740.796047846846,2785.949871347637,605.5431541181657,1992.3216355475884,2133.279425489573,0.049999999999954525,L,D
DCB_se2_ag1_f_01_1,8301,IH2,3168,valedictorian,480.156403538312,2258.5582518533943,2690.3787205918893,634.5095627956831,2132.9725339926345,2760.1704282423498,488.2551919456375,2310.0018965786676,2702.60384373458,0.04000000000007731,D,K
DCB_se2_ag1_f_01_1,8304,AO1,3168,valedictorian,679.7778935190673,1366.6156105601708,2403.5135226716684,1091.5595092915555,2033.4001645483131,3412.3918892561583,1091.5595092915555,2033.4001645483131,3412.3918892561583,0.029999999999972715,T,R
DCB_se2_ag1_f_01_1,8306,IY0,3168,valedictorian,582.3608589673116,2195.801667526068,2351.283748470035,591.4115263421338,2159.628567922467,2268.0796505499916,583.8770196829181,2215.7216188084517,2343.2805673690755,0.029999999999972715,R,AH0
DCB_se2_ag1_f_01_1,8307,AH0,3168,valedictorian,618.8547131049198,2103.2956103165707,2317.9263442976567,619.5400693765606,2127.39054658499,2301.484090601089,591.4115263421338,2159.628567922467,2268.0796505499916,0.029999999999972715,IY0,N
DCB_se2_ag1_f_01_1,8309,AH0,3169,of,638.7649090080723,1829.0005920661367,2571.408752283812,639.8140970449796,1831.085164130707,2635.387823890661,600.8620511850047,1848.5719512846058,2587.0232161733234,0.03999999999996362,N,V
DCB_se2_ag1_f_01_1,8313,AH0,3171,the,463.10949736180453,1798.5180093760782,2917.5561025028182,523.3654725998658,1871.760094605082,2746.190342754258,515.8298983929338,1964.599821092953,2303.488323169618,0.03999999999996362,DH,S
DCB_se2_ag1_f_01_1,8316,UW1,3172,school,439.3904141984985,1372.1779720561233,2838.0818571259347,491.5065050377709,1426.1068912518163,2695.026046925307,486.9956307721198,1476.090780699024,2929.6835384615615,0.13999999999998636,K,L
DCB_se2_ag1_f_01_1,8320,UW1,3174,woot,530.282291134455,1198.0455500497003,2932.6902411008887,554.569079760234,1196.7115025191022,2928.8471667127337,534.2768446134829,1674.877508423403,3032.222298937027,0.10000000000002274,W,T
DCB_se2_ag1_f_01_1,8324,UW1,3176,woot,478.8152011391244,1247.3063181629618,2852.594074682289,485.3665511009217,1309.3093098501258,2845.2954190803566,482.96794900014254,1395.0206034827183,2909.1369640985718,0.12000000000000455,W,T
DCB_se2_ag1_f_01_1,8330,AE1,3179,yeah,483.4753089947291,1926.8535121565544,2661.2031655018113,732.6002624091445,2059.592236512097,2449.0564377276914,732.6002624091445,2059.592236512097,2449.0564377276914,0.08000000000004093,Y,
DCB_se2_ag1_f_01_1,8334,AE1,3181,thank,683.5615675645832,2219.43592470711,3033.3737574525444,685.3968307762734,2134.929260631118,2915.6021067122547,638.3229028741272,2399.5656439434515,3043.4674886881603,0.09000000000003183,TH,NG
DCB_se2_ag1_f_01_1,8338,UW1,3182,you,445.1672051861354,1982.9481816577406,2902.3287210174926,511.42749638131323,2368.540496947823,2996.352726339744,503.09384540210027,2597.6584243494635,2843.6461930179453,0.06999999999993634,Y,AE1
DCB_se2_ag1_f_01_1,8339,AE1,3183,and,540.2398516605745,2371.1391758812533,2962.0128763866473,692.1755945328163,2102.2459582693787,2624.8196665297687,535.9426229689918,2377.8854631627282,2966.376839126408,0.13999999999998636,UW1,N
DCB_se2_ag1_f_01_1,8341,AH1,3184,um,790.9329758990642,1727.1665440462857,3012.028594534756,926.0694749956881,1433.261239307873,2676.803521480781,766.6826025232195,1773.139564582075,2973.7580010070456,0.14999999999997726,N,M
DCB_se2_ag1_f_01_1,8344,AY1,3186,i,1006.8619402208502,1656.0503511762047,2322.168683490054,1089.6552371617859,1669.0324091384525,2312.515826226139,861.8119261620395,1697.3735011918523,2636.285717762131,0.2300000000000182,sp,AY1
DCB_se2_ag1_f_01_1,8345,AY1,3187,i,1011.7049953693717,1705.6681957758215,2318.636704103895,1028.0752297662134,1634.8667210324897,2211.7980792699527,910.6817546120016,1771.5362225761394,2452.4083607369816,0.18999999999994088,AY1,R
DCB_se2_ag1_f_01_1,8347,IH0,3188,remember,670.0985374150164,1303.0143926765222,2624.813062325076,678.6342985149803,1331.486450073011,2616.937480164247,624.0101446697811,1329.3119701823355,2463.1527105365253,0.05999999999994543,R,M
DCB_se2_ag1_f_01_1,8349,EH1,3188,remember,679.1734114957601,1712.7325942153532,2325.075822736498,695.445221955793,1496.509250518497,2588.338782854903,672.4512643556875,1737.8275308155203,2608.5610814852766,0.049999999999954525,M,M
DCB_se2_ag1_f_01_1,8352,ER0,3188,remember,598.4444977434028,1762.4860670501525,2627.805081027234,676.5624141266018,1666.5330703335837,2404.2040553934808,599.1366959322819,1785.0324533205217,2178.4961877858373,0.12999999999999545,B,AH1
DCB_se2_ag1_f_01_1,8353,AH1,3189,uh,836.1417369991254,1683.281063763929,2959.5736633945717,841.5378370660702,1662.817821792146,2940.0638104644213,751.1305251604191,1735.793238048152,2526.1114028701,0.19000000000005457,ER0,AY1
DCB_se2_ag1_f_01_1,8354,AY1,3190,i,985.4762487238362,1813.0292616559323,2624.055153464169,1101.0138879515723,1849.5708350754242,2500.2560079167165,963.1690496754753,1850.6012050539687,2605.4557242681663,0.2300000000000182,AH1,G
DCB_se2_ag1_f_01_1,8356,AA1,3191,got,857.2022790610587,1559.3846718426703,2221.080013392113,967.2200316213887,1485.8254517190271,2175.9059511347314,880.9432565051852,2151.074395111334,2170.3580793613937,0.10000000000002274,G,T
DCB_se2_ag1_f_01_1,8359,AY1,3193,i,935.2824666341486,1262.0060718185996,2421.5947347842093,1009.9402624259262,1770.737001914539,2441.267521549713,640.1665425008482,2457.5386965264975,3165.108393311994,0.09000000000003183,sp,G
DCB_se2_ag1_f_01_1,8361,AA1,3194,got,824.8029006969938,1881.8365037827898,2449.405065991778,884.7997769393766,1852.8738947551321,2527.7772199976225,722.5440367166044,1984.8112932737251,2349.9753765248724,0.06999999999993634,G,T
DCB_se2_ag1_f_01_1,8363,IH0,3195,in,682.6398699510229,1666.8266887820728,1941.3266374665652,705.3749919914602,1541.767685435986,1920.8725870119831,673.0265553702314,1732.8934697902214,1929.2821670462154,0.030000000000086402,T,N
DCB_se2_ag1_f_01_1,8366,AY1,3196,my,873.4488549117452,1579.7267499287375,2666.507526975169,894.654917008518,1541.483958559395,2748.3683439030656,844.138478855449,1648.2767829027634,2715.143028012653,0.09999999999990905,M,F
DCB_se2_ag1_f_01_1,8368,ER1,3197,first,649.0740475154806,1624.317022465265,2221.0726374514757,698.591085158636,1478.4403095263492,2111.7296608671377,696.9006711688179,1642.0160714225385,2220.6088675451015,0.06000000000005912,F,S
DCB_se2_ag1_f_01_1,8371,AY1,3198,i,724.7807143445791,1830.0140730649198,2582.4303251493675,1003.600264895629,1753.8751167005805,2552.2244166597516,760.5198532735521,2322.292982845204,2581.0693484303106,0.049999999999954525,T,G
DCB_se2_ag1_f_01_1,8373,AA1,3199,got,818.6060224726369,1813.2923332567007,2890.365059926202,856.4787634747012,1812.7201343198788,2851.8562931398965,738.0241016255314,1909.5943744772007,2958.657231069493,0.04000000000007731,G,T
DCB_se2_ag1_f_01_1,8376,AH0,3200,suspended,791.278376103386,2060.6784480663005,3233.895865075328,893.4583954641764,2169.462919883128,3378.4291533200962,891.5863015881508,2175.646678929952,3411.665627665328,0.03999999999996362,S,S
DCB_se2_ag1_f_01_1,8379,EH1,3200,suspended,545.5018801448107,1921.8775678394584,2623.1345108264127,548.5002903468854,2001.2898363640218,2692.8679243612282,549.0187897034797,2014.3569707198835,2790.3960068731244,0.03999999999996362,P,N
DCB_se2_ag1_f_01_1,8382,AH0,3200,suspended,634.2715502784789,1855.339774974278,2988.731531241674,629.6281494311106,1906.7635696631953,3029.5439928148767,575.2363386655538,1958.315370357758,3030.8493657100134,0.03999999999996362,D,D
DCB_se2_ag1_f_01_1,8385,AO1,3201,for,607.7375392135754,1051.4667458705244,2619.0530086866993,633.4574436238518,1182.7873708942686,2652.4410700776084,633.4574436238518,1182.7873708942686,2652.4410700776084,0.029999999999972715,F,R
DCB_se2_ag1_f_01_1,8388,AH0,3202,the,553.3666159786987,1442.000231149581,2591.389402971449,592.1779739713684,1496.31549032394,2600.5074344770733,566.0046834694174,1535.236577079411,2606.3118781272697,0.06000000000005912,DH,sp
DCB_se2_ag1_f_01_1,8391,ER1,3204,first,655.2774157554544,1523.924654721374,2137.3579872802115,669.049950094798,1471.2436149693608,2021.5039451673742,623.5322775338453,1874.0832044012166,2102.5942462693347,0.11999999999989086,F,S
DCB_se2_ag1_f_01_1,8395,AY1,3205,time,857.2012127937156,1798.2444345990828,2696.5891701094815,898.7792623349338,1749.6236933243288,2487.855286475895,885.4799001121179,1863.9789552970556,2832.3824025684994,0.22000000000002728,T,M
DCB_se2_ag1_f_01_1,8400,IH1,3207,when,632.6439886316058,1568.4373986060157,2889.9150951765355,638.2051264232728,1582.1490150871045,2906.2753457662025,638.011867321767,1581.8963670059175,2909.946952020741,0.030000000000086402,W,N
DCB_se2_ag1_f_01_1,8402,AY1,3208,i,960.102093582655,1740.854562516182,2802.433670060668,982.9177923814366,1827.5929650944333,2956.3093013307043,913.5830743825179,1876.362809613814,2446.237899646227,0.11000000000001364,N,W
DCB_se2_ag1_f_01_1,8404,AH0,3209,was,533.312732918167,1606.4283020897021,2963.4232918230855,583.0397934231733,1598.4639798993082,2920.396133271805,570.9369214524276,1628.2369030965365,2897.101769564083,0.03999999999996362,W,Z
DCB_se2_ag1_f_01_1,8406,IH0,3210,in,597.726284503842,1968.9058868797495,2798.11959152573,609.8178364552649,1907.3706049267582,2624.3499096646897,608.4135674482934,2007.7402253235068,2716.910093793402,0.05999999999994543,Z,N
DCB_se2_ag1_f_01_1,8409,AH1,3212,um,721.9524546517356,1582.6414463827803,3150.7491645672285,783.4212001057335,1580.2170483714938,3095.458118346652,686.1223353010807,1853.992448050926,3219.622812542868,0.3100000000000591,sp,M
DCB_se2_ag1_f_01_1,8413,EH1,3214,when,591.6861316250989,1198.3356381077033,1957.7253244694596,590.9781263940398,1203.7758179972504,1957.383652038796,461.42737988811473,1519.6133222287795,2005.2278177665717,0.029999999999972715,W,N
DCB_se2_ag1_f_01_1,8415,AY1,3215,i,934.2098146478712,1420.4714799834476,2279.862860602253,933.4134540485691,1471.9808798015251,2311.2879735462725,845.8687005122006,1894.8273379400216,2456.783940962534,0.08999999999991815,N,W
DCB_se2_ag1_f_01_1,8417,AH0,3216,was,555.6025161750939,1550.1019490856127,2795.0224848346706,563.5508392116934,1470.2206858460856,2577.329415721431,505.93991370498344,1639.7274502722,2951.327145650391,0.029999999999972715,W,Z
DCB_se2_ag1_f_01_1,8419,AE1,3217,at,583.6391614374853,960.910288584435,2143.472710550224,651.1233560372128,1765.921500643868,2711.6440535041893,615.6461232199507,2067.9694748824422,3121.876387573372,0.08000000000004093,Z,T
DCB_se2_ag1_f_01_1,8423,IH0,3219,because,503.2294421925288,2622.59298287355,3322.371333646616,513.2399477978413,2620.5524700185615,3276.6932568225793,501.9669541787807,2660.3175740969455,3215.9499034670644,0.06999999999993634,B,K
DCB_se2_ag1_f_01_1,8425,AH1,3219,because,669.7430541169022,1740.1848324450393,2434.4573075113085,670.0787352934416,1739.7472571787816,2337.1253961170796,639.9891937424732,1905.0825769745256,2773.9870008598127,0.05999999999994543,K,Z
DCB_se2_ag1_f_01_1,8427,AY1,3220,i,933.3482457767816,1466.7315500385619,2631.0010932770747,1023.2773356218206,1580.8929579593937,2520.9200412164387,848.4443326083489,1763.728253714075,1874.9717305681834,0.11000000000001364,Z,F
DCB_se2_ag1_f_01_1,8429,AO1,3221,fought,666.5234076411565,1219.282142683674,3092.716824207793,680.613458883673,1435.6815433457546,2886.9380895412737,671.4514013644617,1537.6932563942673,2965.172564101771,0.06000000000005912,F,T
DCB_se2_ag1_f_01_1,8431,AH0,3222,a,544.439723137436,1774.58669654189,2929.4238732409967,658.3005245656321,1766.547811509306,2954.1411794483893,632.6049424211483,1912.035563442855,3010.5380064257342,0.06000000000005912,T,G
DCB_se2_ag1_f_01_1,8433,ER1,3223,girl,613.3737327311544,1477.3014138266367,1843.2366890728958,625.5083350822304,1689.473879066178,2082.0758868348125,625.5083350822304,1689.473879066178,2082.0758868348125,0.14000000000010004,G,L
DCB_se2_ag1_f_01_1,8437,AH1,3225,but,626.5398782134469,1683.6574366601753,2874.349832905351,748.2655716414819,1657.7491357574897,3137.572701567785,625.8407854822991,1683.0383336474986,2804.1757947973365,0.049999999999954525,B,T
DCB_se2_ag1_f_01_1,8439,AY1,3226,i,1061.1329929482704,1689.0708614527073,2963.110481915193,1128.3872402788443,1729.8722494907172,2878.3211269697067,1066.3088193449978,1907.2307735132233,3031.852479460323,0.12999999999999545,T,F
DCB_se2_ag1_f_01_1,8441,AO1,3227,fought,618.0112635601256,902.4566545365981,3215.8016984592714,644.0180793262987,1136.4429851230461,3080.804234373931,611.2683221663156,1181.0458778930304,3295.071587343239,0.11000000000001364,F,T
DCB_se2_ag1_f_01_1,8444,ER1,3228,her,697.5431793276119,1371.0415840429273,2132.798777740461,754.0679690138381,1398.2879417092474,2519.3094126753303,718.3373167180212,1407.6116101639225,1908.2151500141476,0.10000000000002274,HH,sp
DCB_se2_ag1_f_01_1,8446,AO1,3230,all,639.2218030284021,942.0989161262747,3240.7102782937836,843.8030403343927,1065.4373384752935,2414.0038259477797,720.5871394333883,1489.2461867541003,2628.9252229122703,0.34000000000003183,sp,L
DCB_se2_ag1_f_01_1,8449,AH1,3231,the,560.687371200732,1114.4188365393914,3117.895471190379,574.3674548868513,1400.666775373353,3176.5930039732143,574.4257092371654,1405.2074258452747,3165.3170075480566,0.06000000000005912,DH,W
DCB_se2_ag1_f_01_1,8451,EY1,3232,way,562.8023516679065,1948.8481137614133,2779.4938521150784,578.162045269881,2217.3043681108734,2948.0354341982106,539.5312354552109,2679.0600493018032,3066.150767973971,0.12000000000000455,W,D
DCB_se2_ag1_f_01_1,8453,AW1,3233,down,857.522113212571,1644.959853839453,1929.6390146098179,860.7830681107074,1652.3073777964476,1881.7526689956649,658.4603463241817,2310.6933785500732,3099.1893009754244,0.15999999999996817,D,N
DCB_se2_ag1_f_01_1,8456,IY0,3234,the,465.20860551430684,2071.3931021638928,3068.1335291578807,558.4150819667743,2076.409308594678,3038.071102144016,499.9720337088521,2099.9285970414876,3060.652865539902,0.049999999999954525,DH,S
DCB_se2_ag1_f_01_1,8460,IY1,3235,street,510.0592033178436,2401.600373858717,3369.3643606967457,584.5713057203902,2603.6321196047998,2947.9616741531827,489.1429507585571,2914.501243794795,2948.660251823427,0.12000000000000455,R,T
DCB_se2_ag1_f_01_1,8463,AE1,3237,and,652.1241043855072,2539.8121247895833,3239.222551396419,664.6296535391378,2459.9329732386673,3401.097011864661,592.3321217797591,2601.4672127204835,3040.542904725693,0.12000000000000455,sp,N
DCB_se2_ag1_f_01_1,8466,AE1,3238,that,660.988508582156,1926.6583952553074,2857.7427759067364,680.2929084099338,1980.461237217674,2953.1177764835493,646.9936771083145,1982.629070315772,2850.4774362781363,0.05999999999994543,DH,T
DCB_se2_ag1_f_01_1,8470,IH0,3240,because,517.6172497997845,2273.7031259486967,2762.623167105469,585.9898964174336,2320.8696735419308,2781.6857210833896,548.5228889847895,2415.3373695657438,2754.569278654416,0.08000000000004093,B,K
DCB_se2_ag1_f_01_1,8472,AH0,3240,because,597.9050547718833,1921.6251043107745,3741.9810996988813,597.3388319099533,1920.1732863424375,3715.7340944086013,532.5227902702419,2144.561862671941,2930.1320268253767,0.09999999999990905,K,Z
DCB_se2_ag1_f_01_1,8476,AH1,3242,but,457.4826457409782,1498.4340825694078,2774.0950427391526,487.5435282454505,2158.4776092517295,3297.047120254609,487.5435282454505,2158.4776092517295,3297.047120254609,0.030000000000086402,B,T
DCB_se2_ag1_f_01_1,8479,IY1,3243,she,473.20839345764364,3011.8564780395564,3064.6394382191243,528.9847876435803,2938.592692103188,3345.798803370193,456.2815493393298,2996.367742967803,3467.98930906898,0.08999999999991815,SH,HH
DCB_se2_ag1_f_01_1,8481,IH1,3244,hit,536.7660009163343,2419.5519120827425,3345.9080921893287,586.6559675662228,2508.8121782246612,3368.814144068134,526.8602404828507,2779.048361178941,3220.135784246255,0.13999999999998636,HH,T
DCB_se2_ag1_f_01_1,8484,IY1,3245,me,442.0953437268432,2288.4599710347766,2995.0230252441575,543.5547047946675,2569.2950223657904,3001.619430332398,503.41143761174294,2825.8580383836165,3042.9122206057273,0.14999999999997726,M,
DCB_se2_ag1_f_01_1,8488,AY1,3247,like,546.1633837471683,2271.2644990751323,2973.5456334143373,597.3702760018034,2062.7358273952623,2937.6364225199027,545.0493093978434,2274.3012092063104,2970.0363261902376,0.029999999999972715,L,K
DCB_se2_ag1_f_01_1,8491,IY1,3248,she,495.5469229613165,2335.2197640866348,2991.270418927352,562.2722931153345,2101.7700431563917,2918.0620360763323,526.7893962654756,2450.862625027138,2996.7637761990204,0.10999999999989996,SH,Z
DCB_se2_ag1_f_01_1,8494,AY1,3250,like,799.9684122632285,1871.1824076676967,3179.370373090909,848.3486476404577,1742.136939881767,3131.5996124847393,679.5983649143134,2054.344428698347,3022.0849586008367,0.06000000000005912,L,K
DCB_se2_ag1_f_01_1,8498,AH0,3252,legit,500.5341528213759,2008.7133522779575,3078.422024617397,639.587950047217,1630.6579437004464,3093.6692183374807,421.01054843726877,2049.949342274485,3296.4714813843902,0.09000000000003183,L,JH
DCB_se2_ag1_f_01_1,8500,IH1,3252,legit,531.4097402771544,2265.4100753658945,3037.727207481495,549.5889730840461,2363.1081760901584,3133.90272853676,543.1818582258826,2396.2102238329753,3003.701850379559,0.12000000000000455,JH,T
DCB_se2_ag1_f_01_1,8504,AE1,3253,slapped,1059.1968304466263,1749.986119541387,2687.9429733478023,1153.3590871144447,2001.9984989110828,2632.1527365994016,1139.3510503269881,2008.8332423989668,2518.2867129222495,0.07999999999992724,L,P
DCB_se2_ag1_f_01_1,8508,IY1,3254,me,429.57657123805234,2792.593127379825,2997.3830981321757,553.0646067347539,2719.6685372882357,3158.958378249441,417.24943210326893,2875.5764115676375,3733.857084873459,0.09000000000003183,M,IH1
DCB_se2_ag1_f_01_1,8509,IH1,3255,in,570.9629479209923,2451.753095487155,2942.0402624024196,618.5629828046839,2283.130297128113,3109.8565820380795,552.4415558219567,2659.966412561742,3097.167005347935,0.049999999999954525,IY1,N
DCB_se2_ag1_f_01_1,8512,AY1,3256,my,922.6654680985221,1587.1190166837366,2614.8629587413316,1005.3064381338799,1615.3802980346309,2800.072926418215,903.0637082964341,1720.1299648798067,3125.891740690967,0.12999999999999545,M,sp
DCB_se2_ag1_f_01_1,8515,EY1,3258,face,528.0430675253871,1919.122154094505,2827.481433268445,668.7648415223248,2324.955465072188,2994.7916948473044,522.3679187394749,2749.4208111412836,2922.10051384531,0.22000000000002728,F,S
DCB_se2_ag1_f_01_1,8519,IH0,3260,because,439.784826805816,2585.486929735533,3024.3563012613345,585.3878787950323,2795.249135592538,3296.8786928484196,516.7780486345974,2832.7186645834363,3268.3437276672516,0.11000000000001364,B,K
DCB_se2_ag1_f_01_1,8521,AA1,3260,because,783.35482297354,1527.8701714375898,2522.8744379453874,844.0660318836653,1727.491676841079,3713.7270135865606,723.4843229045877,1949.3655866757904,3882.144890200408,0.14999999999997726,K,Z
DCB_se2_ag1_f_01_1,8524,IY1,3261,she,622.0800312789573,2446.380725272817,3213.597461547478,676.2189465840746,2439.4734507515946,3187.1663736722267,609.4908544241546,2473.85048652558,3232.3844648382315,0.06999999999993634,SH,D
DCB_se2_ag1_f_01_1,8526,IH1,3262,didn't,651.2470819900345,2263.5440977950025,3354.048357794907,656.8037176425429,2265.689440358226,3288.1182265627044,644.4132912146655,2311.053296465444,3363.180051107065,0.06999999999993634,D,N
DCB_se2_ag1_f_01_1,8530,AY1,3263,like,839.9993733376026,1995.5092749541623,3037.70530203713,977.9391094939665,1731.0454864017458,3037.809037001525,749.1788430293159,2070.748094703018,3171.9859065154787,0.07000000000005002,L,K
DCB_se2_ag1_f_01_1,8533,AH1,3264,what,608.289349282696,1572.4868302285813,2976.2183176945155,630.0661869572829,1695.2403942509998,3045.9718536179726,629.5036198466834,1695.8032911849953,3047.1176577082188,0.04000000000007731,W,T
DCB_se2_ag1_f_01_1,8535,AY1,3265,i,949.5896378301729,1657.4052362318484,2564.765439307901,1008.6462724481559,1705.6249544874697,2502.824740033564,964.0815319131393,1787.0626956208448,2573.092921937548,0.12999999999999545,T,W
DCB_se2_ag1_f_01_1,8537,AH0,3266,was,542.814048658893,1440.0469371309382,3248.720118552997,543.2678192950235,1314.9380894231754,3205.4813597888074,518.4719646060106,1589.3016830551783,3184.043651261396,0.03999999999996362,W,Z
DCB_se2_ag1_f_01_1,8540,EY1,3267,saying,737.8258378971251,2297.77597799529,2962.5382269264874,743.0298854641601,1934.8012364836254,2900.0345785054565,684.2082514330091,2310.05030857218,3258.296402197047,0.15999999999996817,S,IH0
DCB_se2_ag1_f_01_1,8541,IH0,3267,saying,584.3130827092718,2194.124939684047,2459.8648777172516,672.6116611739559,1590.0197707412583,2553.169114923251,554.7467898393656,2287.9764375761197,2473.533304363395,0.030000000000086402,EY1,NG
DCB_se2_ag1_f_01_1,8544,AA1,3268,cause,534.6956925749267,1740.2712228150313,3203.636802200237,658.571097218506,1716.3787710183828,2396.336388629515,563.1062964876891,1763.7493333413042,3054.264721629487,0.030000000000086402,K,Z
DCB_se2_ag1_f_01_1,8546,AY1,3269,i,726.6856249119088,1710.1721371888825,2552.5821854225474,754.5806281148433,1734.7880692471074,2402.6069265382666,716.3980585701805,1784.474708059186,2616.085664699482,0.08000000000004093,Z,T
DCB_se2_ag1_f_01_1,8548,OW1,3270,told,584.4450142675156,1606.13408204375,3313.914540058658,605.4086249764415,1668.3448569673549,3387.9536990736256,605.4086249764415,1668.3448569673549,3387.9536990736256,0.029999999999972715,T,L
DCB_se2_ag1_f_01_1,8552,ER0,3271,her,734.6007967660352,1579.466966042838,2343.5657732105637,816.4854988928627,1628.7976318846884,2382.2949200432076,693.6521566301144,1706.4075918432757,2456.689533780605,0.029999999999972715,HH,AY1
DCB_se2_ag1_f_01_1,8553,AY1,3272,i,856.8696776201085,1473.5997167392284,2384.4597431540565,860.1110471276781,1499.2939691462664,2357.2089184585634,753.6449460293975,2054.4706447585686,2743.7471768210507,0.06999999999993634,ER0,D
DCB_se2_ag1_f_01_1,8555,IH1,3273,didn't,631.6452798252662,2142.5694638068267,3143.361549639967,738.7338582237388,2146.145958745452,2896.2462406992336,655.9300739839425,2185.7268299282864,3249.133890861972,0.11000000000001364,D,N
DCB_se2_ag1_f_01_1,8559,AY1,3274,like,774.8123286913495,1438.6727548195106,2505.9825110016714,885.6082296379934,1419.7620468072896,1972.0322089426365,722.4082967592806,1840.821194931003,2598.1616715065516,0.08000000000004093,L,K
DCB_se2_ag1_f_01_1,8562,ER0,3275,her,626.0849568471087,1561.6299929075287,2284.741638480473,635.6930468024121,1621.4207887183018,2315.851215390717,633.458205785212,1634.0520827070304,2173.1697041497887,0.06000000000005912,HH,AE1
DCB_se2_ag1_f_01_1,8563,AE1,3276,as,635.2696988395538,1511.0468212346536,2124.7243218588633,648.2528479128931,1222.9668506219248,2201.1847866908124,615.580440408528,1952.8914338196143,2088.8824985886426,0.10000000000002274,ER0,Z
DCB_se2_ag1_f_01_1,8565,AH0,3277,a,535.0995364797695,2292.4876813536166,3393.2708605498333,559.0492835410469,2172.783733129847,3241.39406297924,474.5606017743934,2522.1815357822043,3276.066106192118,0.07000000000005002,Z,Y
DCB_se2_ag1_f_01_1,8567,UW1,3278,human,662.6519695018744,1674.2498031012033,3366.9604634595185,675.6628637371349,1609.0472004592916,3590.170640963474,588.0429049323207,2468.037638468795,3523.610640494068,0.05000000000006821,Y,M
DCB_se2_ag1_f_01_1,8569,AH0,3278,human,601.9040838928792,837.5877015507228,1643.1596967383493,601.1205179408291,1123.950698055989,2224.092532782861,556.551422014625,1511.2727337090269,2323.1879787444805,0.04000000000007731,M,N
DCB_se2_ag1_f_01_1,8572,IY1,3279,being,574.2778353357395,2389.612908479668,3217.167577678862,602.9518666732998,2467.817213612902,3053.786704946313,584.0674915266295,2687.5749374012394,3428.328674566657,0.10999999999989996,B,IH0
DCB_se2_ag1_f_01_1,8573,IH0,3279,being,568.6369391211867,1895.2052454590898,2962.0640900019707,602.8703019821376,2461.6680103953704,3030.9220805989166,581.7784089513359,2620.8742270017196,3162.7317034612556,0.030000000000086402,IY1,NG
DCB_se2_ag1_f_01_1,8577,AH0,3281,and,952.4565823120294,1666.1958204412101,2436.3193991857866,1026.6208388080072,1617.0422745347882,2322.3318367477086,683.0340226871147,2204.8264067558807,2947.0370431443853,0.06000000000005912,,N
DCB_se2_ag1_f_01_1,8580,AY1,3282,like,771.9681408156428,2084.892239046247,2980.5837768925708,780.4266435028958,2019.3270844317144,2954.64827204148,714.026454505308,2099.992763799502,2949.093111394029,0.030000000000086402,L,K
DCB_se2_ag1_f_01_1,8582,AY1,3283,i,874.4586493002457,1952.1683231446057,2426.0935135022964,898.3306915095588,1957.45328147892,2579.2487206916644,777.2305130647627,2000.594677758905,2697.4044415070066,0.08000000000004093,K,JH
DCB_se2_ag1_f_01_1,8584,IH0,3284,just,560.8432162658314,1888.9522375658066,3228.2980203142215,566.5030637244943,1837.7790711195814,3170.507950885411,538.1996779386769,2050.9917445799274,3042.6865549968925,0.07000000000005002,JH,S
DCB_se2_ag1_f_01_1,8587,IH1,3285,didn't,513.5386752848307,2379.7085049723855,3105.6774657553083,687.2690833592574,2087.315502200306,3157.820956798853,515.953883384888,2399.582639956186,3159.839177509421,0.08000000000004093,D,N
DCB_se2_ag1_f_01_1,8591,AA1,3286,wanna,698.4966313074444,1467.7655461589852,2578.332544150718,699.023886389914,1479.0424548441158,2584.764139027417,669.1892696301815,1614.6452640363716,3132.0154525027247,0.04000000000007731,W,N
DCB_se2_ag1_f_01_1,8593,AH0,3286,wanna,629.3560169516138,1713.735751962698,2457.074972933535,655.4627350143289,1786.2556350512145,2924.7670266009836,570.0872573119451,1871.0646243786534,2038.0323090419256,0.07000000000005002,N,B
DCB_se2_ag1_f_01_1,8595,IY0,3287,be,659.4051187276095,2132.919327786144,2942.06270530421,717.614412488733,2128.004808508973,2925.914041138077,505.0786406103222,2402.0084350588136,2859.5944507942054,0.11000000000001364,B,ER0
DCB_se2_ag1_f_01_1,8596,ER0,3288,around,894.4293225672072,1048.4886478628914,2234.2951388937036,924.0137259212569,981.8871906735753,2331.9586437430935,664.8028864663615,1620.5254847469378,2698.804024488537,0.09000000000003183,IY0,AW1
DCB_se2_ag1_f_01_1,8597,AW1,3288,around,772.946982653164,1611.8651420091353,2472.0387049737,792.1199275125487,1584.6523340370777,2195.2602330456893,768.8637410913332,1622.5818914858623,2268.922870192243,0.06999999999993634,ER0,N
DCB_se2_ag1_f_01_1,8601,ER0,3289,her,661.4154300989617,1624.919643102285,2352.0804053091438,732.6645641534562,1172.8093300283008,2352.9488610751137,646.9684407733082,1792.9150333912696,2520.7177967328857,0.17999999999994998,HH,AY1
DCB_se2_ag1_f_01_1,8602,AY1,3290,i,889.118456429084,1662.5330826530626,2579.846407376015,1021.6262149497882,1522.2991246064912,2407.480628909767,878.2766495027101,1665.8132428016395,2634.4307108651146,0.14000000000010004,ER0,W
DCB_se2_ag1_f_01_1,8604,AA1,3291,was,607.5619528204173,1568.2989046517282,2276.6611777477,859.8279962926687,1295.8264769617688,2318.455153381469,736.0121644008236,1618.2568305214922,3284.613023955543,0.15999999999996817,W,Z
DCB_se2_ag1_f_01_1,8607,AY1,3293,i,1049.1903584639308,1655.0627570377212,2258.721082161453,1073.471464537401,1722.6894211679542,2615.212515352729,1073.5636846260547,1722.8911806621359,2614.5195696433993,0.09000000000003183,sp,W
DCB_se2_ag1_f_01_1,8609,AA1,3294,was,686.8162570110984,1226.1198008735828,2492.795216425326,770.7780830789518,1177.4856280373076,3033.045121378532,676.2865653072002,1284.6224879979188,3000.29162662047,0.04000000000007731,W,Z
DCB_se2_ag1_f_01_1,8612,AY1,3295,like,651.6626427763398,1897.8718020228503,2877.7354863191676,663.4014909613177,1992.6367931749494,3097.307690494749,646.687199702369,2032.683624396175,3042.8794114298444,0.030000000000086402,L,K
DCB_se2_ag1_f_01_1,8616,EH1,3296,twelve,785.0515042482082,1779.867699406237,3293.7433945877588,790.6156862970753,1797.2755647799127,3282.552427368348,785.230794456166,1821.932456509787,3285.9481718699694,0.14999999999997726,W,L
DCB_se2_ag1_f_01_1,8622,AH1,3298,but,742.1449359495628,1622.640756372088,2729.4638305254166,814.971002786479,1685.305844754242,2631.1881843844567,814.971002786479,1685.305844754242,2631.1881843844567,0.029999999999972715,B,T
DCB_se2_ag1_f_01_1,8624,AY1,3299,i,990.9371410237234,1554.5282088874515,2916.0171006638393,1083.8494740711044,1739.1373548285248,2754.497597204001,1083.8494740711044,1739.1373548285248,2754.497597204001,0.05999999999994543,T,W
DCB_se2_ag1_f_01_1,8626,AH0,3300,was,564.445459745228,1558.9606937424808,3342.1448895107515,577.5851497630136,1562.9182889822935,3389.109052459352,570.4379257801918,1586.6855707295197,3399.566422813235,0.03999999999996362,W,Z
DCB_se2_ag1_f_01_1,8629,AW1,3302,out,1024.380359996854,1635.3681443870742,2544.707800468155,1133.5846847454993,1908.8987133754856,2122.5134761535237,1128.4930457639216,1959.3582147762042,2115.7229609812302,0.17000000000007276,sp,T
DCB_se2_ag1_f_01_1,8633,UW1,3304,you,587.9591336863083,2212.2159597564123,3367.4524490725944,630.9259461464019,2008.9180951588664,3261.4272951070297,509.361535426162,2608.892312045058,3549.195607873745,0.049999999999954525,Y,N
DCB_se2_ag1_f_01_1,8635,OW1,3305,know,853.803391608629,1661.7875320982323,3447.789941919227,883.3627538825389,1596.6974985360143,3535.4195483033905,851.5282172775352,1661.0762107234136,3450.0128444467264,0.029999999999972715,N,AY1
DCB_se2_ag1_f_01_1,8636,AY1,3306,i,1092.146436336145,1633.7951304210158,3087.4291515076593,1148.9306866223658,1626.5826086249938,3102.6759331706307,1091.827062910312,1636.7763078591547,3141.2483749035578,0.11000000000001364,OW1,W
DCB_se2_ag1_f_01_1,8638,AH0,3307,was,613.3666961362377,1324.0794710771254,3592.865419472201,624.5040554264353,1262.5700748203565,3527.71355358728,607.7749559117647,1341.8254969420527,3049.2264483199215,0.029999999999972715,W,Z
DCB_se2_ag1_f_01_1,8640,AO1,3308,always,807.2988004758087,1351.1495656508732,3508.7767884448363,833.9706583612145,1344.9329002213813,3670.238071927625,769.530353059654,1496.9613861104972,3637.127290140995,0.05999999999994543,Z,L
DCB_se2_ag1_f_01_1,8643,IY0,3308,always,536.6663756369969,2198.7538498255576,3225.020896787299,617.8454455235728,2190.913824887974,3258.6678295947763,570.3652937212169,2226.419128647456,3242.7011855695678,0.06000000000005912,W,Z
DCB_se2_ag1_f_01_1,8646,AA1,3310,honest,973.5543822120683,1515.500636086689,3274.1694222435553,1052.4332309039671,1896.7446929120974,3060.0196501407127,1043.7898870124188,2003.2647745170193,2848.3576730636214,0.2699999999999818,sp,N
DCB_se2_ag1_f_01_1,8648,AH0,3310,honest,536.1571740987101,1877.5268463060106,3166.2817357993667,580.6649230865971,2031.8315559114067,3732.1727984107697,554.2594602118593,2065.4152272901624,3492.380462615972,0.06999999999993634,N,S
DCB_se2_ag1_f_01_1,8652,IH0,3311,with,524.5988599711283,1233.5779342625494,3307.8160492684806,524.7760015116156,1234.8308565995874,3311.0433211238114,524.4793293928158,1236.728647939611,3312.7325339670488,0.029999999999972715,W,DH
DCB_se2_ag1_f_01_1,8655,IY1,3312,people,514.0174638693659,1442.1034369175443,2690.231647818092,530.8835220231977,1719.06128773736,2799.6670735891903,520.1908752165997,2402.0808485452376,2990.002512988973,0.049999999999954525,P,P
DCB_se2_ag1_f_01_1,8657,AH0,3312,people,467.46054295039204,1256.801512019249,2237.5146044086205,1148.3898064995262,2083.0658683116744,3767.6643611340087,1147.2487542340814,2081.7167603686844,3768.2293304498407,0.029999999999972715,P,L
DCB_se2_ag1_f_01_1,8659,IH1,3313,it,524.590138475963,1566.0316943293244,2788.9552916503235,533.1028326649748,1719.4964326231395,3024.091676434226,533.1028326649748,1719.4964326231395,3024.091676434226,0.030000000000086402,L,T
DCB_se2_ag1_f_01_1,8662,AH0,3314,was,590.9546887610203,1685.4970376853198,1976.7931384328915,606.4060411796523,1731.4792051317058,3926.6280398777426,602.562082481324,1728.7900657764255,3741.603580762233,0.029999999999972715,W,Z
DCB_se2_ag1_f_01_1,8665,AH1,3315,just,599.3448071807226,1681.5240567579601,3170.5491806946948,620.8352405724715,1731.1465589869513,3137.48188141441,619.7134949709771,1730.63838848258,3136.085124597834,0.05999999999994543,JH,S
DCB_se2_ag1_f_01_1,8668,AY1,3316,like,815.7121349956096,1987.3046755506512,2728.01963637651,905.363014868021,1838.1576361852603,2995.0785668046105,729.9507107277475,2617.7152881058437,2923.037918208166,0.09000000000003183,L,K
DCB_se2_ag1_f_01_1,8671,IH1,3318,if,644.0837953359826,2240.49094877482,2517.085104549733,1057.13621433178,1772.2177398181213,2867.714626415771,620.0484931888176,2431.005709939781,3224.945612042214,0.049999999999954525,sp,F
DCB_se2_ag1_f_01_1,8673,AY1,3319,i,956.2103025166551,1645.9612385227097,2293.3868452012757,966.104911764845,1766.4295251105118,2823.5250969770996,965.0476670398618,1783.5229418655786,2576.714446207825,0.049999999999954525,F,D
DCB_se2_ag1_f_01_1,8675,OW1,3320,don't,861.4990819977497,1470.6485988943502,3168.321316577914,881.854236274724,1560.8644680648447,3105.231293373884,748.8905352791181,1622.4626108018822,3034.870985794254,0.05999999999994543,D,N
DCB_se2_ag1_f_01_1,8678,AA1,3321,wanna,809.9291858220569,1392.6896959822825,1587.0699329304784,813.3420599009334,1335.7010748481025,1632.1920702156362,760.4770223307037,1514.415559977224,1647.0410179634268,0.05999999999994543,W,N
DCB_se2_ag1_f_01_1,8680,AH0,3321,wanna,550.0892362171534,1636.013505296687,2561.5684635784387,674.8122148294392,1817.7902924756108,3146.5509290932728,675.2360506381949,1822.361625359662,3163.533289509708,0.09000000000003183,N,B
DCB_se2_ag1_f_01_1,8682,IY1,3322,be,556.4957749583285,1899.0280862307977,2446.365854597973,556.9461415884845,1841.4179262982618,2445.7723195533085,553.376648186946,2544.7171243490448,3067.1710863281814,0.11000000000001364,B,ER0
DCB_se2_ag1_f_01_1,8683,ER0,3323,around,533.4068329199075,1139.3734701452825,2346.205460631544,821.2756835402749,1584.1720882410416,1968.666144499494,546.4669857123281,1749.0657119459925,1935.1648540914491,0.10000000000002274,IY1,AW1
DCB_se2_ag1_f_01_1,8684,AW1,3323,around,845.462521127657,1637.515604514687,1793.403793167721,848.2265006882401,1652.9743732808158,1805.6271050779756,830.2911248998196,1747.0982421476647,1764.0431572916057,0.049999999999954525,ER0,N
DCB_se2_ag1_f_01_1,8688,UW1,3324,you,607.7862291886687,1785.3843424314102,2832.710201954073,768.3953422283739,1649.2025851010183,2728.1507619708964,486.8366186965084,1881.8701240410085,2865.756060513155,0.029999999999972715,Y,AY1
DCB_se2_ag1_f_01_1,8689,AY1,3325,i,858.6989600997783,1540.2588434618629,2640.0058492119097,861.9707452855848,1569.9199499223337,2617.0268523697023,768.3953422283739,1649.2025851010183,2728.1507619708964,0.04000000000007731,UW1,M
DCB_se2_ag1_f_01_1,8691,AH0,3327,a,526.6607901432819,1835.8495577477897,3177.7401879660756,610.8732209597032,1449.2776328900388,2812.9145730809573,540.7874670389834,1859.2017903913254,3182.7973585778927,0.07000000000005002,M,T
DCB_se2_ag1_f_01_1,8693,EH1,3328,tell,619.4971293699733,1604.9412874668585,2136.020988734548,678.5456513576936,2066.929640128687,3150.214138437099,670.0138022897729,2060.077108769381,3117.373585035624,0.03999999999996362,T,L
DCB_se2_ag1_f_01_1,8696,UW1,3329,you,504.8115542270199,2245.19047250838,3008.223800251384,529.1117296572961,2317.875502726037,2938.758984522766,527.52360181338,2319.1149130375716,2946.5777177444634,0.029999999999972715,Y,DH
DCB_se2_ag1_f_01_1,8698,AE1,3330,that,631.3704256289935,1926.9945979665667,2312.5985788996277,631.616275333525,1915.4018813347925,2276.601268822901,613.6622314843999,1981.6873548559802,2685.7524056312545,0.029999999999972715,DH,T
DCB_se2_ag1_f_01_1,8700,AY1,3331,i,910.2332688615815,1856.8166061721042,2754.731141109486,942.5439447450775,1885.9170256073664,2793.0008531701724,944.0777514274898,1913.3204912681842,2795.8950561525694,0.07000000000005002,T,D
DCB_se2_ag1_f_01_1,8702,OW1,3332,don't,674.3051425832443,1402.0920525486176,2851.0808748564623,700.3614809895137,1394.669814375362,3036.682496996486,631.2498439622816,1770.8037438320885,2261.911560986253,0.05999999999994543,D,N
DCB_se2_ag1_f_01_1,8705,AO1,3333,want,657.2771877477965,1178.1981557743966,2026.0853772812354,657.5983829016466,1161.018317599631,2042.937661510546,645.643324430472,1579.2358657825973,3000.6228586376715,0.049999999999954525,W,N
DCB_se2_ag1_f_01_1,8709,UW1,3334,you,503.7066615700247,1833.3601257151,3079.0382934783806,524.6959623201762,1784.657171708719,2943.4207913542436,512.2454916928558,1884.235675556674,2957.4260117716685,0.04000000000007731,Y,T
DCB_se2_ag1_f_01_1,8711,AH0,3335,to,483.2297299287505,1755.648432090113,2908.40581286417,509.3207881419144,1754.8036982028864,2895.937193042977,457.0615852391007,1813.061246652396,2793.5464207229916,0.08000000000004093,T,B
DCB_se2_ag1_f_01_1,8713,IY1,3336,be,550.505200522251,2407.920876268725,2791.3807006584466,594.0209141256998,2623.510818173862,2835.9405193625853,570.8428710990638,2680.3260712215483,3011.2864104028677,0.10000000000002274,B,IH0
DCB_se2_ag1_f_01_1,8714,IH0,3337,in,613.9879992801094,2106.61577188946,2962.665030570462,620.1541209186361,2092.017891212252,2963.864975215634,603.5645433631084,2131.6873613679245,3062.3452035152072,0.03999999999996362,IY1,N
DCB_se2_ag1_f_01_1,8717,AY1,3338,my,884.8390215458426,1719.8282132608338,2466.1836551391543,1039.0807518762092,1818.569508411965,2846.3981698294283,1002.5838307352728,1837.986482724522,2823.7052919622624,0.09000000000003183,M,sp
DCB_se2_ag1_f_01_1,8720,AH1,3340,company,805.2179634456788,1543.2709814555176,3557.307517747327,821.2229217586296,1537.2007558489415,3364.967548912598,739.4224631894896,1596.9123966011628,3604.117140485996,0.07000000000005002,K,M
DCB_se2_ag1_f_01_1,8723,AH0,3340,company,495.99990910214393,2043.147611255019,2760.677660725337,861.7689104996105,1897.8024777955443,3034.415911145762,483.93234266397457,2131.5665240403696,3170.728029624988,0.03999999999996362,P,N
DCB_se2_ag1_f_01_1,8725,IY0,3340,company,450.57842639702835,1699.3022504048713,2951.0182956863355,495.56523261248634,1402.70674524229,2849.6069810920326,450.681611725697,2115.23832435881,2856.471999593403,0.06999999999993634,N,sp
DCB_se2_ag1_f_01_1,8727,ER0,3342,or,637.4758760693949,1245.4737587172497,2798.2913478697938,643.9881978773681,1267.9482852595183,2800.1459048855577,644.9849878923948,1980.6663799988094,3403.4759293187867,0.06000000000005912,sp,L
DCB_se2_ag1_f_01_1,8729,AY1,3343,like,813.4296270760676,1858.979974694517,2936.250521278889,847.7067971123055,1731.3188098442347,2873.213865159981,690.2739938378379,1990.9016077146314,2822.673452903344,0.04000000000007731,L,K
DCB_se2_ag1_f_01_1,8732,AY1,3344,my,875.9851040829501,1523.7855297258873,2682.996508078444,874.2118407080483,1515.542808883857,2563.610078360141,726.4138249067358,1717.1975746867329,3000.9582548108524,0.06999999999993634,M,S
DCB_se2_ag1_f_01_1,8734,ER0,3345,surroundings,463.13427101270247,1267.7138584971588,2245.9687338763283,806.2681420414165,1653.2910886754712,2068.785108146663,610.285816562291,2016.6049700592773,2816.6228154222986,0.13999999999998636,S,AW1
DCB_se2_ag1_f_01_1,8735,AW1,3345,surroundings,780.9275726149731,1738.46630492375,2480.4342897146744,837.4370586340509,1688.2988092270693,2226.9041188158817,793.266994982916,1802.6718318033047,2509.604791506849,0.11000000000001364,ER0,N
DCB_se2_ag1_f_01_1,8738,IH0,3345,surroundings,557.6757815595012,2046.1363474575755,2918.257473427781,558.7570013327809,2033.7998704849956,3107.5797265516085,537.5294766527594,2047.976683401069,2889.311463065335,0.029999999999972715,D,NG
DCB_se2_ag1_f_01_1,8742,OW1,3346,so,567.5531317263966,1259.7685684996327,3164.1327898486147,618.3055505886992,1749.9562892731963,3474.7139864907426,613.1328723952967,1811.5577649826969,3387.595138125032,0.2199999999999136,S,sp
DCB_se2_ag1_f_01_1,8749,AY1,3351,right,484.7770138042892,2438.518789959215,2970.4929439303364,674.8923680589003,2093.157946926442,2506.757027879158,449.5803770273116,2444.1402633020434,2793.9092296084323,0.029999999999972715,R,T
DCB_se2_ag1_f_01_1,8755,IH1,3355,it,557.8120867700792,1693.962142785427,2163.620902114098,898.4534796767509,2104.240357327309,3364.607981641998,516.6914539920308,2262.051590404795,2308.3771404854238,0.10000000000002274,sp,T
DCB_se2_ag1_f_01_1,8758,AH1,3356,just,457.2538307014382,1614.8432910574863,3164.8698070441287,542.4388335396166,1898.1187082739862,2993.7102206500967,542.4388335396166,1898.1187082739862,2993.7102206500967,0.05999999999994543,JH,S
DCB_se2_ag1_f_01_1,8761,IH1,3358,it,711.68084133195,2274.397973297716,2530.9537317098593,786.6444230007776,2163.5420988429487,3112.1681629449768,690.3114473008358,2257.72010446045,2714.4429161062367,0.08999999999991815,sp,T
DCB_se2_ag1_f_01_1,8764,AA1,3359,was,477.03165094896116,1692.3429468585084,3185.625129001536,637.7562420349624,1460.0030471211048,2663.7455816334095,445.69167353457146,1777.5790382319296,3139.2799387083564,0.11000000000001364,W,Z
DCB_se2_ag1_f_01_1,8767,AH1,3360,just,814.643131946343,1923.951800315243,2544.9175703952756,827.2515445085855,1989.6505958590199,2632.836577791207,762.4818380408187,2070.5128846496887,2541.194124058225,0.10000000000002274,JH,S
DCB_se2_ag1_f_01_1,8772,AH1,3362,but,656.6554359984525,1437.5084874452402,3138.885719489161,666.2265964871038,1429.0692837620402,3158.475321533648,639.784342969015,1474.4530947190783,3046.0512616431447,0.049999999999954525,B,T
DCB_se2_ag1_f_01_1,8775,AY1,3363,my,953.0705586610761,1593.2705278223125,3090.87080646804,1016.5996177748048,1625.227081617796,2016.3525776157014,850.1483040718463,1647.0459479005335,3073.425398088665,0.19000000000005457,M,B
DCB_se2_ag1_f_01_1,8777,AH1,3364,but,698.4237274929255,1891.7063044160154,3266.5042500202558,703.7645933499964,1914.3239762837288,3253.21963150813,697.0655452140192,1926.5314911801136,3204.7943887907973,0.049999999999954525,B,T
DCB_se2_ag1_f_01_1,8780,AE1,3365,that,815.001076185509,1882.7531004939053,3129.753458987872,841.7593068272939,1911.5942287141838,2887.5992812441114,841.7593068272939,1911.5942287141838,2887.5992812441114,0.03999999999996362,DH,T
DCB_se2_ag1_f_01_1,8784,AW1,3367,how,896.4171591636341,1570.8342957345228,2632.259292372692,937.4694134079676,1719.729983457728,2596.9873403687834,899.6920728372909,1867.5854177369208,3004.976649999206,0.05000000000006821,HH,M
DCB_se2_ag1_f_01_1,8786,AY1,3368,my,966.3245332323872,1580.568834208199,2451.099420146702,967.7004773977924,1577.696523528779,2464.5075492875276,952.0668436202544,1598.9036009994468,2153.0805029127396,0.10000000000002274,M,M
DCB_se2_ag1_f_01_1,8788,AA1,3369,mom,725.5609003944779,1409.304047808253,1859.5243348473848,743.3560189201012,1457.8401684401026,1846.330899188137,693.1512432512013,1497.0671614176354,3459.13413842749,0.14999999999997726,M,M
DCB_se2_ag1_f_01_1,8790,IH1,3370,is,648.4883933890767,2186.3040137241683,3362.0732917198447,653.7648841625348,2177.0131317748314,3371.2446891357613,621.8996074357054,2252.790277466328,3303.226244017233,0.10000000000002274,M,Z
DCB_se2_ag1_f_01_1,8793,AY1,3371,like,683.7573012716014,1817.2620449972494,3141.362321531321,788.9304637237075,1700.4682350341182,2974.9618248779398,516.0735294840644,1922.5220648751229,2884.4282700532885,0.04000000000007731,L,K
DCB_se2_ag1_f_01_1,8796,IY1,3372,she,546.788321977501,2345.9428384254147,3067.692236541665,604.8029750710972,2503.5286155499907,3043.3500927037303,556.2580761203592,2621.2161396342685,3246.418956662574,0.06999999999993634,SH,Z
DCB_se2_ag1_f_01_1,8799,EH1,3374,very,670.7269160165512,1370.9319268810927,1862.519078220592,716.1368996125573,1500.8570965019967,1997.9972482151832,716.494694715669,1505.367993946673,2001.6790252054452,0.07999999999992724,V,R
DCB_se2_ag1_f_01_1,8801,IY0,3374,very,461.6384349152161,2094.455690985515,2732.314181747355,498.03891114860744,1792.0899436742566,2698.8078128165803,462.71351507274943,2265.0612990433397,2554.234888525995,0.08000000000004093,R,sp
DCB_se2_ag1_f_01_1,8803,AA1,3376,honest,906.2308825781396,1454.614896354311,2552.160240389732,963.7134828967835,1378.9561984796512,2322.418138390219,777.9803519079618,1640.1058152049034,3353.228528068408,0.2400000000000091,sp,N
DCB_se2_ag1_f_01_1,8805,AH0,3376,honest,516.0153701996238,1982.6982155172964,3054.447113063742,590.6258152134419,2058.376663100647,3255.834661305867,555.9006901691722,2063.7424860592964,3194.607129309079,0.11000000000001364,N,S
DCB_se2_ag1_f_01_1,8808,AE1,3377,and,690.7255326894148,1273.6839303287015,2523.100554360846,758.7620166180482,2116.9693660604685,3049.3652034201873,692.1414627377644,2227.4620689348258,3015.7907841744923,0.21000000000003638,T,N
DCB_se2_ag1_f_01_1,8814,EY1,3379,they,576.2890327964259,2293.3351541536285,2914.5878242342196,731.558839076601,1894.7945407200862,2899.2194280306935,531.7606875024609,2345.9653518046034,2937.110424822249,0.12000000000000455,DH,JH
DCB_se2_ag1_f_01_1,8816,IH0,3380,just,451.2683633463959,1867.1472744849384,3057.2017126298106,530.5129716107411,1821.5891030477642,3057.3372252278464,470.37234966622776,2019.4849670291935,3243.247872012578,0.11000000000001364,JH,S
DCB_se2_ag1_f_01_1,8821,AH1,3382,blunt,867.7014503872992,1528.0742041918427,2805.4433093792377,906.7488893574991,1595.4097383420644,3502.4090132086744,793.767135539831,1673.1376744362292,3122.6466889204726,0.10000000000002274,L,N
DCB_se2_ag1_f_01_1,8826,AY1,3384,kind,915.2726260635534,1721.655609697615,2096.4548219640583,942.109684042515,1768.7587035481315,2236.693529266494,797.0365710045551,1929.1757886594814,3052.756697049137,0.14999999999997726,K,N
DCB_se2_ag1_f_01_1,8829,AH0,3385,of,548.3338623205319,1868.4063892527201,2081.3449163626606,608.459531097563,1913.030990681955,1961.9063373972672,598.3318297512584,1921.9569811913184,2046.913701077417,0.06000000000005912,D,V
DCB_se2_ag1_f_01_1,8833,OW1,3387,so,505.6683228789864,1602.7816648895534,2848.9082968774883,531.0954722814975,1600.7117383639147,2731.7559574955435,482.6832645513507,1681.2939413813738,2746.5285254974874,0.05999999999994543,S,DH
DCB_se2_ag1_f_01_1,8835,AE1,3388,that,701.637100417599,1881.8545886320787,2999.151854672156,730.0085811043828,1910.8049330894512,3156.341028307705,641.9189739420849,1913.0814785405598,3006.9662092503218,0.049999999999954525,DH,T
DCB_se2_ag1_f_01_1,8839,AW1,3390,how,920.754102006408,1615.4942126545304,2365.4521744858207,935.9546962197744,1565.875939283653,2412.870933947227,868.1772870763352,1745.8203116236743,2323.6273819965263,0.10000000000002274,HH,AY1
DCB_se2_ag1_f_01_1,8840,AY1,3391,i,1032.3096397788377,1687.4848771556058,2217.490547903765,1065.872866431619,1663.8801223657433,2244.8361566308836,704.9643309160093,1878.4576773112365,2414.5215251111545,0.2400000000000091,AW1,G
DCB_se2_ag1_f_01_1,8843,UW1,3392,grew,497.06533242011045,963.336989173864,2387.022910951337,607.4857928622728,1132.1340978399166,3067.3775887229795,493.64328639608647,1180.2540865505778,2333.94560564492,0.15999999999996817,R,AH1
DCB_se2_ag1_f_01_1,8844,AH1,3393,up,787.9113662612419,1588.038472453211,2942.4780194029568,845.4805482673768,1639.1059095035318,3069.6503933356234,757.691876222906,1628.6273980221638,3064.951697291705,0.13999999999998636,UW1,P
DCB_se2_ag1_f_01_1,8847,AH1,3394,but,753.3216384052307,1591.517275744374,2650.4587281921413,893.2883625667737,1666.706313839506,2597.0320755792663,893.2883625667737,1666.706313839506,2597.0320755792663,0.030000000000086402,B,T
DCB_se2_ag1_f_01_1,8849,AY1,3395,i'm,1020.0518525132767,1509.224581031436,2529.1262471678356,1020.675705128385,1535.8661937858624,2546.9790445580734,956.394495749095,1692.0092530504892,2491.0941969295477,0.09000000000003183,T,M
DCB_se2_ag1_f_01_1,8852,AY1,3397,i'm,909.4701166547499,1512.2736105554193,1983.7038839495783,1154.065488484501,1474.8607667337915,2828.8875716565076,1113.6351716499903,1786.2714657586664,3198.4368175078025,0.08999999999991815,sp,M
DCB_se2_ag1_f_01_1,8855,AY1,3399,i,783.8512793162265,1638.1601478810137,2545.127251833258,1007.4801027541073,2223.0679359642504,2979.0890791799325,1006.408913197655,2222.9486785748604,2974.8239059250786,0.06000000000005912,sp,sp
DCB_se2_ag1_f_01_1,8858,IH1,3401,think,552.6045862450942,2119.7166373389414,3043.866868445652,598.6182803754396,1882.6150373350115,2600.345486796078,544.987987481978,2165.151083407002,2948.026803409673,0.029999999999972715,TH,NG
DCB_se2_ag1_f_01_1,8861,AH0,3402,i'm,710.074902334612,886.9698002467111,2115.192566232971,708.8459269470587,894.9398525981198,2154.109839278266,450.7384860061127,1462.4380148694836,2283.413898752163,0.03999999999996362,K,M
DCB_se2_ag1_f_01_1,8863,AH0,3403,a,704.9330472194022,1448.8418386494973,2317.2050009967434,767.0328246208476,1611.3934468611317,3500.9733186416024,770.7722818183025,1612.5031033778012,3500.6116732464297,0.03999999999996362,M,L
DCB_se2_ag1_f_01_1,8865,AA1,3404,lot,937.2476734866242,1770.8931427196346,2735.9609786061646,952.325063280485,1855.9131410303455,2886.8816720960585,924.2603665350623,1923.7682319709932,2829.2945720272955,0.06999999999993634,L,T
DCB_se2_ag1_f_01_1,8869,AY1,3406,nicer,625.800928134132,2119.929700510478,2785.2432532290863,888.9187020008269,1979.9555527875907,2757.589265892067,562.845088950882,2165.897547305335,2695.5290889512885,0.12000000000000455,N,S
DCB_se2_ag1_f_01_1,8871,ER0,3406,nicer,517.8544112500269,1610.0175085380624,1947.7985054521098,574.49503774619,1485.2043346948167,1985.523576608749,492.476399732674,1722.7711246302833,1907.1223767073202,0.06999999999993634,S,DH
DCB_se2_ag1_f_01_1,8873,AH0,3407,than,659.6023896088317,2011.7142547887356,2762.5155881884225,680.7553491617797,2016.9464647318825,2930.5022453228357,655.5330272879507,2036.6335250791865,2751.01829516985,0.05999999999994543,DH,N
DCB_se2_ag1_f_01_1,8876,ER1,3408,her,551.6722118511505,1520.538016622792,1905.0230334220469,738.2047441820284,1803.720895267795,2167.7931402360327,683.4787087494884,1829.4835595011543,2758.338726811203,0.21000000000003638,HH,sp
DCB_se2_ag1_f_01_1,8878,IH0,3410,in,450.4451113587243,1843.5612074597893,2430.244805046012,513.1352036171965,1968.713866000914,2365.4715185100576,513.1352036171965,1968.713866000914,2365.4715185100576,0.030000000000086402,sp,N
DCB_se2_ag1_f_01_1,8882,AY1,3412,my,937.9207168955969,1682.1960905068436,2047.7267221875761,984.2680336089762,1538.6184549300792,1794.0692551605184,982.2649489655934,1687.0488464486039,1957.2224715691434,0.09000000000003183,M,sp
DCB_se2_ag1_f_01_1,8886,AH1,3414,bluntness,814.6355577389919,1614.4260624486842,3223.450950516422,958.1994775673306,1478.3510356402937,2928.171736866988,754.4015993684544,1779.9144204641407,3084.4762627468062,0.049999999999954525,L,N
DCB_se2_ag1_f_01_1,8890,AH0,3414,bluntness,502.842421107468,1415.6960687915107,2641.3433294170572,907.9562652561963,1475.6668911251675,2016.8785129160399,407.3967790694655,1941.1720624906532,2871.6589760566176,0.15000000000009095,N,S
DCB_se2_ag1_f_01_1,8892,AE1,3415,and,527.3352597603298,2172.521259212739,3062.847911306352,630.9898731181195,2290.5513112103145,3232.926771176694,587.5082778841135,2344.58552086337,3214.192732556134,0.05000000000006821,S,N
DCB_se2_ag1_f_01_1,8894,AA1,3416,honesty,843.3899092303071,1309.2352039074883,2641.1353065908925,971.155070736535,1311.1912635840133,2600.4496980848926,783.4337167773024,1734.1976152821242,2669.463873183268,0.12000000000000455,N,N
DCB_se2_ag1_f_01_1,8896,AH0,3416,honesty,611.2557207972586,1751.902497936201,2319.7444763061085,751.3521912344025,1545.0118599169286,2291.230816473362,584.3467698003742,1915.6326334035155,2232.729779601127,0.08000000000004093,N,S
DCB_se2_ag1_f_01_1,8899,IY0,3416,honesty,854.4207125550948,1303.2811261780814,2654.8590582361535,969.8144341414796,1345.0691883626812,2735.082365715048,969.8144341414796,1345.0691883626812,2735.082365715048,0.029999999999972715,T,spn
DCB_se2_ag1_f_01_1,8902,EH1,3419,s,675.88709254326,1742.6799345995953,2708.9068014308186,1105.5821769762335,1723.8227065614851,2399.670124772291,571.1456784248511,1744.3823073772776,2917.232434508858,0.029999999999972715,sp,S
DCB_se2_ag1_f_01_1,8905,OW1,3421,oh,514.3085028872491,958.072461459705,3753.6260922328574,999.5050391619211,1499.725539240679,2469.462748846018,523.6406633120665,2122.236837220009,2400.905244319413,0.43000000000006366,sp,SH
DCB_se2_ag1_f_01_1,8907,IY1,3422,she,398.95063124641115,1222.132916042724,2767.197029242763,441.86196275863216,2420.164142645574,3431.596676559259,430.352382286264,2726.156446966018,3789.3574593949165,0.05999999999994543,SH,HH
DCB_se2_ag1_f_01_1,8909,AE1,3423,has,750.7067960930975,1411.2316916105651,2207.9243692942273,926.3014703732038,1189.9045935662684,2071.623684763566,679.6635685312551,1767.059939861409,2229.021049897803,0.10000000000002274,HH,Z
DCB_se2_ag1_f_01_1,8913,EH1,3424,plenty,556.7538460207599,1853.8275222948382,2002.992988967099,599.7059670874703,1696.237411376837,1792.630422236798,557.5244378520632,1851.232913905567,2003.7975575421997,0.030000000000086402,L,N
DCB_se2_ag1_f_01_1,8916,IY0,3424,plenty,413.4836927881776,2403.3382939185367,2685.0297600342365,431.4498598563586,1762.1939215675054,2606.84356802663,419.94833406855605,2480.7339804336466,2655.6574243062105,0.05000000000006821,T,S
DCB_se2_ag1_f_01_1,8919,AO1,3425,stories,476.0239476973561,1032.7652675076963,2476.0535482861083,522.4302247617941,1064.920840707001,2292.430603770836,518.1390807519239,1278.6645693710364,2505.9939629885657,0.05999999999994543,T,R
DCB_se2_ag1_f_01_1,8921,IY0,3425,stories,457.8386463181219,2167.140050720606,2320.275387150006,471.52017991475424,1899.0112254847324,2410.7747793650797,458.09901571603103,2141.127700304245,2302.1817975364897,0.03999999999996362,R,Z
DCB_se2_ag1_f_01_1,8927,EH1,3427,plenty,615.4810812325848,1384.41554060768,2697.7599520884155,686.4320383079885,1326.7079507792569,2328.4566902246174,639.9413603020853,1409.220282033684,2576.9489619398337,0.030000000000086402,L,N
DCB_se2_ag1_f_01_1,8929,IY0,3427,plenty,710.2804179208433,1276.0141051582527,2453.981899593839,806.6972851045263,1223.0631215697779,2273.1929180870916,709.1720277864731,1276.1644053357502,2465.53579988255,0.029999999999972715,N,sp
DCB_se2_ag1_f_01_1,8933,AO1,3429,story,531.4120907413513,1154.6575261715523,2423.7333106543124,701.0493500196462,1555.1948592237754,2687.854525078705,701.0493500196462,1555.1948592237754,2687.854525078705,0.030000000000086402,T,R
DCB_se2_ag1_f_01_1,8935,IY0,3429,story,526.0619442450468,2529.202436369349,3203.6965546795564,781.2559339074324,1802.698835084491,2457.6483992795884,643.2182334856578,2547.5875405428965,2712.4170993179187,0.12000000000000455,R,sp
DCB_se2_ag1_f_01_1,8945,ER0,3435,her,455.4118716921301,1923.7842873023494,2336.0053278462797,498.58297470776654,1844.1297966800928,2323.6679018404934,428.5401888795266,1957.587053907613,2339.48920897498,0.03999999999996362,HH,EH1
DCB_se2_ag1_f_01_1,8946,EH1,3436,s,495.2910833501308,1892.606866204347,2317.3077068252196,515.3230271027649,1854.37232417383,2322.002025521968,475.11278439006344,2237.315984869924,2519.5250518595235,0.030000000000086402,ER0,S
DCB_se2_ag1_f_01_1,8950,AH1,3438,yup,884.9818050934244,1845.009888819887,2886.055059735387,949.2109866278157,1534.5039273455793,2896.721713341199,558.0635430885578,2164.807246609751,2811.378054957694,0.14000000000010004,Y,P
DCB_se2_ag1_f_01_1,8955,AE1,3440,that,680.2943094561368,1966.1316928224064,2908.086042396918,696.8410864798676,1990.5048951207086,2933.798111339177,696.8410864798676,1990.5048951207086,2933.798111339177,0.029999999999972715,DH,T
DCB_se2_ag1_f_01_1,8958,AH0,3442,a,535.3934443819448,1928.7526811800099,2830.6475078164867,539.63997904407,1846.4427755330425,2810.728988019225,524.041783424943,2025.9307649095092,2844.4034597453383,0.049999999999954525,S,IH1
DCB_se2_ag1_f_01_1,8959,IH1,3443,interesting,572.7114928262267,2151.817334094614,2794.303617292499,588.1895764691653,2147.283217847496,2787.5251063521805,531.2275488335504,2183.356394885469,2804.9502906434914,0.12000000000000455,AH0,N
DCB_se2_ag1_f_01_1,8962,ER0,3443,interesting,497.8264518401354,1303.1812165630165,2139.636257462874,629.8458167498204,1501.6164079854307,2328.199612788324,618.7386710908448,1872.9392024615202,2531.738353416373,0.15999999999996817,T,AH0
DCB_se2_ag1_f_01_1,8963,AH0,3443,interesting,588.1504116532449,1847.1608505922452,2602.2310073641556,719.1677595220746,1806.9234706974307,2813.334365671053,590.0558595838824,1888.0212646448458,2545.360690041442,0.08000000000004093,ER0,S
DCB_se2_ag1_f_01_1,8966,IH0,3443,interesting,485.03590569439206,2265.205312314891,2571.0525246875072,483.52161689642355,2288.0314416935953,2546.233957142512,477.69524998668624,2330.2476013964583,2504.807296818526,0.029999999999972715,T,NG
DCB_se2_ag1_f_01_1,8969,AH1,3444,one,407.2025645650908,1748.1312137672387,2492.049019660035,471.90820204779214,1827.8200145372425,2031.301207895407,465.42546273976006,1861.505811937386,1911.3782400831333,0.029999999999972715,W,N
DCB_se2_ag1_f_01_1,8974,AH1,3446,yup,710.3312901670035,1820.981071676764,2941.539902495874,728.843546156629,1717.8891345441327,2904.521314573144,627.0396800452451,1946.250554959193,2908.226990467151,0.08000000000004093,Y,P
DCB_se2_ag1_f_01_1,8979,AE1,3448,yeah,820.5392798531005,1910.2256864964154,3074.0453076452727,914.6587298651596,1948.2720382503237,3219.8192665069587,594.3920914684926,2197.9608931135285,3211.7877570455485,0.15999999999996817,Y,IH1
DCB_se2_ag1_f_01_1,8980,IH1,3449,in,452.03703519224035,2248.863868698857,3117.5395664955595,882.2785054486214,2076.1504465026487,3155.0621738828518,507.5390575474076,2327.7899738619326,3110.768235228284,0.09000000000003183,AE1,N
DCB_se2_ag1_f_01_1,8984,AH1,3451,the,928.1664515794905,1647.3373676543208,2646.7092466888544,1068.7647436480934,1634.1691624439911,2825.5464442755283,772.754406781734,2070.588467119267,3213.5971316112873,0.2599999999999909,DH,sp
DCB_se2_ag1_f_01_1,8987,AY1,3453,i,937.8400676322357,1872.309923787728,2335.1353862064843,942.9883389693425,1760.8302787842604,2819.8392202136934,942.6953694113207,1900.1591256513389,2334.710929933964,0.09000000000003183,,G
DCB_se2_ag1_f_01_1,8989,AA1,3454,got,968.4633330991236,2063.782160039066,3179.2003535902177,973.2801502346637,2083.6880100762924,3336.7704518446317,904.1724070027794,2252.6414612874805,3156.268403139984,0.05000000000006821,G,T
DCB_se2_ag1_f_01_1,8992,AH0,3455,suspended,778.0394879810277,1890.2842501580799,2551.656366809676,938.5668289074314,1842.1084281395383,2639.387220906538,738.4317219715408,2037.4890238488779,3169.9854369241634,0.029999999999972715,S,S
DCB_se2_ag1_f_01_1,8995,EH1,3455,suspended,590.5299826341073,1759.0009086467371,3120.8372864208927,814.3153784688197,1864.0742503614804,3162.9825425780236,808.8228337865347,1873.5199823023593,3158.1131400770655,0.03999999999996362,P,N
DCB_se2_ag1_f_01_1,8998,AH0,3455,suspended,496.0395953314182,1455.4983706417036,2657.74722122308,681.4080629826855,1467.0704024047793,2951.9242546088494,644.2069271592778,1514.4547014495195,2907.7767679317117,0.029999999999972715,D,D
DCB_se2_ag1_f_01_1,9001,AO1,3456,for,573.0501261366484,821.3448420711011,2753.668268022353,714.271215290829,1303.8119711025488,3156.0154765683,631.602618495324,1471.534559932723,2992.848656361661,0.07999999999992724,F,R
DCB_se2_ag1_f_01_1,9003,AH0,3457,a,558.8902652724635,2039.7229914237666,2126.1777381065367,719.0688146460352,1940.0465214063381,2603.3733145813753,570.3529474513555,2123.2072300521063,2214.1647863115263,0.05999999999994543,R,D
DCB_se2_ag1_f_01_1,9005,EY1,3458,day,538.5275123891662,2359.0564243513554,2990.558374767245,718.6305810801666,2351.926398987385,3219.9094486354,545.697811756392,2719.043784190795,3092.6877015004043,0.25,D,sp
DCB_se2_ag1_f_01_1,9008,AH1,3460,but,557.0039906114517,1172.4358688845366,3223.4283628076523,594.2305903161202,1576.5162646278714,3180.450032131404,591.2465925982513,1600.5381756744048,3103.326776297944,0.029999999999972715,B,T
DCB_se2_ag1_f_01_1,9011,AE1,3461,that,570.449290232472,1857.7072789200772,3431.249408275685,622.5177310185095,1860.2884634896502,3284.5807166070745,572.5576039028234,1860.1103695946022,3509.89819535235,0.029999999999972715,DH,T
DCB_se2_ag1_f_01_1,9014,AA1,3462,was,632.2283698132499,1513.4127928222783,3345.7734261852142,631.3652967237705,1512.5095719646574,3346.117630164427,632.6457141711454,1513.8495508830458,3345.606984211249,0.030000000000086402,W,Z
DCB_se2_ag1_f_01_1,9017,IH0,3463,because,524.5767517605228,2326.8650872557855,3270.133083536653,555.3688303831625,2711.2489232990706,3316.1532783188527,549.0938309353037,2711.716872670928,3310.9500704353827,0.029999999999972715,B,K
DCB_se2_ag1_f_01_1,9019,AA1,3463,because,625.7834259504046,1677.0668244885353,3527.4565623786834,967.2051967295636,1777.6611880235048,2059.2231679407773,587.7846645443649,1893.531410012212,2964.907091843854,0.06999999999993634,K,Z
DCB_se2_ag1_f_01_1,9021,AY1,3464,i,930.8448848216198,1722.5405820879037,2365.827556200401,966.6250577690428,1619.0388697732756,2659.702306114,920.7127064002004,1832.027953765705,2260.2546613713944,0.07999999999992724,Z,W
DCB_se2_ag1_f_01_1,9023,AH0,3465,was,494.680886560303,1400.3492368208933,3303.301223538448,534.8351469882195,1345.1711912474254,2961.954352829399,486.520220805393,1409.9150778690848,2627.9800019893964,0.06000000000005912,W,Z
DCB_se2_ag1_f_01_1,9027,IH1,3467,really,505.780105388186,1292.955943028473,2503.8484840127508,509.7658116896114,1243.5078669087754,2537.1329518420207,500.66366858505273,1556.3967161715502,2936.8324502575742,0.03999999999996362,R,L
DCB_se2_ag1_f_01_1,9029,IY0,3467,really,356.6623305114612,1792.6154077519632,3000.5816329769427,617.9446190461483,2553.263844495928,3077.1113406458903,541.9946472075137,2785.410482256232,2942.1750157366355,0.09999999999990905,L,
DCB_se2_ag1_f_01_1,9033,EY1,3469,they,507.5904002502309,2440.275477906281,2860.383915204506,619.6875856563394,1877.500727333612,3072.1582572513403,506.9118035016564,2476.7508760892874,2848.839745511686,0.12999999999999545,DH,sp
DCB_se2_ag1_f_01_1,9036,EY1,3471,they,495.7111757174197,2247.2707832279475,3146.293814220419,498.5290010692033,2273.8352305302697,3159.9427614267083,498.60152096467493,2274.4528151771824,3160.2411792538924,0.029999999999972715,DH,W
DCB_se2_ag1_f_01_1,9038,ER0,3472,were,530.8524564150074,1640.7306991020066,3312.4615779048863,533.678299296302,1647.8004968562534,3367.1060991430268,531.7838695644809,1664.3755245446864,3348.0451010512315,0.029999999999972715,W,L
DCB_se2_ag1_f_01_1,9040,AY1,3473,like,735.975911040589,1746.0851100215361,3223.549091950203,750.5953584515208,1684.3953418824763,3223.3912225710546,694.2869130786721,1859.1437302691422,3194.7449323368123,0.03999999999996362,L,K
DCB_se2_ag1_f_01_1,9043,AY1,3475,i,1000.6987693539738,1900.0486804243542,2514.806650003679,1012.8041409992645,1901.8022630734495,2454.5200406006447,904.3977234227343,1836.946299388608,2639.6210350698775,0.15000000000009095,sp,D
DCB_se2_ag1_f_01_1,9045,IH1,3476,didn't,485.98305438525136,2384.787513505919,3149.401650059578,621.6176146970977,2163.782753710276,3296.6339049822,504.25718884302955,2508.8280781618228,3207.268662748612,0.11000000000001364,D,D
DCB_se2_ag1_f_01_1,9049,EH1,3477,ever,764.3353408295768,2092.9986207902084,3140.869473619982,807.0404017903496,1976.6634381699932,2868.0586926503024,599.2002719910964,2165.959661712046,3222.7516118523995,0.13999999999998636,T,V
DCB_se2_ag1_f_01_1,9051,ER0,3477,ever,702.3128488251812,1630.1899319067409,2473.777086694652,744.5202729662301,1576.8300756515457,2731.254424137103,714.9611157507564,1703.0554113555747,2594.841032879597,0.05999999999994543,V,HH
DCB_se2_ag1_f_01_1,9053,AE1,3478,have,769.9254354900276,1528.999348343678,2285.351187676335,846.2745516782309,1713.0116002900727,2462.4825725504234,839.6789888211664,1723.9534437679677,2394.9144124306968,0.03999999999996362,HH,V
DCB_se2_ag1_f_01_1,9055,AH0,3479,a,612.0360340561111,1235.8416978048726,2369.1919198752607,628.1770039781834,1260.847454173278,2547.8368394069353,573.3403491817068,1324.9863707920806,2308.528176914938,0.08000000000004093,V,P
DCB_se2_ag1_f_01_1,9058,AA1,3480,problem,904.5137727303963,1452.0382211517494,2172.1451945391277,911.5184552093142,1481.4159844739759,2125.556214490457,905.8436410971756,1490.1670593677877,2365.6995815796395,0.11000000000001364,R,B
DCB_se2_ag1_f_01_1,9061,AH0,3480,problem,681.8134778120923,857.0368947246122,1507.1631519720636,811.3515226813181,1446.1124236239343,3051.7785640728057,815.6429677397172,1472.7551684676573,3167.2225579117803,0.029999999999972715,L,M
DCB_se2_ag1_f_01_1,9064,AY1,3481,like,688.9181095844106,1611.7154282135984,2678.382169111966,756.8524521320024,1629.2104131775723,3118.259312181831,630.3193307666813,1921.111565586385,2985.948708436318,0.029999999999972715,L,K
DCB_se2_ag1_f_01_1,9066,AY1,3482,i,718.8587558990881,1345.155111875251,2067.919044529143,878.2409464588653,920.2319623646974,1941.8574255029025,854.9756497764032,2037.9593201381913,3057.6732703204825,0.08000000000004093,K,sp
DCB_se2_ag1_f_01_1,9069,OW1,3484,don't,698.1178488827677,1249.0720466225337,2448.4075455388834,719.3433228411111,1248.299965144558,1809.4205092316122,671.233920039119,1551.3295596373403,3053.37557664071,0.06000000000005912,D,N
DCB_se2_ag1_f_01_1,9072,EH1,3485,get,538.5256618260611,1780.2823702823225,2531.123440082155,646.6421134873457,2145.3886256187725,3096.547169443866,509.980092459635,2286.4518362190342,2758.636255480688,0.030000000000086402,G,T
DCB_se2_ag1_f_01_1,9074,IH1,3486,in,682.4252983960406,1911.3499020297393,3019.153615320275,688.8388357627821,2182.703401578024,3216.668009350497,670.4531049828778,2203.3510306520743,3194.879880879231,0.03999999999996362,T,N
DCB_se2_ag1_f_01_1,9078,AH1,3487,trouble,691.6169936746653,1366.5361178287728,3087.262841420786,710.1786519465076,1472.9553651465487,2475.5278736308105,698.4133813309611,1554.1816228637097,2825.8124988167547,0.049999999999954525,R,B
DCB_se2_ag1_f_01_1,9080,AH0,3487,trouble,459.9124296816395,1462.8383006353847,3057.5522018490165,514.2069030534351,841.2624423696785,2261.576822412238,459.04594683088357,1606.9836990983247,3535.446894946113,0.03999999999996362,B,L
DCB_se2_ag1_f_01_1,9082,IH0,3488,in,569.2209581102136,1766.8537705388112,2988.6160017036223,580.3885036171237,1691.2510969237453,2941.1949824524877,533.9853868167002,1870.4697130353613,1943.7179973283098,0.029999999999972715,L,N
DCB_se2_ag1_f_01_1,9086,UW1,3489,school,482.34588499495135,933.8750855913487,2492.6043938720563,812.9414793855342,1168.8235109123473,2379.2306815901934,549.1463204030313,1256.0708974911013,2490.4025228108676,0.05000000000006821,K,L
DCB_se2_ag1_f_01_1,9090,IH0,3491,if,752.4000502992918,1772.9228713654475,2940.6688333707266,889.6780204118729,1852.988930059195,2838.627620350313,812.490204859701,1867.830624325603,2775.6552873090436,0.029999999999972715,,F
DCB_se2_ag1_f_01_1,9092,AY1,3492,i,882.697225988273,1849.8670654960085,3057.6307887444946,902.5303305514975,1801.203180427692,3046.05688884703,785.3183591423381,1981.40050406947,3175.5376674816443,0.049999999999954525,F,G
DCB_se2_ag1_f_01_1,9094,AA1,3493,got,724.1598694774686,1486.5427006729205,2284.539985323818,729.9647339691745,2213.975693158486,3300.733041813165,728.9464529226871,2228.8533932343685,3303.2911541988396,0.029999999999972715,G,T
DCB_se2_ag1_f_01_1,9096,IH0,3494,in,565.3354813688509,1987.3095217785747,2375.171833454438,614.6645815698097,1973.0848248712632,2075.911755128124,552.5723563850245,2009.975101200446,2476.692521069388,0.03999999999996362,T,N
DCB_se2_ag1_f_01_1,9100,AH1,3495,trouble,674.9361470647324,1539.4218049791882,3366.1351215289415,749.5668224840291,1623.3724916080023,3423.369617378804,748.646199924654,1623.6775142461795,3432.799352740909,0.05000000000006821,R,B
DCB_se2_ag1_f_01_1,9102,AH0,3495,trouble,731.2821352595739,1010.2537131844114,3255.254446747945,858.4319686620295,1105.3888635233916,3258.6982491388962,815.4107922345909,1228.208390042238,3281.2693066247925,0.029999999999972715,B,L
DCB_se2_ag1_f_01_1,9104,IH1,3496,it,544.9333581979112,1583.0663728917784,3119.540500032728,590.5531925239909,1653.4344939264147,3279.0639141138504,587.6691283012999,1663.5793794226313,3222.9704307083803,0.029999999999972715,L,T
DCB_se2_ag1_f_01_1,9107,AH0,3497,was,470.99306723761026,1455.4439029481714,2730.0847969390975,624.1393065635813,1270.395251799611,2193.9110957473595,554.8768835183886,1497.1053358960878,3340.1336301678875,0.030000000000086402,W,Z
DCB_se2_ag1_f_01_1,9110,IH0,3498,because,532.8068079029624,1483.5852922515835,2989.4066651791504,542.6474839608853,2071.2889878675082,2980.852157145932,547.5528051462618,2522.8143991608385,2980.2037484431858,0.07000000000005002,B,K
DCB_se2_ag1_f_01_1,9112,AA1,3498,because,614.9289596395741,1640.889779833483,3332.0836756464414,690.8410896772016,1933.5080990054516,2958.936491565906,690.8410896772016,1933.5080990054516,2958.936491565906,0.049999999999954525,K,Z
DCB_se2_ag1_f_01_1,9114,AY1,3499,i,861.5971636342915,1915.4168238231878,2840.717970536175,870.4222982101096,1869.078868497039,2832.110234937505,670.7971775072033,1954.193041712249,3267.6366980022863,0.06000000000005912,Z,D
DCB_se2_ag1_f_01_1,9116,IH1,3500,did,492.60583069437,1849.6896946300415,2420.980083956379,644.9881248171698,2230.858905626765,3353.892929063015,495.0343062043228,2272.125245914557,2999.582920391741,0.07000000000005002,D,D
DCB_se2_ag1_f_01_1,9119,AH1,3501,something,738.6151698623892,1380.056718089146,1632.1014238620091,768.0630085712643,1448.126443847449,1619.4589260635569,654.7222312543444,1901.0782361050522,3008.3962739019285,0.049999999999954525,S,M
DCB_se2_ag1_f_01_1,9122,IH0,3501,something,513.4263911968071,2011.9343188948246,3184.9576307269945,646.850995291908,2024.8069688997507,2680.8978573417958,566.5079076408895,2109.5539721210957,3222.314288778334,0.03999999999996362,TH,NG
DCB_se2_ag1_f_01_1,9124,AE1,3502,at,766.8236071836858,2100.541170513685,3320.4014445631433,790.549682354517,2103.7756463433616,3203.416887064755,726.9117044148073,2109.2056344765697,3381.9362159623092,0.13999999999998636,NG,T
DCB_se2_ag1_f_01_1,9128,OW1,3504,home,804.5320734452741,899.1562044968866,2049.038879762558,812.6388231621471,919.6497813850472,2031.652316318202,657.6933894595313,1210.1749529972358,1902.2152143363987,0.11000000000001364,HH,M
DCB_se2_ag1_f_01_1,9131,AY1,3506,i,951.3754309355435,1825.4803063627853,2683.3694874203175,989.666167961626,1787.95613276531,2602.0503088159953,870.2659948057478,1956.5646480419011,3407.9354604322807,0.16999999999995907,sp,N
DCB_se2_ag1_f_01_1,9133,EH1,3507,never,711.974245520582,2015.8438398599324,2866.045569342544,752.1905250218139,1970.603529002918,2836.653714014184,608.4653182278536,2092.4339108724926,3136.036157655629,0.06999999999993634,N,V
DCB_se2_ag1_f_01_1,9135,ER0,3507,never,574.3488773243813,1284.006597376602,2105.8321504556334,611.1791384932617,1349.8683803606648,2568.896256977949,611.1370719364672,1361.4295326946658,2568.693145008982,0.09000000000003183,V,G
DCB_se2_ag1_f_01_1,9137,AA1,3508,got,780.4783331600944,1983.84975053703,2768.4327017800256,788.9829058064802,1974.498458928176,2832.9309642137496,751.4061771470871,2036.8247371042057,2716.446915842867,0.06000000000005912,G,T
DCB_se2_ag1_f_01_1,9139,IH0,3509,in,595.1295599106597,2043.4915476039728,3277.845177833964,603.2389579433374,2004.4611491920455,3308.3946807342963,557.9940541628571,2115.0048921379234,3227.848850844804,0.049999999999954525,T,N
DCB_se2_ag1_f_01_1,9143,AH1,3510,trouble,696.486910204955,1516.9700070286724,2896.8744516670135,709.2241368409182,1575.5538064636298,2873.4685246908066,687.5505163838225,1639.9521463154656,2808.11003738035,0.03999999999996362,R,B
DCB_se2_ag1_f_01_1,9145,AH0,3510,trouble,429.5877396488549,1048.1865118428068,2575.3844512113956,442.3693618331651,997.5231354377964,2507.550028870552,441.1880124704558,1089.5662214837448,2435.6583990791314,0.029999999999972715,B,L
DCB_se2_ag1_f_01_1,9147,AE1,3511,at,651.3992430587718,1754.438817030156,2633.291970705137,651.564873950834,1753.0648974377,2641.5426020608866,645.4685312793112,1886.949329814161,2851.9765593549023,0.029999999999972715,L,T
DCB_se2_ag1_f_01_1,9151,UW1,3512,school,465.1556610865913,1119.3070229134696,2889.627008813673,483.37422273516756,1520.274245467858,2770.4461644428548,483.37422273516756,1520.274245467858,2770.4461644428548,0.029999999999972715,K,L
DCB_se2_ag1_f_01_1,9155,AY1,3514,i,909.1914005956991,1717.1927245720365,2938.0450396957835,1159.8055167811767,1751.4005272005954,3042.7018971737634,968.8149271635433,1817.004219543312,3291.3870890768303,0.2400000000000091,,K
DCB_se2_ag1_f_01_1,9157,AA1,3515,cause,519.6320492139746,1718.9698557465085,3288.218519218822,814.48253615207,1777.425681136254,2744.638082630253,814.48253615207,1777.425681136254,2744.638082630253,0.029999999999972715,K,Z
DCB_se2_ag1_f_01_1,9159,AY1,3516,i,864.398925007396,1704.2257436983928,2965.8268510509565,866.4150188012782,1708.6013661175102,3000.4907742449004,688.6686052022868,1749.1649933763595,2560.7773907011406,0.05999999999994543,Z,W
DCB_se2_ag1_f_01_1,9161,AH0,3517,was,542.7802696491572,1483.5958422026688,3288.6925504282726,568.1443709843579,1437.1305390935,3372.3247383318776,545.48843515799,1508.3410561518622,3321.792828387065,0.029999999999972715,W,Z
DCB_se2_ag1_f_01_1,9163,AO1,3518,always,614.7639978837688,1097.0943706367736,3347.3565510501962,691.4110207710451,1208.5923781332638,3396.5582167729945,505.96074830174484,1274.8392092421375,3324.9455736836244,0.14000000000010004,Z,L
DCB_se2_ag1_f_01_1,9166,IY0,3518,always,497.1978179006174,2067.251389433107,3076.698220630603,521.2701993201315,1533.967022450158,3110.140840137868,495.95267476832066,2069.3004719485107,3074.584847195902,0.05000000000006821,W,Z
DCB_se2_ag1_f_01_1,9168,AO1,3519,on,678.0822667533462,922.1147969229773,2371.6178525440646,749.8490238885978,890.8586141940435,2249.2567778719927,675.5147848696477,1448.2670904086674,2220.105193305355,0.06000000000005912,Z,N
DCB_se2_ag1_f_01_1,9171,AA1,3521,honor,875.0601894404838,1019.8449044828646,1722.3915370390887,950.4577425182385,1037.423392009795,1804.263035736196,807.5396893116674,1601.3193624063008,2977.860036490804,0.1999999999999318,sp,N
DCB_se2_ag1_f_01_1,9173,ER0,3521,honor,651.9057165313251,1244.524616057736,2266.9542441261538,724.763072949382,1620.957348846896,2471.8994322577546,660.6896887488185,1667.0394401927917,2143.9319138307746,0.09999999999990905,N,R
DCB_se2_ag1_f_01_1,9175,OW1,3522,roll,612.5796494218698,1056.3783848053533,2214.114772212795,640.9892718126634,1046.6119006343558,1920.6094998090068,627.078757412088,1187.6326024630016,1895.7392570363656,0.11000000000001364,R,L
DCB_se2_ag1_f_01_1,9178,AH0,3524,and,728.4315984727732,1793.5034723728998,3052.0376610819544,868.9771539587542,1848.28316273676,3076.94581118308,704.7847106081108,1885.4113974051643,3112.4011566353142,0.029999999999972715,sp,N
DCB_se2_ag1_f_01_1,9181,AY1,3525,like,609.7989268592682,1912.1906321714775,2893.3677004384185,681.5551114255738,1862.9621904635135,2987.7495735091843,581.2634260559781,1976.9744354652767,2910.586954614198,0.030000000000086402,L,K
DCB_se2_ag1_f_01_1,9183,AO1,3526,all,622.0069143318119,1086.5617285469275,3245.7920336024013,696.1932274447634,1087.708220654166,3316.2662454091314,632.7738652258101,1170.792620011847,3053.9313215523775,0.029999999999972715,K,L
DCB_se2_ag1_f_01_1,9185,AH0,3527,of,588.8184352249167,1941.0075153070923,3282.794228264524,598.9813514678334,1905.7824160923822,3265.6240120620437,585.9127259506054,1939.745924874773,3282.973475813167,0.029999999999972715,L,V
DCB_se2_ag1_f_01_1,9188,AH0,3528,the,455.4412220929109,1938.219769812429,3151.189838164474,480.4971284943144,1992.4912748289287,3213.5130376126403,432.55584974096735,2014.6658436593457,3189.799698731689,0.07000000000005002,DH,T
DCB_se2_ag1_f_01_1,9190,IY1,3529,teachers,639.1490233308357,2395.9712462943535,3073.489597484667,684.0029520449746,2430.557218812962,3190.471530057017,533.9108922858695,2711.4849687845694,3133.8397217017514,0.05999999999994543,T,CH
DCB_se2_ag1_f_01_1,9192,ER0,3529,teachers,520.7474819933922,1817.9479863181389,3332.454660726449,523.2001458368311,1807.7384962950466,3220.3971501250544,511.1727911145693,2042.0272089599355,2815.874993699695,0.029999999999972715,CH,Z
DCB_se2_ag1_f_01_1,9195,UW1,3530,knew,476.61441047276327,1153.825699383259,3011.4902044314463,554.6506420846403,2179.0625685227283,3229.8250526201005,551.3485107842116,2197.6638090023966,3223.777585821584,0.14000000000010004,N,M
DCB_se2_ag1_f_01_1,9197,IY1,3531,me,529.662394512467,1770.3464527478461,2971.754433363294,586.1096172565016,2503.1800729596875,3393.766374260902,570.5551644458374,2548.496434739633,3433.986114898429,0.029999999999972715,M,AH0
DCB_se2_ag1_f_01_1,9198,AH0,3532,and,530.6176386576341,2208.9031828385505,3589.2850786843433,578.5761027950537,2459.016299683391,3432.8392788197284,578.5761027950537,2459.016299683391,3432.8392788197284,0.030000000000086402,IY1,N
DCB_se2_ag1_f_01_1,9201,EH1,3533,they're,628.0838984762979,2134.044535207679,3134.3876020599073,655.4101955023598,2000.7646014127574,3222.5702497285406,636.1461186516367,2141.678459716829,3176.9961022943753,0.029999999999972715,DH,R
DCB_se2_ag1_f_01_1,9205,AY1,3535,like,833.4200969913387,1881.2095073190428,3214.4517196055103,861.5384171863577,1842.7818244514397,3347.0211316966406,646.8382964979221,2159.218667899294,2733.2052487591286,0.07000000000005002,L,K
DCB_se2_ag1_f_01_1,9209,OW1,3537,oh,765.2960946715268,1175.4065273014758,3414.1632977907675,1085.1421946253877,2077.0474548310895,3585.3262439632595,1085.1421946253877,2077.0474548310895,3585.3262439632595,0.12999999999999545,sil,K
DCB_se2_ag1_f_01_1,9211,AE1,3538,can,533.7878932915933,2957.7705136448926,3249.4583011215973,556.3296271714717,2842.5976547731825,3197.625344439628,533.6718873197318,2963.556479519725,3252.969213053856,0.029999999999972715,K,N
DCB_se2_ag1_f_01_1,9214,UW1,3539,you,483.92067821013364,1096.8667675444922,2944.2416800030464,560.5939916136117,883.3037575921743,2912.1820851332027,444.13108947476786,2550.8216065230504,3329.8825292164856,0.12999999999999545,Y,R
DCB_se2_ag1_f_01_1,9216,IY1,3540,read,504.9659222218456,2734.0499904708427,3169.5906964341466,540.7462265033042,1775.545746484475,2563.3367717608835,502.760621578822,2733.367082842928,3099.186906182729,0.12000000000000455,R,D
DCB_se2_ag1_f_01_1,9219,IH1,3541,this,577.5003936718427,1973.869918406045,2714.7768508526874,578.5739338292518,1998.4385407860652,3109.6364257911064,569.9234552936584,2183.951732850714,2443.4006306610318,0.10999999999989996,DH,S
DCB_se2_ag1_f_01_1,9221,ER0,3542,or,576.6169851391558,1614.2655585687598,3278.16146183777,578.6928259765683,1609.3345544545966,3268.9417790121956,562.566895038108,1624.7335858523509,3303.2858540381817,0.08000000000004093,S,sp
DCB_se2_ag1_f_01_1,9224,AH1,3544,something,653.6225466641423,1516.5721859935925,3376.7406875828765,711.0543427396161,1666.0668652470674,3124.5997935578275,711.0543427396161,1666.0668652470674,3124.5997935578275,0.030000000000086402,S,M
DCB_se2_ag1_f_01_1,9227,IH0,3544,something,635.2235182991034,1450.5233755409897,2273.2592161626353,655.097091859749,1480.7962687202328,2343.9540374323874,571.3581734433973,1553.4049616968841,2404.542078649237,0.029999999999972715,TH,NG
DCB_se2_ag1_f_01_1,9230,AY1,3545,like,650.093563084148,1751.9436345893632,2572.1597183293925,786.152463892497,1671.2280909514725,2892.3833301723866,553.309083061499,1882.9913957065014,2734.159017515684,0.03999999999996362,L,K
DCB_se2_ag1_f_01_1,9233,AH0,3546,that,619.7288564018921,1803.2123521760445,3029.6819886724375,680.1519755488139,1831.092275224096,3074.0337045055026,637.0851079733116,1835.4683010437443,3084.2093660824835,0.029999999999972715,DH,T
DCB_se2_ag1_f_01_1,9237,AY1,3548,i,975.459579245648,1597.6496596554944,2546.475237402779,1170.732929255544,1645.1039141808783,3063.588171688599,1132.5962679811726,1729.7341953436803,2657.5822715719833,0.12000000000000455,sil,W
DCB_se2_ag1_f_01_1,9239,AH0,3549,was,502.7110002182114,1496.120154145906,3280.772048640026,524.7790934660884,1450.5224234651575,3371.332477205958,501.37897481364774,1493.5732549997772,3270.4380168961325,0.03999999999996362,W,Z
DCB_se2_ag1_f_01_1,9242,UH1,3550,good,674.2623930879793,1621.3971882595088,3405.684670244353,723.3952925616403,1685.686169831778,2503.220221390136,706.2826767894423,1812.9422160810109,2726.7933458585776,0.2599999999999909,G,D
DCB_se2_ag1_f_01_1,9246,OW1,3552,so,555.9992421092389,1499.2401409070822,3164.4796471011823,622.2046433718117,1508.328593866975,3293.5909523883984,567.6748433380461,1814.2860878264817,3245.5655764197772,0.05999999999994543,S,SH
DCB_se2_ag1_f_01_1,9248,IY1,3553,she,521.4370004445361,2037.9811173388637,2721.713909523008,512.9913789445579,1736.2321290916484,2702.7031184564244,497.7524323499054,2127.8682843558395,3233.3792923336173,0.05999999999994543,SH,W
DCB_se2_ag1_f_01_1,9250,AH0,3554,was,536.8643429286728,1579.8748473419078,3092.7078683281898,609.8641512546726,1598.9099629326527,3325.2837689872317,479.60303076858213,1646.6928913878485,2708.991329153805,0.029999999999972715,W,Z
DCB_se2_ag1_f_01_1,9253,AY1,3555,like,669.090674933514,2040.598923910432,3049.3080233426017,705.3865866625576,1961.0891692055382,2976.1162720022726,548.0396630465693,2105.251438379524,2878.496452882319,0.049999999999954525,L,K
DCB_se2_ag1_f_01_1,9256,IY1,3556,we,522.0041938200433,2066.858630389166,3103.142023752727,692.4848504276071,2907.0450020793874,2987.970273819529,564.0110221165406,2912.848569410379,3191.7289516011947,0.10000000000002274,W,K
DCB_se2_ag1_f_01_1,9258,AH0,3557,cannot,569.9854822845699,1677.0758986978485,2459.9314576899355,608.9820717913055,1971.460043173446,3069.9134709539794,567.5815872082504,2520.4524834597137,2771.055634331374,0.07000000000005002,K,N
DCB_se2_ag1_f_01_1,9260,AA1,3557,cannot,875.7702737896175,1695.6550672917201,2660.447757359777,1022.5068933124696,1795.7267253580749,2654.279429510299,892.3293163285671,1864.1056962185169,2252.9432930767452,0.06999999999993634,N,T
DCB_se2_ag1_f_01_1,9263,AH0,3558,suspend,506.3731992693818,1728.2981546248157,2990.868698785909,524.0043486593664,1742.7596406646762,2875.9035971855733,465.66008471266707,1818.1067161222375,3029.4150873004855,0.06000000000005912,S,S
DCB_se2_ag1_f_01_1,9266,EH1,3558,suspend,671.3461351450403,1615.93710374644,2168.2862084201415,680.2827441688378,2146.9742166782553,3369.281335791516,677.5368915002617,2169.7272357854513,3457.5101238777806,0.049999999999954525,P,N
DCB_se2_ag1_f_01_1,9270,ER0,3559,her,584.338931743308,1455.0249420527289,1920.5973568259053,629.5805814858745,1866.4629296912221,2329.000575929673,626.5784133473222,1895.0933453232094,2302.4235220248484,0.12000000000000455,HH,F
DCB_se2_ag1_f_01_1,9272,AO1,3560,for,487.9508145208192,829.9512588092072,2782.5801756292467,508.83482131445373,883.1447761183483,2926.9804403908424,508.83482131445373,883.1447761183483,2926.9804403908424,0.029999999999972715,F,R
DCB_se2_ag1_f_01_1,9275,AO1,3561,more,575.0468931751618,872.7034070817085,2707.434864198382,626.7982122134785,748.2535490046633,2481.17906351083,616.2880110259806,1275.7367720053194,3070.3276188042632,0.06000000000005912,M,R
DCB_se2_ag1_f_01_1,9278,AH0,3562,than,595.1373282754118,1920.5329844801063,3058.5088377884867,598.5261656722397,1903.9553074846187,3042.2377152801305,595.4303535491563,1920.9645729157473,3058.36226662581,0.03999999999996362,DH,N
DCB_se2_ag1_f_01_1,9280,AH0,3563,a,572.8915307284955,1970.4091142021668,3261.6589845272374,585.7803188647592,1862.153902911104,3222.4721346217534,533.193187292647,2018.750338958651,3051.3535299235464,0.07999999999992724,N,D
DCB_se2_ag1_f_01_1,9282,EY1,3564,day,528.7651229436972,2838.1989885005573,3406.409133913446,632.2362604163598,2527.1627723345914,3113.106960007383,525.6095320687906,2857.719439088257,3377.5752492847296,0.14999999999997726,D,B
DCB_se2_ag1_f_01_1,9284,IH0,3565,because,428.446434353234,2603.149523269142,2732.9406283430717,455.07914888497487,1812.8765648608105,2511.8437572795046,429.24619175901813,2619.8209457217913,2723.67943213904,0.049999999999954525,B,K
DCB_se2_ag1_f_01_1,9286,AH0,3565,because,578.0014159427157,1995.2407215505384,3176.2715585314822,712.3664926121386,1918.4256799577797,2699.94587815659,420.097363897039,2073.326570758065,3294.725726282525,0.06999999999993634,K,Z
DCB_se2_ag1_f_01_1,9289,IY1,3566,she,492.6263045246939,2387.0412420980165,2533.129081216245,506.31554996107826,2479.7525183790826,3440.670307786399,504.9808846789934,2480.329648933128,3386.7937567345894,0.04000000000007731,SH,S
DCB_se2_ag1_f_01_1,9292,AH1,3568,such,642.5709195726558,1834.6718176320346,2831.1791901236475,670.1984570640392,1739.8705811042316,2992.716326100096,602.6237295111792,1861.7381081685453,3229.0994583109305,0.10000000000002274,S,CH
DCB_se2_ag1_f_01_1,9294,AH0,3569,a,470.021757926537,1997.7247290499267,2994.2660375411942,565.4616469930949,1929.9361865751032,3026.098494920503,479.78581831766604,1995.8628534935156,3000.6156854457713,0.05999999999994543,CH,G
DCB_se2_ag1_f_01_1,9297,EY1,3570,great,452.34041317406627,2175.710995653125,2568.626189989169,451.83541905574447,2059.9995949110125,2563.727696222166,421.4274118184347,2261.1779222515456,2575.4424068300377,0.049999999999954525,R,T
DCB_se2_ag1_f_01_1,9301,UW1,3571,student,579.5267380419592,1338.9027385627219,3131.6804552619233,581.3297097822635,1258.1276671633557,3135.0895812189515,518.0129244176384,1969.9845123416217,2936.9803483390565,0.07999999999992724,T,D
DCB_se2_ag1_f_01_1,9303,AH0,3571,student,529.7294118469858,1927.6644711733202,2862.651421058025,551.1422109397554,2018.0435055705634,2537.6701618191787,551.1422109397554,2018.0435055705634,2537.6701618191787,0.03999999999996362,D,N
DCB_se2_ag1_f_01_1,9308,AE1,3573,and,692.7328808659605,2097.6314489774327,2960.0085581102,1051.9450271934465,2199.677463396408,3360.007493114826,957.1491895662095,2181.500475671146,3290.1915488240684,0.17000000000007276,,N
DCB_se2_ag1_f_01_1,9310,AH1,3574,uh,767.5243593783727,1643.2404548128638,3182.9486601317226,853.4601630753278,1627.0719226027827,3159.425578916233,838.5325124133517,1862.115587531514,3280.119776756015,0.38999999999998636,N,sp
DCB_se2_ag1_f_01_1,9312,IH1,3576,it,549.9275176556456,2124.6916573396848,3151.1428059340883,562.6790656969893,2090.0250846341,3056.131187123309,548.6467596895538,2123.4505041856896,3172.284043503126,0.08000000000004093,sp,T
DCB_se2_ag1_f_01_1,9315,AH0,3577,was,502.5859067419991,1773.745415027374,3001.474821627683,547.1787338162591,1812.1717800642207,3056.5590330896107,529.8959215030579,1829.7879400416718,3020.9735924887873,0.03999999999996362,W,Z
DCB_se2_ag1_f_01_1,9318,IH0,3578,just,464.95688182589373,1729.3725050381458,3124.15174257086,484.79992944931564,1743.1864188660586,3227.8191999391383,444.4183853335193,1812.3942014378522,3212.773970389693,0.05999999999994543,JH,S
DCB_se2_ag1_f_01_1,9321,AY1,3579,like,872.7089116793836,1823.93739878662,2609.6685504048173,882.6475756593939,1769.427146877638,1845.14722179686,872.3039354733115,1825.3118635967958,2637.949738180222,0.06000000000005912,L,K
DCB_se2_ag1_f_01_1,9323,OW1,3580,overturned,614.5800342761466,990.0662444854167,3075.1435437494897,764.7956080518369,1389.8501375271424,3074.062225578172,752.3289611580707,1432.5725528489481,3015.765611065183,0.11000000000001364,K,V
DCB_se2_ag1_f_01_1,9325,ER0,3580,overturned,463.1581286351322,1526.7283660190596,2811.3752953427293,551.5745232278117,1276.3536740462193,1844.3742954380778,445.85669748320055,1682.781920235875,2920.622982618874,0.08000000000004093,V,T
DCB_se2_ag1_f_01_1,9327,ER2,3580,overturned,824.1706316565355,1500.8348911719656,1831.0989178193913,858.2215808215243,1587.6854557075826,1670.4735470670362,742.4717867355936,1785.2828769193502,2671.293449668734,0.16000000000008185,T,N
DCB_se2_ag1_f_01_1,9332,IY1,3582,she,520.4757364764799,2441.4803543801263,3234.0709341234283,525.9837477765942,2713.385094025369,2935.8179171945035,525.785784816154,2709.596733413245,2921.7148364252876,0.049999999999954525,SH,W
DCB_se2_ag1_f_01_1,9334,AH0,3583,was,429.6017376209014,1840.3998699689782,3350.1931760564858,440.4519797967983,1632.6899437125094,3093.310559908404,413.0593320783656,1902.619738733407,3400.6367352018606,0.029999999999972715,W,Z
DCB_se2_ag1_f_01_1,9337,IH0,3584,just,430.46934332063034,1830.8044935103414,3065.841127659214,438.28610928324326,1867.464223525707,3099.9337015036267,437.19285597037975,1885.833469901098,3093.885041061374,0.07000000000005002,JH,S
DCB_se2_ag1_f_01_1,9339,AE1,3585,and,646.590874516674,2310.376212156074,2633.2545545852317,676.209583357071,2005.3710271257287,2212.9986763730844,624.0370188795184,2314.797020166023,2568.7303447724885,0.06999999999993634,S,N
DCB_se2_ag1_f_01_1,9343,EH1,3586,then,479.7697667570496,2050.261001413155,2914.379035248279,505.7032993613032,1903.320372500084,2839.27260019889,480.1476091473848,2092.8703340303096,2966.487293585015,0.030000000000086402,DH,N
DCB_se2_ag1_f_01_1,9346,IY1,3587,we,564.7463501405803,2823.5712892362385,2979.678263799457,629.2301690392499,2285.7937665987833,2965.187354336209,539.0816128585692,2867.8042312306075,2963.2777889822682,0.08000000000004093,W,HH
DCB_se2_ag1_f_01_1,9348,AE1,3588,had,690.2417061982418,2101.6637991693137,3162.7948142012974,726.8372500968642,2140.8362643202922,2407.398675232188,724.6660581839384,2144.804888247646,2585.045540625764,0.030000000000086402,HH,D
DCB_se2_ag1_f_01_1,9350,AH0,3589,a,591.1049896474358,1839.4931442126551,3275.5168810093473,605.5306247850169,1928.158724959668,3164.041062689504,551.7291896982068,1987.0498538486984,3292.07069611585,0.05999999999994543,D,M
DCB_se2_ag1_f_01_1,9352,IY1,3590,meet,644.6120979262744,2588.686907809154,2996.1340570191446,643.7056192181911,2561.722165094997,2992.8554345592265,481.7844965618809,2847.02521177922,3198.9546203887307,0.08000000000004093,M,T
DCB_se2_ag1_f_01_1,9354,AE1,3591,and,622.7754412703615,2137.14742376336,2774.399148617725,639.1965760408319,1981.7693525222478,2725.0129930343355,537.0259153822642,2363.879074721945,3139.744909863862,0.029999999999972715,T,N
DCB_se2_ag1_f_01_1,9357,IY1,3592,we,491.07774124018744,2356.9223429393564,2727.8160646149354,516.8754501178229,2364.871547011976,2980.3256060827935,500.80934399836065,2673.028577720227,2892.891238889608,0.029999999999972715,W,HH
DCB_se2_ag1_f_01_1,9359,AE1,3593,had,688.3615146734455,2031.909104377391,2936.5784596955828,695.7457394651396,2009.2799690477582,2893.9165207860906,660.2251287635131,2153.6939473009934,2442.0221838826246,0.029999999999972715,HH,D
DCB_se2_ag1_f_01_1,9361,AH0,3594,a,511.1491368807012,1695.61316130659,2806.4793781589588,580.2265218627705,1836.5983453568197,2676.7137399766934,567.6102277579813,1946.9800104186472,2456.1753308241,0.07000000000005002,D,P
DCB_se2_ag1_f_01_1,9363,EH1,3595,parent,797.3874133459033,1614.6087873258327,2111.434296692221,818.0552060730039,1691.1997823926454,2178.25446699339,737.407989098112,1712.5752600882638,2455.0127230011194,0.05000000000006821,P,R
DCB_se2_ag1_f_01_1,9365,AH0,3595,parent,692.5721794000044,1770.1821427101818,2191.836311935038,774.4651592171971,1800.7518906799326,2238.913303930104,618.1633334573446,1896.006967474384,2159.692077767389,0.05000000000006821,R,N
DCB_se2_ag1_f_01_1,9369,IY1,3596,meet,471.3363047619492,1955.7591691012906,3165.2549036652326,490.87176731841,2765.4406948506526,3170.5376472993435,486.65852206687276,2775.3257837501787,3124.149222072371,0.09000000000003183,M,T
DCB_se2_ag1_f_01_1,9372,AH0,3598,and,793.2377105153743,1923.3051579854584,2682.7008403034374,929.5065822488705,1966.3383455661533,3077.2847354558403,789.0614888336528,2022.2142850227222,2201.2582354165334,0.07000000000005002,,N
DCB_se2_ag1_f_01_1,9375,AY1,3599,my,701.8504800816467,1172.7563670094128,3425.1804382769997,705.5411900649871,1176.776534778619,3419.261342965905,683.0046478794045,1180.3536242457599,1715.8091684747244,0.049999999999954525,M,M
DCB_se2_ag1_f_01_1,9377,AA1,3600,mom,823.5760502981346,1205.7602476522734,1459.313950798826,875.0000745990048,1085.64178157599,1452.9678566981243,844.6237504246395,1391.078645972316,1477.3042120464206,0.08000000000004093,M,M
DCB_se2_ag1_f_01_1,9380,EY1,3601,came,648.345947441439,2419.383822758145,3080.8097843835794,658.4275738382062,2455.842342277179,3022.205939509658,654.7884936980123,2476.2961047246204,3065.460386284233,0.049999999999954525,K,M
DCB_se2_ag1_f_01_1,9382,IH0,3602,in,592.0760087219116,1700.936305456232,2074.4956799655806,620.5245613440319,1816.596658565778,1885.1303986563412,619.5975524003627,1877.3899263918665,1923.918277934263,0.029999999999972715,M,N
DCB_se2_ag1_f_01_1,9385,AH0,3603,the,522.7653472130377,1488.9593574704936,1719.5800740077182,593.6437176843248,1668.1261880835275,3017.4115902748863,593.6437176843248,1668.1261880835275,3017.4115902748863,0.030000000000086402,DH,R
DCB_se2_ag1_f_01_1,9387,UW1,3604,room,637.9639300316536,1255.0575085190005,2194.4214262895116,637.8430736948497,1254.5054045584425,2188.976864156367,637.7984190337353,1254.3014101638523,2186.96517752576,0.029999999999972715,R,M
DCB_se2_ag1_f_01_1,9389,AH0,3605,and,503.02178077083425,1385.5688772571154,2517.112243207787,536.4912562556952,1363.2151086646065,2464.2153857473186,527.107711129257,1435.400943785293,2512.5139945392552,0.030000000000086402,M,N
DCB_se2_ag1_f_01_1,9392,IY1,3606,she,454.1897854435877,2569.882530585256,2961.588953554706,589.3251803958698,2490.6342662863876,3381.395977672827,434.8744716008798,2656.060579393062,2792.4554291509294,0.049999999999954525,SH,S
DCB_se2_ag1_f_01_1,9394,AO1,3607,saw,665.466549099529,1344.6471061682314,3237.82194528559,669.5658716525188,1348.4722544252534,3279.777492791192,633.4305247841895,1509.0613246652968,3281.661791421869,0.049999999999954525,S,DH
DCB_se2_ag1_f_01_1,9396,AH0,3608,the,436.7819415631107,1587.9132024238556,2558.350353300714,535.968148070228,1602.371754666849,2932.571611595596,510.59498611864615,1894.482843286409,3111.6561512406856,0.03999999999996362,DH,G
DCB_se2_ag1_f_01_1,9398,ER1,3609,girl,597.4212970251481,1684.7457496360014,2162.194003740439,597.4197427025216,1681.8424032100327,2170.375341376217,561.3122014329464,1742.2966384761644,2214.9550507036724,0.030000000000086402,G,L
DCB_se2_ag1_f_01_1,9403,IY1,3611,she,994.0475535642108,2460.3158497146246,2649.631610576285,1186.0417042956135,2326.3269871085204,2564.8037252908107,963.2966501263141,2454.769120646144,2698.439166610255,0.030000000000086402,SH,S
DCB_se2_ag1_f_01_1,9405,EH1,3612,said,467.5798775658625,578.170033606904,2445.9660162539517,601.5610848633977,2396.2266792643427,3600.890234906303,601.5573207297805,2396.1896147825923,3600.885665522326,0.029999999999972715,S,D
DCB_se2_ag1_f_01_1,9408,AH0,3613,that,694.0492222187382,2333.0628160228393,3824.783194884874,713.1169871560563,2317.0578865840575,3822.051289931674,651.5423242029791,2370.0445352968527,3823.429243384664,0.04000000000007731,DH,T
DCB_se2_ag1_f_01_1,9412,AH0,3615,the,526.4785436535325,1620.6302019439236,3558.003301518015,590.4532429588278,1668.3780166734596,3462.703124217773,474.2426834591369,1794.0905112225425,3375.0318974950715,0.07000000000005002,DH,S
DCB_se2_ag1_f_01_1,9414,EY1,3616,same,688.0790372533645,2457.889706517511,3015.7000509367535,919.203442594544,1782.2893226097328,2972.503324242392,660.876662272347,3045.98209106892,3216.727497401563,0.2099999999999227,S,M
DCB_se2_ag1_f_01_1,9417,AH1,3617,one,731.7570747045352,1576.6750393726913,3384.1588583524494,763.2957099849311,1696.1961479219983,3443.1663018245877,763.2957099849311,1696.1961479219983,3443.1663018245877,0.049999999999954525,W,N
DCB_se2_ag1_f_01_1,9420,AE1,3618,that,654.2768588259246,2328.735287850685,3916.433678738253,704.5013581109965,1378.5008580486744,2579.6572076932925,655.9393958522189,2333.6251753861015,3963.523284406325,0.029999999999972715,DH,T
DCB_se2_ag1_f_01_1,9423,AO1,3620,always,886.0418747208109,1364.812539487944,3183.3574100252167,900.1385588582704,1446.827704377645,3637.119545366022,850.0419790158112,1565.660758393343,3092.48254700793,0.09000000000003183,S,L
DCB_se2_ag1_f_01_1,9426,IY0,3620,always,637.7581839530988,2136.945364663789,2864.5785187396127,652.7168428947983,1643.6040002383784,2572.064998528834,622.1146601181243,2457.0843959360823,3030.051277069892,0.05999999999994543,W,Z
DCB_se2_ag1_f_01_1,9429,EH1,3621,messing,757.9383667495251,1751.3750675820284,2362.0037165224635,925.9985333320793,1997.5034011793741,2243.715905372405,925.640159887795,1996.8154893271146,2241.6167604726174,0.06000000000005912,M,S
DCB_se2_ag1_f_01_1,9431,IH0,3621,messing,538.8905555082717,1388.9688774622214,2572.423713341049,665.0405859036615,1753.2619979536485,2726.7442213748436,654.9369297429299,1755.6068096783724,2720.181422350944,0.029999999999972715,S,NG
DCB_se2_ag1_f_01_1,9435,IH1,3623,with,628.0631620866233,1467.5566228725597,2939.6637196086876,630.4866156539866,1465.2285130532307,2928.4123549245687,556.3687771493364,1580.1103186173332,2984.800167606525,0.029999999999972715,W,DH
DCB_se2_ag1_f_01_1,9438,AY1,3624,my,881.0325248401916,1701.1145636434253,1979.0355832046857,892.8372368592505,1694.7572642791417,2879.502892182939,695.6379191548406,1989.3642254642186,2688.837963431949,0.10999999999989996,M,CH
DCB_se2_ag1_f_01_1,9440,AY1,3625,child,1031.9249954636105,1721.7635070528388,2606.0822071082057,1083.0240185080233,1812.511931727241,2486.5302095653965,1022.2679337292858,1951.6950919681342,2235.1569171227275,0.2400000000000091,CH,L
DCB_se2_ag1_f_01_1,9444,OW1,3626,so,673.7647599155162,1517.3834594899356,3119.193673506165,685.4519151671004,1575.5491888710455,2648.6915035407696,681.7228874198092,1576.2485694358998,2612.550086941179,0.19000000000005457,S,sp
DCB_se2_ag1_f_01_1,9447,IH1,3628,if,581.2477130518294,1964.7679518419354,2603.27293151276,1226.6050312724983,2139.7488218605063,2898.262219332688,583.8597716049334,2307.6572573718786,3216.6503092857024,0.15999999999996817,,F
DCB_se2_ag1_f_01_1,9450,AY1,3630,i've,1004.6706050408418,1857.5847191506698,2876.5553253564276,1007.2604957592639,1841.0486670708306,2878.2432429984888,835.2039746477212,2055.6691831837243,3050.8775208497273,0.15999999999996817,sp,V
DCB_se2_ag1_f_01_1,9453,AE1,3631,had,705.0960584141063,2150.68856637305,2429.4080411745686,729.390217624013,2161.6306233919736,2693.181195259812,729.3982396756506,2161.6489084796644,2693.2689288675565,0.06000000000005912,HH,D
DCB_se2_ag1_f_01_1,9457,IY1,3632,previous,543.9455531865882,2101.0647324787046,2590.7183437006656,561.3906981022038,2150.476630588089,2559.412042385418,548.4843872654793,2350.5645721333835,2631.9949467459974,0.08000000000004093,R,V
DCB_se2_ag1_f_01_1,9459,IY0,3632,previous,552.3460058957422,2387.9962522517485,2691.1121192531514,561.9296723346681,2459.8359025729233,2598.8111645184804,561.3123316716677,2464.1185153207143,2615.704804190296,0.049999999999954525,V,AH0
DCB_se2_ag1_f_01_1,9460,AH0,3632,previous,465.42232400613267,2047.1639373325447,2752.85759856124,474.0144774126583,2110.961746093173,2868.0811206302733,452.9783471737297,2224.1417631572344,2809.7600623664657,0.07000000000005002,IY0,S
DCB_se2_ag1_f_01_1,9462,EH0,3633,engage,547.373073654063,2219.6042752698986,3041.378446179775,599.3010139160178,2279.2294090397813,3172.2520040472705,601.5774533320732,2392.194340465073,3154.4820192009815,0.09000000000003183,S,N
DCB_se2_ag1_f_01_1,9465,EY1,3633,engage,545.3998635419593,2510.8276030981997,2981.1189231545654,607.8356081206704,2443.707233963701,2906.7418383500644,522.5943556340657,2575.923614387081,2874.492077218985,0.20000000000004547,G,JH
DCB_se2_ag1_f_01_1,9467,EH0,3634,engagements,550.0681554965149,1688.767235443084,2603.076785077674,608.0919479876109,2299.9133536325944,3190.8578771695807,586.3204873372374,2312.441117673242,3414.482413365773,0.09000000000003183,JH,N
DCB_se2_ag1_f_01_1,9470,EY1,3634,engagements,528.8380050517054,2306.691005087345,2552.8604619799207,621.3171538105087,2248.125163756372,3062.513168694989,485.40072856767915,2478.1196018717687,2909.1357837646983,0.13999999999998636,G,JH
DCB_se2_ag1_f_01_1,9473,AH0,3634,engagements,608.6179305709437,2117.737922191268,2374.286025958433,678.942654543481,2129.523435569917,2339.3005498889906,682.2783293033395,2130.329805588252,2332.3853718738283,0.029999999999972715,M,N
DCB_se2_ag1_f_01_1,9479,IH1,3636,with,586.5096716555431,2065.2394754590387,2819.982811072916,673.5297280897973,2021.6888321500085,2815.9051514024663,605.5519899627765,2064.16151995962,2793.509978165265,0.05000000000006821,W,DH
DCB_se2_ag1_f_01_1,9482,ER1,3637,her,619.1137658220059,1946.0149475398564,2745.0708569151047,689.726543829318,1950.4062461884778,2749.279523845784,623.3438268632277,1960.4642454348254,2757.9540521788444,0.12000000000000455,HH,
DCB_se2_ag1_f_01_1,9485,AE1,3639,and,603.764684445475,2348.3508540540233,3065.3214780468593,624.6508568810966,2351.3589203791425,3165.018349294284,621.9237164557019,2390.4205829816033,3197.057030515353,0.049999999999954525,sil,N
DCB_se2_ag1_f_01_1,9488,EH1,3640,then,728.6253687372206,2087.2226600161976,2848.434343481868,758.0444483976861,1824.925239191136,2146.1544808802155,591.6090239313462,2199.653539620611,3185.1783805994633,0.12000000000000455,DH,N
DCB_se2_ag1_f_01_1,9490,AH1,3641,um,729.4767643877357,1567.955919741723,3084.869536466846,852.425285954962,1638.3255422512684,3088.799548058084,776.8692329143784,1988.1527683285356,2920.8940476460475,0.2300000000000182,N,M
DCB_se2_ag1_f_01_1,9492,IH1,3642,it,508.1567862071721,2246.1006594105793,3093.7243359948097,569.4334799703258,2157.785952008256,3360.105297229708,549.1147122622851,2268.1814483016956,3236.501109121529,0.07999999999992724,M,T
DCB_se2_ag1_f_01_1,9495,AH0,3643,was,473.06268628594506,1549.458645670415,3130.1205468942476,497.24235477817876,1515.0520084382888,2644.4559909647946,458.86157710581915,1571.7319988920358,3127.034030095475,0.029999999999972715,W,Z
DCB_se2_ag1_f_01_1,9498,OW1,3644,so,638.6298858986436,1196.2632268434847,3268.842073575767,656.5737238651433,1525.600647871961,3317.7998143153236,610.4922700918397,1560.702850397391,3464.73611710681,0.10000000000002274,S,F
DCB_se2_ag1_f_01_1,9500,AH1,3645,funny,753.6498138792026,1498.998379201992,2705.3256365300913,758.9996442785798,1575.5799456234506,2803.4997753308376,737.1921262385313,1812.957934887004,3123.216628651938,0.05999999999994543,F,N
DCB_se2_ag1_f_01_1,9502,IY0,3645,funny,597.0720386184444,2434.599955727535,2667.728939875355,613.1102734083838,2337.1009459921897,2749.176069443239,593.1928198233265,2514.033918231367,2653.5981855814043,0.08999999999991815,N,B
DCB_se2_ag1_f_01_1,9504,IH0,3646,because,476.2819746919358,1396.4798124311503,2894.3159911170324,495.80435651821887,1661.5452284469172,2583.9513778100422,379.09184282091815,1835.6653067787195,2699.2315801395475,0.03999999999996362,B,K
DCB_se2_ag1_f_01_1,9506,AH1,3646,because,605.6299422297392,1814.244991700964,3142.638763641366,661.4012779711502,1797.844428341601,3288.3358379519955,628.2342852061797,1840.082503780561,2992.534107292462,0.11000000000001364,K,Z
DCB_se2_ag1_f_01_1,9510,EH1,3647,when,611.6467463909414,1055.0845628633713,2307.681850866229,632.1248704647693,1043.1300015529891,2338.0346231108647,586.1591309470107,1058.099720324361,2269.284972728231,0.029999999999972715,W,N
DCB_se2_ag1_f_01_1,9513,IY1,3648,we,449.88798218541086,2778.7357951054814,2899.599199298585,514.9679449175717,2556.7521081563123,2865.191404285986,448.1743751209056,2836.598229730428,2877.810465535623,0.10000000000002274,W,G
DCB_se2_ag1_f_01_1,9516,AE1,3649,graduated,698.9832094726763,1866.0192692616017,2379.409651380869,706.3043430011847,1980.346629643945,2274.532690960317,639.8222457953993,2282.4971145085824,3027.7051383139055,0.10000000000002274,R,JH
DCB_se2_ag1_f_01_1,9518,UW0,3649,graduated,443.19704079849635,1307.0702079025968,2607.4860993691636,537.1939811168997,1821.9806562540307,2031.6442521396298,537.1939811168997,1821.9806562540307,2031.6442521396298,0.07999999999992724,JH,EY2
DCB_se2_ag1_f_01_1,9519,EY2,3649,graduated,487.68864615672777,1630.404483597886,2459.3983023610535,556.2582199777113,1944.8037517371688,2031.0314229630667,445.594948573203,2424.415037030151,2642.062952599839,0.09000000000003183,UW0,T
DCB_se2_ag1_f_01_1,9521,IH0,3649,graduated,489.44598464155087,1958.2531316956706,2828.1100975877407,536.2043338544199,2084.2669096536215,2447.6811739205154,489.3298057152424,2318.266129461159,3131.4952178016642,0.09000000000003183,T,D
DCB_se2_ag1_f_01_1,9527,AY1,3653,i,1191.833635045496,1826.896887681466,2741.1939984106166,1285.761567634398,2033.5978168005245,2356.473575051367,1246.7953189972088,2428.432179705505,2774.3161083299733,0.1999999999999318,sp,W
DCB_se2_ag1_f_01_1,9529,AH1,3654,was,628.159928970606,1552.0125789933056,3085.6700643675913,631.5828480893208,1555.9375199361748,3090.141580925302,519.833577742522,1649.8102321568529,3121.184367687791,0.08000000000004093,W,Z
DCB_se2_ag1_f_01_1,9531,AH1,3655,um,839.4774894734929,1557.376028240755,3261.0954296179257,843.1251216073662,1575.2117920522835,3348.721472005811,764.5016315075676,1586.1294759351613,2135.3274747929668,0.25,Z,M
DCB_se2_ag1_f_01_1,9534,AE1,3656,vale-,950.7671540565391,1707.5261192322369,2265.231766733044,965.5025619892966,1710.546243184894,2767.8138095987547,956.1699894246306,1712.9809490702896,2986.5759493347286,0.11000000000001364,V,L
DCB_se2_ag1_f_01_1,9536,AH0,3656,vale-,583.5821970781783,2006.76878532059,3057.502060019621,653.914828813634,1731.8816878057783,2967.0752122871045,584.0751000693479,2005.7994483930129,3061.77169639643,0.05000000000006821,L,sp
DCB_se2_ag1_f_01_1,9538,AY1,3658,i,1009.9833134181507,1767.6280338606944,2621.6120952098086,1013.2180112390226,1771.1638355369357,2676.531179235613,934.7542719478628,1883.2236639478497,2761.9020953350096,0.12000000000000455,sp,W
DCB_se2_ag1_f_01_1,9540,AH0,3659,was,490.5522722845488,1352.1645800800989,3013.362103275344,518.77892393489,1406.4201508610731,3067.883944765013,512.9839795085819,1422.5651708645532,3048.9687936644436,0.03999999999996362,W,Z
DCB_se2_ag1_f_01_1,9543,AE2,3660,valedictorian,852.6173541296823,1701.1645446488549,2763.7767632874707,852.7797001402627,1703.7949950413874,2754.0443458008667,843.0815785363839,1747.999145269657,2887.4501338884497,0.03999999999996362,V,L
DCB_se2_ag1_f_01_1,9545,AH0,3660,valedictorian,630.6811525857636,1886.0230163231317,3053.906076506281,668.7738567127004,1783.9934084445852,3005.475586796438,597.5813543077572,1953.286449587387,3048.326822630221,0.03999999999996362,L,D
DCB_se2_ag1_f_01_1,9547,IH2,3660,valedictorian,412.48610758474405,2228.235466703726,2755.2803807577293,618.2586464650955,1945.6126966325176,2927.583254488231,418.4045930192176,2277.5860658852184,2700.5391316037617,0.06000000000005912,D,K
DCB_se2_ag1_f_01_1,9550,AO1,3660,valedictorian,747.5642425285042,1087.1672239326701,2412.3129073178507,749.7116785662195,1085.8655469771065,2410.4084801784725,727.0603789967613,1178.1178324966304,2257.55359533467,0.029999999999972715,T,R
DCB_se2_ag1_f_01_1,9552,IY0,3660,valedictorian,568.3514821039059,1711.9746604506743,2487.168854325916,629.4591685616065,1631.0476275692674,2555.348837067329,579.2425633948425,1748.9559735879413,2415.8828498302173,0.029999999999972715,R,AH0
DCB_se2_ag1_f_01_1,9553,AH0,3660,valedictorian,529.5336590358884,1655.2235372785512,2416.0590472550266,577.5213677412193,1662.7010169547693,2392.0497079898814,532.7669211496121,2113.938774925488,2890.564519599599,0.030000000000086402,IY0,N
DCB_se2_ag1_f_01_1,9556,IY1,3661,she,579.332463429561,2238.76336842064,2849.009249197831,591.1378092138,2651.7881378507896,3177.879522407275,582.3154356831914,2686.2139621437123,3574.206999075344,0.06999999999993634,SH,W
DCB_se2_ag1_f_01_1,9558,AH0,3662,was,449.80702474060377,1594.718414378067,3156.005658623558,450.1293891130066,1594.0066414755229,3117.0880530450395,438.59320321940845,1608.4357529302981,2752.6075048088196,0.029999999999972715,W,Z
DCB_se2_ag1_f_01_1,9561,AH0,3663,salutatorian,485.5476092781619,1423.1725987713055,2858.4502562069592,507.9701817996784,1542.0874360748564,2681.570449124624,507.9701817996784,1542.0874360748564,2681.570449124624,0.03999999999996362,S,L
DCB_se2_ag1_f_01_1,9563,UW2,3663,salutatorian,504.8011619566842,1245.5980342881223,2809.716914799852,519.3820313911913,1354.309570071252,2747.5021205580388,479.95905365980605,1379.9053610211838,2914.1501912100375,0.06000000000005912,L,T
DCB_se2_ag1_f_01_1,9565,AH0,3663,salutatorian,428.51453669961444,1671.049247739423,2999.935366844851,470.2668769763354,1667.0614655289291,2878.7890214488384,445.42620150542547,1725.2147569765916,2486.4183844081726,0.06999999999993634,T,T
DCB_se2_ag1_f_01_1,9567,AO1,3663,salutatorian,617.6520209292761,1217.4683926419495,2732.8500489786943,622.5023602947023,1201.3992461001524,2606.371504058585,605.3742425542702,1258.310109899787,3006.3229023136328,0.030000000000086402,T,R
DCB_se2_ag1_f_01_1,9569,IY0,3663,salutatorian,486.95652117068056,1509.0593804303028,2689.129626523582,502.803884404655,2265.1335920642437,2480.5757551188253,502.803884404655,2265.1335920642437,2480.5757551188253,0.05000000000006821,R,AH0
DCB_se2_ag1_f_01_1,9570,AH0,3663,salutatorian,532.0288107707786,1360.024857313285,2337.4185866127636,536.3200415673558,2078.653370094602,3085.483688286599,511.15662721027593,2381.338160233243,2435.8270851446773,0.029999999999972715,IY0,N
DCB_se2_ag1_f_01_1,9573,AY1,3664,tied,983.0993990383208,1690.9846249498019,1802.2202235328468,982.8891355766272,1691.006597110042,1805.2009522045737,937.9681872661961,1720.2422219596851,2103.375421584828,0.11000000000001364,T,D
DCB_se2_ag1_f_01_1,9575,AH1,3665,up,709.6425412942684,1639.6792572286452,3039.2706701932916,729.1087676531091,1661.2451841167428,3076.6797390554157,643.8861017919764,1780.4498164847046,1897.9556972935688,0.08999999999991815,D,P
DCB_se2_ag1_f_01_1,9578,IH0,3666,with,584.8986431600875,1726.4664457205738,3293.406533808826,619.6545136341277,1703.2826643077708,3335.2578040759026,536.8999879431498,1730.027479318272,3465.744776882038,0.06000000000005912,W,TH
DCB_se2_ag1_f_01_1,9580,AH0,3667,another,562.8658866047625,1732.5257706440536,2914.1638831975392,563.9825047137956,1635.2175758024318,2317.356748223435,559.5889266257697,1887.7870446472928,3106.0382088449114,0.04000000000007731,TH,N
DCB_se2_ag1_f_01_1,9582,AH1,3667,another,779.7942380493787,1696.815208644335,2810.296697038208,799.6682585141016,1755.0867180175894,1809.1956757746527,789.7444821067219,1763.437638097958,2668.8842951995757,0.07000000000005002,N,DH
DCB_se2_ag1_f_01_1,9584,ER0,3667,another,489.08372386207066,1308.1047650123849,2561.0578190633623,573.2937004493582,1807.9934749887818,3069.115739123015,572.7633969997793,1814.7109760512003,3094.7384308305654,0.05999999999994543,DH,P
DCB_se2_ag1_f_01_1,9586,ER1,3668,person,607.8878025367623,1463.563845419246,1743.8507321601674,710.6652936705551,1543.1622085883175,1775.1954969124042,539.7165613056707,1852.510440877424,2163.373934429,0.11000000000001364,P,S
DCB_se2_ag1_f_01_1,9588,AH0,3668,person,577.6181446066546,1773.4997663069114,1843.8132751935727,613.7687862692135,1850.9364315187286,2452.9469821257717,605.9033114560875,1897.5833246073596,2211.6955277080824,0.07999999999992724,S,N
DCB_se2_ag1_f_01_1,9592,OW1,3670,so,606.1778813873816,1127.5534902440688,3085.724211990668,717.5201188128111,1507.07696679307,2919.9701370129414,535.8979757055395,1575.4684253524943,2828.8459099917927,0.38999999999998636,S,IH0
DCB_se2_ag1_f_01_1,9593,IH0,3671,it,553.0311253481556,1332.7183074970644,2610.5156969912596,549.8417793417017,1380.185884894232,2617.2994176756442,516.4332364608251,1831.514033430433,2703.5192405203675,0.05999999999994543,OW1,T
DCB_se2_ag1_f_01_1,9597,AH0,3673,was,499.4310437044645,1565.450289511258,2642.045012187744,510.5593789192719,1550.0907662295674,2649.619838418721,484.8850533122202,1581.449968575236,2666.796342993226,0.03999999999996362,W,Z
DCB_se2_ag1_f_01_1,9600,AY1,3674,like,698.2707782927757,1747.6164784903567,2540.055682452634,709.2936757980842,1777.2296418015192,2510.445720086335,693.7354911363805,1797.659947543356,2195.051584920134,0.029999999999972715,L,K
DCB_se2_ag1_f_01_1,9603,ER1,3675,her,614.432311772627,1741.452921717581,2166.3216886629984,714.8015700019372,1605.0465547159727,1983.8646067370682,627.0125696879052,2214.739024529545,2300.553012335462,0.09000000000003183,HH,HH
DCB_se2_ag1_f_01_1,9605,ER1,3676,her,707.4084589017941,1436.2973038446382,1842.667866013916,715.8734820204376,1408.9811881956073,1760.6981079843124,714.4810533560191,1455.0374327728596,1813.3442144539197,0.049999999999954525,HH,M
DCB_se2_ag1_f_01_1,9607,AA1,3677,mom,935.8293344948148,1260.3810361851372,2340.6192848289934,987.1455289718816,1306.9783814451982,3255.695423925972,985.0158202414644,1308.969574268433,3317.6447375463395,0.14000000000010004,M,M
DCB_se2_ag1_f_01_1,9610,AE1,3678,had,634.3205354095335,2146.0334374451163,3074.819800072781,688.8406836179474,1904.1654099131104,2127.3559193138294,615.9937812062083,2201.660074938491,3365.391481654937,0.09000000000003183,HH,D
DCB_se2_ag1_f_01_1,9612,AO1,3679,all,684.3614285153486,1034.0904025465654,2941.6862336672034,740.5827856527012,1386.195198263997,2964.245461996439,737.3700497721928,1423.2782640649646,2913.0774376436757,0.12000000000000455,D,L
DCB_se2_ag1_f_01_1,9615,AH0,3680,the,551.5589817562716,1603.3489305849987,3000.9006807688615,631.6978472219482,1674.1520635262723,2093.8273282772416,581.9203337658757,1725.7306230792321,3277.5550837458477,0.06000000000005912,DH,sp
DCB_se2_ag1_f_01_1,9620,IY1,3684,she,526.6996799265133,2059.7511495612653,2340.8669050527697,686.0926006813032,2415.255383001348,2930.366544917844,660.6856591837786,2486.008443955901,2849.665819750491,0.03999999999996362,SH,S
DCB_se2_ag1_f_01_1,9623,AY1,3686,like,789.5651441891445,2066.9645931883024,2147.354171214706,813.1067895591696,1777.534560432311,2164.2795026926965,769.0355452686446,2135.9540490377585,2494.202207051256,0.03999999999996362,L,K
DCB_se2_ag1_f_01_1,9627,IY1,3688,she,390.2681750211962,1538.9769427878985,3155.5925311134547,409.0419655660044,1546.194302298443,2773.504330550766,365.93691940661085,2845.885606318316,3504.9756516666794,0.08999999999991815,SH,D
DCB_se2_ag1_f_01_1,9629,IH1,3689,didn't,650.3452761679612,2680.9037601448176,3459.1088731607,681.3719558500294,1134.4140405290261,2649.683822403738,675.1927825852857,2680.7211224046964,3457.8553854080283,0.10000000000002274,D,N
DCB_se2_ag1_f_01_1,9633,IH0,3690,deserve,583.3672908880644,1830.676224227184,3174.158246169086,598.4758327309378,1754.8704609717204,3097.3117503881776,584.0254796562463,2080.6471215918978,3254.6380375302033,0.05999999999994543,D,Z
DCB_se2_ag1_f_01_1,9635,ER1,3690,deserve,640.1238559942569,2203.7581879767345,2881.0423974767486,672.6657638470998,1855.3108044953203,2668.1900582131498,642.0618706271705,2265.7261527661467,2649.031234523488,0.16999999999995907,Z,V
DCB_se2_ag1_f_01_1,9639,AE1,3692,that,678.6657324975627,2238.472685495832,3144.237265233635,740.1727805981212,2217.0956133022373,3114.0912230618633,660.2664326841815,2298.7722528197137,3230.612685525108,0.06999999999993634,DH,T
DCB_se2_ag1_f_01_1,9642,IY1,3693,da,535.2345438906175,2077.930052335897,3164.2188257401476,580.6170979728104,2026.0805050132624,2725.142277957861,541.8083383584507,2081.4231237909853,3178.5345313268167,0.029999999999972715,D,EY1
DCB_se2_ag1_f_01_1,9643,EY1,3693,da,624.493550703249,2073.9893637689224,3208.01579629175,627.8810944071942,1991.157407053219,3156.2097415356275,619.3377958982355,2110.339059745894,3158.3969299052155,0.04000000000007731,IY1,sp
DCB_se2_ag1_f_01_1,9646,AA1,3695,da,601.0765060917952,1935.3560947996132,3072.7069598707817,601.9042092257081,1949.6509815071995,3067.123449933947,601.867974228377,1949.0251832463543,3067.3678835471233,0.030000000000086402,D,sp
DCB_se2_ag1_f_01_1,9649,AA1,3697,da,614.7342248574496,1921.0215053078582,3004.10917076828,623.2863489290817,1752.226003355401,2898.495340361625,608.1078849355928,1955.7067215736436,2946.6893147021838,0.05000000000006821,D,sp
DCB_se2_ag1_f_01_1,9652,AA1,3699,da,572.5561031586255,1949.332445650355,3175.5475240068017,590.3885658300657,1973.722181369782,3233.4509227365756,588.6673752944484,1973.459577485968,3220.227042548012,0.029999999999972715,D,D
DCB_se2_ag1_f_01_1,9654,AA1,3700,da,703.5678400059173,1431.328075284486,2013.627518515745,748.4225715954019,1639.1342696314161,2108.292753928628,684.9370306165283,1914.884743089172,3286.290477919727,0.08000000000004093,D,AE1
DCB_se2_ag1_f_01_1,9655,AE1,3701,and,709.2727708753131,2178.2822011673907,3093.0991308483935,728.307935429947,920.7590767095627,2186.3636300377566,719.2157136250761,2193.963089945318,3289.5580572964313,0.06999999999993634,AA1,N
DCB_se2_ag1_f_01_1,9657,AY1,3702,i,797.6551703222192,1648.9645873392908,3113.3177170291306,879.0598439905624,1761.2570949883313,3147.459097950899,879.7052158939774,1761.743911325771,3138.6179433904254,0.06000000000005912,N,W
DCB_se2_ag1_f_01_1,9659,AO1,3703,was,668.7718249581333,1271.8552895665212,2094.996940013457,894.8928225408475,1542.876792852045,3687.2116647357057,894.8928225408475,1542.876792852045,3687.2116647357057,0.11000000000001364,W,Z
DCB_se2_ag1_f_01_1,9662,AY1,3704,like,712.0792760110797,1799.0903855743736,1886.9699531594256,724.8995295120818,1346.594417559202,1714.3999082272335,669.6950058716121,2155.765376588701,2451.7411039440094,0.05999999999994543,L,K
DCB_se2_ag1_f_01_1,9665,UW1,3706,ooh,338.86629577065474,717.3199392325151,2429.828611116869,824.5971405862978,1606.4686858399411,3648.0288548441945,812.7232263763532,1664.2775646928494,3663.2045488071776,0.6000000000000227,sp,sp
DCB_se2_ag1_f_01_1,9668,UH1,3708,you're,660.7154326615637,1743.8325143133825,2090.025030315803,700.4084165280286,1373.56647506837,1800.9245324593576,544.5918738708506,2363.8965667701705,2486.263972147511,0.12000000000000455,Y,R
DCB_se2_ag1_f_01_1,9671,AE1,3709,mad,695.2177224940036,1198.3885479180776,2312.14404653482,915.9766335956541,1871.9440092953237,2752.3894807922024,591.3909113054882,2218.1860869710367,2959.9900575151346,0.5499999999999545,M,D
DCB_se2_ag1_f_01_1,9677,OW2,3713,okay,726.3586832890504,1416.9068931261052,3174.94565366027,856.3522360093095,1485.4663511335268,2306.1466153038537,821.4645281598183,1498.1670912407478,2642.970512300938,0.15999999999996817,sp,K
DCB_se2_ag1_f_01_1,9679,EY1,3713,okay,678.5158348951279,1996.3372023977347,2483.582216288455,714.3621015440282,2246.665756270154,2920.973698959125,498.87720438389005,2472.6553013600696,2935.249406331738,0.3300000000000409,K,spn
DCB_se2_ag1_f_01_1,9682,AH0,3716,and,660.6286841943048,2116.327032788911,3291.5440389418977,1281.4439953997394,1639.4284470887123,2808.02903641574,654.9731598947363,2138.190821998469,2865.8078454188553,0.03999999999996362,sp,N
DCB_se2_ag1_f_01_1,9684,IH1,3717,it,551.0872204258247,1798.7486780211277,2999.626409232541,615.3679032959585,1787.5208405021624,2831.9409713150035,564.9174480289887,1854.2970453221149,2982.8874826615297,0.029999999999972715,N,T
DCB_se2_ag1_f_01_1,9687,AA1,3718,was,527.9238306557277,1463.7807624257043,2581.745597490108,550.5975671748892,1454.3227579367394,2853.4516905855385,519.0367635333272,1533.4302955098392,3034.558535710147,0.029999999999972715,W,Z
DCB_se2_ag1_f_01_1,9690,AY1,3719,like,586.0202883610663,2035.7562347252717,3146.4675290760656,582.369211009684,2026.831506717314,3137.40766067277,515.7029694846717,2150.0916279376916,2958.4762145136747,0.03999999999996362,L,K
DCB_se2_ag1_f_01_1,9693,AH0,3720,the,560.2206095535572,2030.183040218968,3007.4284197097513,705.4122733096424,1910.821772235325,3059.9756601648983,560.6111732811153,2086.2496773448147,3144.543923550346,0.05999999999994543,DH,S
DCB_se2_ag1_f_01_1,9695,EY1,3721,same,667.0569431733629,2203.0570792965827,2473.2486457154205,711.4461956430735,2097.2719992027655,3067.808679563233,662.461913462181,2307.503238944697,2531.551976673662,0.09000000000014552,S,M
DCB_se2_ag1_f_01_1,9698,IH1,3722,thing,552.0790500976282,2145.2751543098416,3088.892083485799,619.90278475108,1636.7575015764978,2308.248752760686,586.4889910324944,2168.782027157735,3128.63243543056,0.03999999999996362,TH,NG
DCB_se2_ag1_f_01_1,9701,AY1,3723,like,772.7005949116427,1797.303025092332,3014.5168713773105,839.1351244960442,1743.252289562324,2910.1226412284286,693.3051264619786,1923.1657788340267,2817.217440648045,0.06999999999993634,L,K
DCB_se2_ag1_f_01_1,9705,EH1,3725,when,523.2367954602068,936.0564516659632,3379.0493448309444,565.3399445413035,979.3036415895989,3288.6989845114963,565.3399445413035,979.3036415895989,3288.6989845114963,0.029999999999972715,W,N
DCB_se2_ag1_f_01_1,9708,IY1,3726,we,579.0971404298699,2488.110929318531,2950.0870719388095,675.5229542953679,2539.8503167741487,2982.47325443201,645.1904048326268,2539.87400543582,2984.059394655458,0.06999999999993634,W,W
DCB_se2_ag1_f_01_1,9710,EH1,3727,went,666.8320249055458,1562.2391196102978,2707.546390127367,670.5412588388459,1665.968542405383,2800.123915747637,653.1455189503055,1719.5887437239721,2647.0272529010404,0.03999999999996362,W,N
DCB_se2_ag1_f_01_1,9714,AH0,3728,to,833.3890236599224,1877.4575984419025,2713.6976752416203,926.5030828938173,1907.235234334175,2560.4020902058114,641.5205377403946,1935.2811799316614,2979.9434986012034,0.06999999999993634,T,AW1
DCB_se2_ag1_f_01_1,9715,AW1,3729,our,971.4486327998832,1643.3974029296587,2352.981343311718,1020.5384679901799,1718.9029010776435,2396.931289643262,926.5030828938173,1907.235234334175,2560.4020902058114,0.2400000000000091,AH0,R
DCB_se2_ag1_f_01_1,9718,EY1,3731,eighth,491.052810233459,1856.8032686741728,2730.1724185439593,709.6125761529365,1446.391968983812,2953.666174794298,507.83521899918577,2524.518772826259,3058.7745195485686,0.19000000000005457,sp,T
DCB_se2_ag1_f_01_1,9723,EY1,3732,grade,437.37191350174766,1953.9192748031223,2491.825470107699,571.1056984079478,2041.2293659586924,2254.646171758921,511.4235885156172,2479.308193294715,3111.2046148561485,0.12999999999988177,R,D
DCB_se2_ag1_f_01_1,9726,AE1,3733,dance,669.1136473475755,2336.6963285861443,2910.600281213772,690.7391657392984,2285.5286807453554,2801.1645089277595,623.6705961540149,2413.8953174259204,3230.8270629850795,0.22000000000002728,D,N
DCB_se2_ag1_f_01_1,9731,ER1,3735,her,702.3190374366201,1563.3528823636007,2237.118411547981,721.7333173632835,1581.5466144374682,1931.9757013942985,713.4343320377443,1627.6783729439655,2049.537230119451,0.11000000000012733,HH,M
DCB_se2_ag1_f_01_1,9733,AA1,3736,mom,714.9666111696263,1259.857435490231,2210.457328642167,733.0605226220607,1377.457909874467,2034.104707436876,717.7240009254366,1390.233039947221,2139.1118801774705,0.05999999999994543,M,M
DCB_se2_ag1_f_01_1,9736,AE1,3737,had,763.3053561965885,2145.7849059801783,3324.8773611777056,775.9738092629342,2101.4275781453975,3103.1985894262234,765.8726303342579,2218.063534469192,3182.697206005981,0.049999999999954525,HH,D
DCB_se2_ag1_f_01_1,9739,ER0,3738,her,621.648799376175,1645.7190660582314,2184.51555421847,623.0103658087866,1487.0790431612068,2168.801893304061,620.5264989137524,1647.6393169915755,2182.8931483096685,0.049999999999954525,HH,IH1
DCB_se2_ag1_f_01_1,9740,IH1,3739,in,624.0543150104803,1756.7175911460317,2205.8676041986278,635.4223247714465,2094.2310250577916,2314.1991896655027,601.4117468843501,2158.435055533378,2282.170127831408,0.12999999999988177,ER0,N
DCB_se2_ag1_f_01_1,9744,AY1,3741,like,679.856463566391,1778.602056349789,2815.679955341604,769.7187809603604,1711.3675278987687,2939.6316528240204,520.5940091526256,2380.9736582933447,2619.8702699756363,0.049999999999954525,L,K
DCB_se2_ag1_f_01_1,9747,AH0,3742,the,410.7124692933539,1999.46938376373,3048.5600602358777,624.0832188030511,2010.7237385284996,3741.215622088852,607.4782820930792,2012.0437746156579,3678.71533868298,0.07000000000016371,DH,S
DCB_se2_ag1_f_01_1,9750,IH1,3743,skimpiest,489.4513495909835,2345.9621710420097,2695.325288150933,519.5690200511548,2385.562003109999,3032.390673777819,518.4804473075274,2381.8687669641395,3017.636413498101,0.06999999999993634,K,M
DCB_se2_ag1_f_01_1,9753,IY0,3743,skimpiest,520.7105765379245,2727.0869290334654,3495.0620894187336,586.8211089241502,2857.9469086158765,4004.6169867186813,544.0735587657651,2985.3967817326593,3750.456878661693,0.14999999999986358,P,AH0
DCB_se2_ag1_f_01_1,9754,AH0,3743,skimpiest,448.1262825101406,1956.4757551312427,2985.506298651795,506.7431656948238,1963.7944775903109,3002.197813400049,478.2579328115598,2071.332675922348,2993.4240156881365,0.07000000000016371,IY0,S
DCB_se2_ag1_f_01_1,9757,AW1,3744,outfit,880.7700197535695,1580.245601665976,2948.6940484604966,985.2115718394612,1630.391362786066,2604.4154279228014,910.0368300593432,1835.1346523376285,2497.0611717452116,0.13000000000010914,T,T
DCB_se2_ag1_f_01_1,9760,IH2,3744,outfit,534.1546599092649,2176.832163770904,2996.6220808908915,562.316191147469,1663.3320220348112,2780.384867953105,551.0595360268821,2293.800723500627,2831.10067874248,0.06999999999993634,F,T
DCB_se2_ag1_f_01_1,9763,IH0,3746,it,494.3005745165283,1494.2896877781864,3049.7845422535916,586.6539562081947,1681.5423733422188,2744.267866643545,570.8287616410016,1677.1788817889703,2890.782908828734,0.029999999999972715,sp,T
DCB_se2_ag1_f_01_1,9766,AH0,3747,was,438.3833113941594,1582.5017212074813,3150.703830165091,459.9395094613398,1658.7381932013534,3112.106375395993,459.4677830821552,1658.2717599335838,3109.607708094453,0.029999999999972715,W,Z
DCB_se2_ag1_f_01_1,9769,IH1,3749,it,481.9207393429753,1896.1726363291036,2864.9527230923472,790.2409223880044,2178.9300068598295,3216.9426337957525,798.8267226029438,2200.5050105911832,3264.73557061975,0.11999999999989086,sp,T
DCB_se2_ag1_f_01_1,9772,AH0,3750,was,574.9422988657186,1446.5146252123584,2881.481107191257,581.5161698328856,1450.8702386439927,2949.132584894784,577.8863240535704,1505.9343688448512,2885.118486824206,0.03999999999996362,W,Z
DCB_se2_ag1_f_01_1,9775,AY1,3751,like,614.0500570492762,2012.7035724289312,3016.1267175754433,633.4986589711114,1877.1215059865597,3043.537801930083,595.951243235855,2110.232326225221,3033.0269231559196,0.049999999999954525,L,K
DCB_se2_ag1_f_01_1,9780,AE1,3753,that,704.8511595515129,2016.3745963274932,3109.7184059295782,831.3186227408971,2102.2396618514717,3513.458023465884,831.3186227408971,2102.2396618514717,3513.458023465884,0.049999999999954525,DH,T
DCB_se2_ag1_f_01_1,9784,AH1,3755,something,671.9252370830186,1601.4783771649518,3293.232865772755,725.0974740129324,1521.760582839107,3101.836549241633,674.4601146854352,1602.712522419971,3304.9038923473304,0.03000000000020009,S,M
DCB_se2_ag1_f_01_1,9787,IH0,3755,something,630.8667942693033,1513.9919390768648,2733.6272184854356,669.1094521030703,1431.8064593661181,2509.981915958764,608.5079021992426,1537.9555960284124,2636.9137886497597,0.029999999999972715,TH,NG
DCB_se2_ag1_f_01_1,9790,AH0,3756,that,542.1808892266487,2066.2446142855442,3184.9462295758417,591.5433580004903,2051.1433792440985,3189.340753234143,487.8232112184916,2131.016930060098,3261.6731736290003,0.049999999999954525,DH,T
DCB_se2_ag1_f_01_1,9793,UW1,3757,you,573.4306445570522,1383.4386789618989,2751.5157935059797,582.8375966898662,1421.321004665727,2543.520545266317,540.5484776131602,2297.2946241228083,3370.9264691307903,0.049999999999954525,Y,W
DCB_se2_ag1_f_01_1,9795,EH1,3758,wear,493.67639138552863,1609.10804565045,2788.1606600250234,535.202990361029,1826.3376481136652,2800.916525425697,472.4037653620544,1945.6449668577939,2839.832255748629,0.0500000000001819,W,R
DCB_se2_ag1_f_01_1,9799,IH0,3760,to,449.23711100421554,1853.2674746801279,3036.204401815635,494.33661358714545,1855.9484371977494,3020.735685549535,457.8409019290696,1893.4230478094623,3143.3751384927023,0.06999999999993634,T,DH
DCB_se2_ag1_f_01_1,9801,AH0,3761,the,438.74354189079,1577.8727626071895,2942.350489710605,469.4566369375513,1701.5515714214137,2959.32628332592,441.83675319272754,1766.4971573724251,3109.9613207224793,0.08000000000015461,DH,K
DCB_se2_ag1_f_01_1,9804,AH1,3762,club,526.8736694026414,1520.1515655949534,1708.295964007175,604.4152406983658,1658.266745234442,3120.6880594041104,527.456939216318,1674.147710305546,2057.5128879580925,0.11000000000012733,L,B
DCB_se2_ag1_f_01_1,9807,IH1,3763,when,429.2083730869641,1955.9890920931682,2567.372297913037,437.60191198861963,1639.087844884319,2255.2663789571125,427.3954806452799,1988.2767326795572,2660.207321403118,0.03999999999996362,W,N
DCB_se2_ag1_f_01_1,9810,UW1,3764,you're,505.0699117335695,1638.4629974501818,2158.961685935195,557.3049608239525,2481.539258410748,3719.3143086076134,557.3049608239525,2481.539258410748,3719.3143086076134,0.05999999999994543,Y,R
DCB_se2_ag1_f_01_1,9814,EH1,3765,twenty,637.4041508746784,1460.3471462091854,2476.7315463733626,656.2273837477517,1148.2060426513024,2052.9667601384435,587.7179706202089,1784.9458965039703,3393.086465843181,0.049999999999954525,W,N
DCB_se2_ag1_f_01_1,9816,IY0,3765,twenty,398.93767549998955,1743.76269825941,2784.754752768032,435.5762591113762,1675.5405657659678,2630.8392862050223,400.3941787373207,1808.444286470102,2756.1052205278097,0.049999999999954525,N,F
DCB_se2_ag1_f_01_1,9818,AY1,3766,five,810.6224664020965,1935.0058662606982,2752.472500292979,825.630051966978,1623.2899996357944,2054.49864400131,809.2229574876247,2040.4728467883108,3487.91210973869,0.14999999999986358,F,V
DCB_se2_ag1_f_01_1,9821,ER0,3767,years,543.6190095253921,1915.8008894483394,2788.9607815263225,545.0196746556663,1988.7420730471056,2690.708060306415,510.2652690308047,2110.9398878408524,2872.0911976058906,0.09000000000014552,Y,Z
DCB_se2_ag1_f_01_1,9823,OW1,3768,old,572.2168823112496,1268.2806583981733,3123.5425433411033,718.8874535750552,1595.9211779237346,3043.3854744582227,566.8873954841205,1667.669005947846,2877.0317812813537,0.17000000000007276,Z,L
DCB_se2_ag1_f_01_1,9827,AY1,3769,type,686.4958902585031,1904.3244227421405,2536.389037118932,749.2722563823966,1774.0982836228482,2409.3076338107116,643.0764093789844,1995.8563427828644,2620.052333711931,0.0500000000001819,T,P
DCB_se2_ag1_f_01_1,9829,AW1,3770,outfit,828.4949646509482,1650.10605836905,2351.5702933751218,848.2602165941082,1635.0989943415082,2926.618023013173,838.4166697788603,1789.228404976484,2159.4661646506606,0.12000000000011823,P,T
DCB_se2_ag1_f_01_1,9832,IH2,3770,outfit,566.4410032468857,2206.3042042572556,2375.1342089151367,573.9572977810128,2158.1803614978135,2357.1520873456807,435.55144793173935,2612.116779769128,2759.1770983023266,0.16000000000008185,F,T
DCB_se2_ag1_f_01_1,9837,IY1,3772,she,554.9697600535771,2248.990561392825,2742.4353447427848,597.9597689634234,2244.269588915001,2814.207559559039,516.3701072707787,2546.961027370806,2607.3658640103663,0.15000000000009095,SH,SH
DCB_se2_ag1_f_01_1,9839,IY1,3773,she,383.07286611492935,1763.998879243253,2770.6633624296624,423.5427444047922,1765.0726624809008,2839.6616767630208,389.8121238162118,1835.5335509129313,2861.2486712510927,0.0500000000001819,SH,Z
DCB_se2_ag1_f_01_1,9842,AA1,3775,wasn't,716.9687402209184,1634.3187879132956,3357.7962305535157,722.2827957151053,1640.9567447698614,3339.9060477751555,695.3652222303374,1669.0730314737882,3412.9298058236195,0.07999999999992724,W,Z
DCB_se2_ag1_f_01_1,9844,AH0,3775,wasn't,628.3478928168738,1643.297644740028,3336.966414445627,667.6113016599378,1613.26086008626,3258.3621374951617,607.018214836781,1712.851116371367,3256.115630285389,0.03000000000020009,Z,N
DCB_se2_ag1_f_01_1,9847,IY1,3776,even,623.0294043291533,2784.516321265699,3169.7632212870667,633.9557925734739,2679.0576137948206,3073.82272219443,626.9632590468683,2794.2024873755745,3165.5517964480205,0.029999999999972715,T,V
DCB_se2_ag1_f_01_1,9849,IH0,3776,even,595.2585584824028,1612.1879303715882,2848.9762261169712,604.845518832517,1538.7468684118937,2992.1010926209547,599.4033349296081,1618.0561361581708,2849.148318460187,0.05999999999994543,V,N
DCB_se2_ag1_f_01_1,9853,IY1,3778,we,404.22692450095377,2117.7963344262407,2541.4177268586363,523.8471605630764,1787.02982939807,2461.1478892458103,402.14460934831226,2121.3587050953774,2332.3239929503907,0.10000000000013642,W,W
DCB_se2_ag1_f_01_1,9855,ER1,3779,weren't,709.4117118365193,1690.6580499220279,2532.044748530144,736.1382228749869,1911.094766710949,2204.14933974064,731.1281797768785,1946.7475376165303,2259.9314731102113,0.06999999999993634,W,N
DCB_se2_ag1_f_01_1,9858,IY1,3780,even,574.7903267058915,1852.0295722327326,2695.0811799551852,573.4007229641979,1846.3071144989035,2696.948015406706,524.7245450542248,2234.0539557835173,2554.893832343586,0.03999999999996362,T,V
DCB_se2_ag1_f_01_1,9860,IH0,3780,even,557.6859112592132,1586.9853058822985,2671.2432219958323,600.2651153768547,1541.9172550681783,2710.9668393228844,559.2537358415394,1586.859853975897,2678.80869644143,0.03999999999996362,V,N
DCB_se2_ag1_f_01_1,9864,IH1,3782,fifteen,546.0332017754753,1855.9562635615725,3016.6867722017782,648.2734328739697,2006.0665348863283,3230.667305144923,648.2734328739697,2006.0665348863283,3230.667305144923,0.029999999999972715,F,F
DCB_se2_ag1_f_01_1,9867,IY1,3782,fifteen,633.8045004966543,2199.5422065598423,2726.8848274004986,642.5395549475578,1744.51569875024,2835.3136628267134,604.4803479931414,2676.993346284203,3666.9874419269377,0.17000000000007276,T,N
DCB_se2_ag1_f_01_1,9870,IY1,3783,we,499.2523284326241,994.7451267266861,2560.9206360593685,595.2052905494687,950.0279879674696,2479.669597884415,476.5721918773278,1145.1538136380218,2415.622181140908,0.029999999999972715,W,L
DCB_se2_ag1_f_01_1,9872,AY1,3784,like,490.1175657193742,1424.0003461237982,1690.7988969885441,619.1266805960042,1662.48399271809,1728.8072800273994,619.1266805960042,1662.48399271809,1728.8072800273994,0.029999999999972715,L,K
DCB_se2_ag1_f_01_1,9875,ER1,3785,thirteen,731.7583328502898,1724.7861019122088,2404.374887408707,804.282616077505,1639.1304252813638,2305.605974200132,644.554210575441,2198.610741642911,2303.9632862300855,0.029999999999972715,TH,T
DCB_se2_ag1_f_01_1,9877,IY1,3785,thirteen,663.1243572501592,1714.6150047701553,2889.136743567621,717.5941714319268,1630.3015112205483,2965.0175322503133,464.2019368675654,2656.259066878369,2876.6807957670676,0.2699999999999818,T,N
DCB_se2_ag1_f_01_1,9880,AO1,3786,fourteen,646.1049017812543,899.3300158621953,1843.9096705625452,671.9441914297306,708.0892953732633,2279.1660334584953,656.2681828005778,1078.222046818025,1490.26221074569,0.060000000000172804,F,R
DCB_se2_ag1_f_01_1,9883,IY1,3786,fourteen,569.5785931234551,1846.908067722391,2681.537068601769,619.1204522760931,1920.129658532088,3215.2726678053937,586.1257000056429,2320.0167463469106,2805.598421556859,0.18000000000006366,T,N
DCB_se2_ag1_f_01_1,9886,IH1,3788,in,672.2643941614907,2309.205805669213,2677.9341953629905,755.421884454888,1639.4001719319645,2873.6032303179913,693.1988504814858,2567.2848159652995,3486.220156976722,0.09999999999990905,sp,N
DCB_se2_ag1_f_01_1,9889,EH1,3789,there,670.9103236198408,1974.8680104923553,2501.9560281136296,721.3309045104338,2213.0725394159995,2953.0819697321663,609.2200749446723,2558.364459848813,3293.297237253019,0.14000000000010004,DH,R
DCB_se2_ag1_f_01_1,9892,AE1,3791,and,704.5871338984507,2087.415504912531,3164.3492310112792,867.3633165496716,1919.613760517608,2944.9012179672523,661.0122268802281,2151.6198253394114,3126.6848611630253,0.07999999999992724,,N
DCB_se2_ag1_f_01_1,9894,AY1,3792,i,911.9327662043477,1795.7952100639966,2596.9766521795345,962.631574003036,1845.019870349938,3105.818123790495,867.5050762099554,1989.5736599144152,3106.0101301110863,0.07999999999992724,N,HH
DCB_se2_ag1_f_01_1,9896,AE1,3793,had,790.0995528077411,2060.129154297852,3127.438269512691,865.3243185333296,2076.7509943178993,2918.38733423765,864.7424242961399,2110.5102265084324,2915.4114431456687,0.040000000000190994,HH,D
DCB_se2_ag1_f_01_1,9898,AA1,3794,on,693.146369532576,1622.0877111447196,3245.7385086430995,707.7070576020242,1625.0531466977939,3224.2450018070103,679.5121499714754,1637.7097084834663,3306.985182158037,0.029999999999972715,D,N
DCB_se2_ag1_f_01_1,9902,AY1,3796,my,572.2033923015794,1573.2924827957809,2761.8233839774307,605.1771825133328,1629.3881932829197,2633.798739365283,605.280232249246,1630.0443946865662,2636.925909692942,0.029999999999972715,M,N
DCB_se2_ag1_f_01_1,9904,AY1,3797,nice,676.4266114864943,2292.0407651403257,3015.5367333812464,835.5334736309751,1583.835795368373,2826.5286646947316,644.7462590978138,2297.410481816867,2982.543732904468,0.11000000000012733,N,S
DCB_se2_ag1_f_01_1,9907,IH1,3798,little,534.6962532373044,1050.7993466081332,3014.0950639792422,552.0467070645271,995.0527122874707,3203.9535505952563,517.9113031893007,1083.9407178676938,2790.031639544896,0.029999999999972715,L,T
DCB_se2_ag1_f_01_1,9909,AH0,3798,little,508.32577530635655,1057.3574655482487,3173.691002299677,529.8218360500531,992.002377184459,3032.8832733537593,493.1557142403962,1170.2655777940124,2959.7800507039665,0.03000000000020009,T,L
DCB_se2_ag1_f_01_1,9912,UW1,3799,tutu,445.4365773131277,1171.50333170868,2987.484451821348,534.727864709,1597.678563504646,3076.1705618004703,492.41307125393234,1873.656251453355,1942.6101722971364,0.11000000000012733,T,T
DCB_se2_ag1_f_01_1,9914,UW2,3799,tutu,551.5300332056711,1442.9612631386933,2764.864954516845,559.2503135388092,1426.9648506837889,2845.2173105841343,473.7299327795831,1674.4807657441288,3041.1465267030326,0.08000000000015461,T,D
DCB_se2_ag1_f_01_1,9917,EH1,3800,dress,755.3394785089492,1837.7775816191113,2274.976578339272,792.6324915328223,1911.6684986556509,2318.0918950214564,740.2663187264901,1978.8684767050013,3111.6892833836637,0.11000000000012733,R,S
DCB_se2_ag1_f_01_1,9920,AY1,3802,i,632.9757954364974,1359.6068224841608,2519.978597877527,668.6548801542857,1626.1988113658663,2594.6093206732867,629.9960481056677,1651.985451267745,2557.930919514052,0.03000000000020009,sp,sp
DCB_se2_ag1_f_01_1,9923,AA1,3804,was,619.3583910923849,1705.953898960832,3431.2965780183013,635.1496393277375,1542.0190838034325,3337.042016262829,596.2952889380251,1813.587493441076,3308.655916807361,0.029999999999972715,W,Z
DCB_se2_ag1_f_01_1,9926,AY1,3805,like,613.5862406825707,1866.0422721634284,2547.055084619452,735.1388866663586,1652.0960039542872,2549.6971769553184,547.0515754343174,1998.5751027624656,2737.712362024882,0.029999999999972715,L,K
DCB_se2_ag1_f_01_1,9930,IY1,3807,cheese,538.3169234419942,2592.837902871763,2795.7029527751483,577.2195054061089,2725.731021528497,2740.186161444071,481.6975820277162,2805.973734860963,2977.612962056029,0.25,CH,Z
DCB_se2_ag1_f_01_1,9933,AE1,3808,happy,998.0690924728485,1814.15016652218,2519.641958279563,1000.0240610749956,1715.8770599908987,2442.0778757517196,997.8907576060942,1808.4244280376772,2518.0769606869867,0.06999999999993634,HH,P
DCB_se2_ag1_f_01_1,9935,IY0,3808,happy,501.8085246722042,1532.0317602797693,2369.199380341968,512.2908312580395,1684.1839234151566,2357.226111463772,511.1134482281544,1764.608273553581,2335.7229782478084,0.03999999999996362,P,B
DCB_se2_ag1_f_01_1,9937,ER1,3809,birthday,669.371389873903,1496.8973106986894,1962.1217460764556,720.2750824551024,1556.4778209575147,2001.3732407649825,636.0363119616359,1565.21139691163,1948.1577914443585,0.07000000000016371,B,TH
DCB_se2_ag1_f_01_1,9940,EY2,3809,birthday,594.4076022215822,2031.4538683365138,2713.3499627014758,685.8144761781704,1931.7773502955854,2461.3451279202077,662.6906259924191,2247.115231861406,2376.58391444044,0.14000000000010004,D,G
DCB_se2_ag1_f_01_1,9942,UH1,3810,good,530.8535681542099,1757.9548876430317,2491.5208707441425,566.1836370630946,1636.421083522833,2496.2524126827175,516.9607013982443,1849.4793294566803,2577.0511687445064,0.03999999999996362,G,D
DCB_se2_ag1_f_01_1,9946,AO1,3812,morning,637.596627533207,1114.5620030096836,2096.888262525461,713.670007723629,1680.817024458228,2893.615830427539,713.670007723629,1680.817024458228,2893.615830427539,0.07999999999992724,M,R
DCB_se2_ag1_f_01_1,9949,IH0,3812,morning,522.4069441884371,1664.7994879561977,2276.3668133578767,531.9960802550371,1680.5223156352365,2301.4816494384568,532.2444559279461,1681.4054118166903,2314.5781761972266,0.029999999999972715,N,NG
DCB_se2_ag1_f_01_1,9953,OW1,3814,so,637.8734086890728,1567.0536425705297,2669.396881255083,659.9016316828261,1551.1412522257365,2646.5315765239257,583.230081441776,1607.6779829628788,2647.6218985931855,0.03999999999996362,S,IH1
DCB_se2_ag1_f_01_1,9954,IH1,3815,it,557.7076089370426,1856.5473624272054,2747.058051773218,655.8346032214548,1583.5132403401346,2629.335909441997,530.4907528057737,1964.2177173560551,2764.9069745546526,0.07000000000016371,OW1,T
DCB_se2_ag1_f_01_1,9957,AH0,3816,was,589.3134122734986,1738.5361586234362,2942.9261021276843,588.0088829077777,1736.941539234284,2945.9919065588074,556.7524927471075,1751.4946864484482,3003.610878998176,0.029999999999972715,W,Z
DCB_se2_ag1_f_01_1,9960,AH1,3817,just,513.0636564753836,1672.3661868078461,2764.601074689922,523.5752376011839,1741.2953030160554,3021.6791798692007,517.2893247412203,1776.7899577681967,2908.7995602683072,0.049999999999954525,JH,S
DCB_se2_ag1_f_01_1,9963,AY1,3819,i,710.2107319412204,1921.9210028585985,2781.1350952094745,872.9366454746239,2036.7310001482438,2857.0604263670584,766.8514776052052,2063.460631638962,2756.1518036713596,0.25,sp,sp
DCB_se2_ag1_f_01_1,9965,AY1,3821,i,757.1479832505227,1277.6491289887765,1966.8410623396796,868.1009625477857,1823.9536202828372,2604.446134641523,796.9743442877359,2183.6260363408364,2567.362093283842,0.12000000000011823,sp,TH
DCB_se2_ag1_f_01_1,9967,IH1,3822,think,452.050579569271,2136.7395264891743,2896.6226934734477,522.9679008943257,2323.7391780597536,2885.1905427845795,520.2443733627852,2328.3785828516548,2870.7976127527327,0.03999999999996362,TH,NG
DCB_se2_ag1_f_01_1,9970,IH1,3823,it,531.2633055882363,2338.238688228672,2791.7723131120883,551.9526782979729,2198.711195069539,2770.8260886580374,534.3535482288063,2426.1890276146833,2775.087504520634,0.040000000000190994,K,T
DCB_se2_ag1_f_01_1,9975,AH1,3825,but,633.8720105182941,1674.4986210349048,2497.944683305795,887.936402532606,1984.5004656025026,2531.160338479964,877.8219588721374,1993.4767930520488,2576.5639716889405,0.029999999999972715,B,T
DCB_se2_ag1_f_01_1,9978,IY1,3826,she,546.773021512533,2577.804934196169,3026.5120004966607,548.9760379036908,2592.2240022425317,3018.5437808594347,548.7791802540394,2591.985107329474,3016.5803078154763,0.049999999999954525,SH,HH
DCB_se2_ag1_f_01_1,9980,AE1,3827,had,712.8230922945969,1940.7444380907334,2754.4518769712854,759.3505562184622,1810.3377800258718,3040.543856553922,709.5988174432621,1958.6947554384844,2815.590264546829,0.029999999999972715,HH,D
DCB_se2_ag1_f_01_1,9982,AH0,3828,a,438.80224437937926,1229.4713879153342,2593.3734202041096,658.1640869052623,1667.401017089207,3280.0755610875935,658.1689979522982,1667.4108762162743,3280.0689566522924,0.040000000000190994,D,L
DCB_se2_ag1_f_01_1,9984,AA1,3829,lot,967.0686729180424,1786.6325137835552,2985.306704185924,967.371074947997,1788.2148597845373,2975.3654841090347,957.4275947626612,1795.0381918157398,2952.526721478953,0.07999999999992724,L,T
DCB_se2_ag1_f_01_1,9986,AH0,3830,of,632.3803653624755,1240.2673266571176,1974.0553546938197,693.7372061349382,2096.504535333537,3265.7987973064696,693.7372061349382,2096.504535333537,3265.7987973064696,0.029999999999972715,T,V
DCB_se2_ag1_f_01_1,9988,AE2,3831,animosity,691.6343500228122,939.0525274249021,2208.7063164491833,718.2366921916963,2157.389192534049,3028.1163921236093,711.946224466998,2241.125528199647,3167.883170464829,0.08999999999991815,V,N
DCB_se2_ag1_f_01_1,9990,AH0,3831,animosity,617.5181365082536,1631.5603437008358,2677.6266186477696,849.9669963158799,1686.1214673212448,2736.841628035127,604.1317960143126,1729.1166008811283,2265.709502587049,0.049999999999954525,N,M
DCB_se2_ag1_f_01_1,9992,AA1,3831,animosity,907.7579908371448,1500.2845538956449,3235.593719549101,919.41212391514,1513.143212368978,3140.1127238518393,641.3787356373921,1615.1423424405384,3228.2230828026745,0.09999999999990905,M,S
DCB_se2_ag1_f_01_1,9994,AH0,3831,animosity,445.7222736940008,1917.1162885213178,3002.7194393962745,606.5944219765928,1884.5319304424547,3166.403058089675,442.356058070937,1916.4777490958895,3016.746822187635,0.029999999999972715,S,T
DCB_se2_ag1_f_01_1,9996,IY0,3831,animosity,395.0094360427393,2136.3537783033175,2569.7217364215157,408.813354000577,2470.1362283934227,3084.670792378452,400.7386432570993,2604.7614034254343,3178.6501193395366,0.05999999999994543,T,sp
DCB_se2_ag1_f_01_1,9999,AH0,3833,towards,471.93714408192983,1226.1604820824452,3034.530708719446,486.58876943406545,1324.454786301668,3014.4268493311506,481.8038985117719,1599.9022928361335,3071.6949358829265,0.03999999999996362,T,W
DCB_se2_ag1_f_01_1,10001,AO1,3833,towards,518.4666624173019,926.7826366778642,3032.56434021775,554.3741267607046,1157.9490314016507,2906.59393550968,554.4216186481302,1167.1610104474082,2899.892398708899,0.05999999999994543,W,R
DCB_se2_ag1_f_01_1,10006,IY1,3834,me,488.7721567152401,1767.9666953112746,2795.8462040512177,788.8468333151359,1900.3497324822247,2897.8885465694684,477.41698567945144,2200.592308210345,3147.608469573774,0.10999999999989996,M,
DCB_se2_ag1_f_01_1,10010,IH0,3836,just,445.64022619953676,1995.127652293752,2998.7732618132363,468.76826425194605,1979.7213523589678,3115.003119120517,439.4028691983763,2087.168936634644,2979.030551846498,0.03999999999996362,JH,S
DCB_se2_ag1_f_01_1,10016,IH0,3839,just,515.9339722834916,1940.1287880045597,2769.7816151537763,517.118548021385,1927.0537857800553,2745.256481045768,502.4352048370864,1957.4080292454994,2853.7196667174107,0.029999999999972715,JH,S
DCB_se2_ag1_f_01_1,10019,AO1,3840,for,522.275556243984,1111.7832220396037,3029.039782139872,575.2115989211507,1111.0421115235358,2981.8634602333664,514.4466547305439,1116.8472251383673,3023.3171672980548,0.029999999999972715,F,R
DCB_se2_ag1_f_01_1,10022,IY1,3841,being,472.92728906478567,2372.912823315917,3006.7867623109264,640.9464795349127,2229.9531671829227,3088.3533108670727,501.52357449523487,2394.989186439108,3089.9887735426655,0.07000000000016371,B,IH0
DCB_se2_ag1_f_01_1,10023,IH0,3841,being,594.8452240088129,1971.2882984568596,3046.504180714276,639.9420303485485,2208.949490875628,3082.9855808442144,639.9420303485485,2208.949490875628,3082.9855808442144,0.029999999999972715,IY1,NG
DCB_se2_ag1_f_01_1,10026,UW1,3842,who,496.0671968504357,849.9528978974361,3180.601587301085,981.1523736221703,1539.866830673367,2818.639873728851,981.1523736221703,1539.866830673367,2818.639873728851,0.14000000000010004,HH,AY1
DCB_se2_ag1_f_01_1,10027,AY1,3843,i,948.0664210219836,1623.2237295351017,2640.5849193966083,1014.8636130574838,1717.227178716136,2610.478034097695,875.4273680372899,1902.2355199760452,2574.3292362500674,0.12999999999988177,UW1,AE1
DCB_se2_ag1_f_01_1,10028,AE1,3844,am,695.9028092224147,1509.738031736543,2011.70446340091,819.5409363495726,1930.025160330871,2653.683611589994,764.8899411682397,2043.7602599658421,2296.0559342362917,0.20000000000004547,AY1,M
DCB_se2_ag1_f_01_1,10032,AH0,3846,and,620.3471934142316,2013.1664376786464,2972.6058405825374,674.6329239811906,2064.6445162419054,3130.029506861243,641.945316064564,2108.193260676552,3147.8855893914556,0.05999999999994543,sil,N
DCB_se2_ag1_f_01_1,10034,AY1,3847,i,834.5793845605841,1829.799881578296,2772.326322013912,904.8344206407052,1832.3447129165943,2855.2020444566847,872.4469197373494,1849.8689341827717,2868.358679843859,0.060000000000172804,N,TH
DCB_se2_ag1_f_01_1,10036,IH1,3848,think,582.0765379630692,2035.0842313045684,2250.874351680432,589.2022636273088,1958.6288305851194,2744.438269655479,534.6156850179466,2146.4220051046864,2498.245985034005,0.029999999999972715,TH,NG
DCB_se2_ag1_f_01_1,10040,AE1,3849,that,639.5721747174529,2092.4933799458604,3155.6743011740054,655.7745544380085,2133.149624146773,3184.543504257505,625.3925748105321,2139.307825492311,3127.2915272869373,0.049999999999954525,DH,T
DCB_se2_ag1_f_01_1,10043,AE1,3850,that,676.1359509782756,2135.6659928399968,2350.2324414097043,671.9987953263656,1997.655802561022,2745.9509497099507,622.2121053442633,2325.7779701592785,3150.3898698834623,0.03999999999996362,DH,T
DCB_se2_ag1_f_01_1,10046,OW1,3851,goes,636.843089558098,1161.0406295478801,3239.97858185069,641.2218575102839,1151.199563130606,3214.937840848585,478.54836586771455,1317.812221164542,3292.5925167574146,0.10999999999989996,G,Z
DCB_se2_ag1_f_01_1,10048,AO1,3852,on,607.0848459570785,1167.344538582345,2409.637136710208,637.694543959541,1322.9245100287724,2685.2921431016016,627.0344603323148,1384.175992894749,3443.436132132572,0.07000000000016371,Z,N
DCB_se2_ag1_f_01_1,10052,AE1,3854,that,668.1419876049375,2041.3647677464035,2587.034985088335,690.6414248004774,2040.811337328254,3201.336487404586,686.1334052338267,2042.084777840588,3160.5140267612915,0.05999999999994543,DH,T
DCB_se2_ag1_f_01_1,10055,IH1,3855,been,634.5278981607432,2129.0722260856514,3197.1253089108823,638.2267437923946,2127.0451583957547,3190.215635055819,637.1765849361587,2134.5113455605697,3181.132816775109,0.06999999999993634,B,N
DCB_se2_ag1_f_01_1,10057,AO1,3856,on,670.6448606876246,1213.7751218451365,2775.140381947069,671.1039834919532,1183.557883576764,2757.6007968366835,636.3225040106505,1529.024018870444,3276.667031906667,0.09000000000014552,N,N
DCB_se2_ag1_f_01_1,10060,AO1,3857,for,548.8556239676684,990.4677895120292,3443.2744051719355,597.6701911397419,1126.3253816287827,3234.340036992284,596.8664194068048,1190.0176696480846,3112.9391723895847,0.08000000000015461,F,R
DCB_se2_ag1_f_01_1,10063,AY1,3858,like,817.5536436340627,1970.2408027482918,2947.72144998641,935.2988849837795,1490.7286439071972,2410.548195271481,640.5840771748441,2041.4293906732917,2099.240987802241,0.07999999999992724,L,K
DCB_se2_ag1_f_01_1,10066,AH0,3860,a,794.976493214623,1582.5730986250076,3139.7361107564234,920.6349565949022,1936.1370015351201,2868.5180201309145,920.6349565949022,1936.1370015351201,2868.5180201309145,0.09999999999990905,sp,L
DCB_se2_ag1_f_01_1,10068,AA1,3861,lot,1021.0531470224412,1813.1399452197657,2984.0793131973714,1023.3663648695054,1816.5466703722152,2990.027888224408,1023.428655410189,1817.6409185951609,2992.7906406338284,0.06999999999993634,L,T
DCB_se2_ag1_f_01_1,10070,AH0,3862,of,687.3429127541664,1617.3196800502333,2594.8519687566195,743.050439955631,1702.2731158375548,3235.7458420594253,716.9029052690771,1737.296951676838,3309.313343309936,0.03999999999996362,T,V
DCB_se2_ag1_f_01_1,10073,AY1,3863,my,917.3419373355371,1444.384357072164,2668.907679509057,924.5715792572548,1425.4858871930344,2684.5181097693458,884.5917535368247,1484.2366687778567,2730.766451402568,0.08999999999991815,M,L
DCB_se2_ag1_f_01_1,10075,AY1,3864,life,621.3471374167104,2087.271439172306,3266.7394940644463,944.9203471569771,1010.3753024305835,1700.169343837309,577.670754956493,2252.2926868368772,2835.2982823566904,0.13000000000010914,L,F
DCB_se2_ag1_f_01_1,10080,IH0,3866,this,466.0030146835024,1927.1209573533627,3088.9007539449003,500.9517024564698,1911.7854511709331,3041.454041922579,465.5063465461146,1928.270693631006,3096.709341173118,0.03999999999996362,DH,S
DCB_se2_ag1_f_01_1,10083,OW1,3867,goes,564.851121595555,1194.8101648284128,3193.6169435895913,581.1616399457191,1227.1285143564853,3030.940922085086,452.7023972836657,1482.3854248975272,2948.4063489248088,0.10999999999989996,G,Z
DCB_se2_ag1_f_01_1,10085,AO1,3868,on,543.0476282858809,1495.3893919078873,3532.613459117832,567.2724920781127,1663.228762036574,3577.4562900981537,567.0902533612694,1684.9768948119295,3639.293848805387,0.040000000000190994,Z,N
DCB_se2_ag1_f_01_1,10088,AO1,3869,for,576.6060269924027,1074.464420393775,3227.5594417163074,598.7686498680315,1150.6583034727273,3133.329500071281,598.7686498680315,1150.6583034727273,3133.329500071281,0.029999999999972715,F,R
DCB_se2_ag1_f_01_1,10090,AH0,3870,a,577.6798019179516,1436.527110591619,3074.8299851206534,598.7967371805316,1399.2208089409023,3133.5637137292097,578.0896899065066,1434.904132217623,3074.0884839755513,0.029999999999972715,R,L
DCB_se2_ag1_f_01_1,10092,AA1,3871,lot,928.9349544611598,1566.6315179861929,2380.1130588820483,958.0783737498623,1523.5550999357076,2439.4058452261443,868.0925067565439,1657.1775221691057,2576.857331507076,0.03999999999996362,L,T
DCB_se2_ag1_f_01_1,10094,AH0,3872,of,678.6850471601754,1708.2111643899786,2994.4268930769017,763.011458482104,1671.7273919195975,2763.5590700615357,725.4171594301316,1761.9898048532007,2974.3292926550935,0.029999999999972715,T,V
DCB_se2_ag1_f_01_1,10097,AY1,3873,my,918.2795088609734,1181.6196356963806,2456.833905440421,944.8408546218042,1135.6776153550145,2458.73142201706,773.85631031335,1361.409552697976,2442.2852242908502,0.06999999999993634,M,L
DCB_se2_ag1_f_01_1,10099,AY1,3874,life,660.7359763968067,2071.7136220044945,3101.8367203287257,822.593715497722,1761.7463115350893,2720.508423050935,560.533119330388,2465.804198009767,2851.1070408012342,0.05999999999994543,L,F
DCB_se2_ag1_f_01_1,10103,IH0,3876,just,441.2369661703006,1776.7259030605408,2934.749055869976,446.39026330941687,1842.538621319409,2937.679961533438,434.8248298201689,1878.0837226814947,3137.5748769681823,0.05999999999994543,JH,S
DCB_se2_ag1_f_01_1,10106,AY1,3877,like,845.9534420148739,1703.3412358663268,2501.1394598020806,849.4669018225914,1676.555073630804,2429.2420650484987,792.0350226463465,1856.6092116187324,2566.591073775065,0.049999999999954525,L,K
DCB_se2_ag1_f_01_1,10111,IY1,3879,people,510.9818922387959,2539.862172460096,2914.138773053121,524.4114348338803,2323.803511211353,3288.6891389747357,480.1805004548232,2827.2980326678407,3811.9572361371092,0.08999999999991815,P,P
DCB_se2_ag1_f_01_1,10113,AH0,3879,people,531.8814392372539,866.2163498541511,2886.4717492106442,562.727091491861,850.9224969994674,2821.0114465876304,468.57451622692355,1563.8067020042508,2911.7115224940844,0.0500000000001819,P,L
DCB_se2_ag1_f_01_1,10116,AE1,3880,having,735.7211717697244,2009.0621380754092,2908.6125987885157,809.5811493716539,2034.349769103931,2963.3049033290304,784.5383656196307,2036.217165316152,2978.99122913355,0.0500000000001819,HH,V
DCB_se2_ag1_f_01_1,10118,IH0,3880,having,600.2452032676995,1671.2875084400166,2867.9144717877193,602.8592766655398,1692.0391830717456,2702.9600248399124,586.808721667957,1819.5861750645577,2139.419375326981,0.029999999999972715,V,NG
DCB_se2_ag1_f_01_1,10121,IY1,3881,feelings,609.1647156105084,1681.5612276391612,3106.6596233929276,746.3356896237567,1702.1229414158304,2723.8195022175555,670.6619637251238,1789.811683933352,3416.8390926814745,0.03999999999996362,F,L
DCB_se2_ag1_f_01_1,10123,IH0,3881,feelings,631.9664320100577,1736.112584172306,2946.0951213416724,637.6080903993235,1692.5030070386867,3055.6012452498203,569.5901566521358,1805.9511958743453,3112.1891705517987,0.029999999999972715,L,NG
DCB_se2_ag1_f_01_1,10127,AH0,3882,towards,531.8138985931807,1150.908078389048,3094.2682432866795,574.1490687924777,1182.306905428045,3168.4866732427145,550.1457958327416,1538.0633701238137,3101.667307882173,0.05999999999994543,T,W
DCB_se2_ag1_f_01_1,10129,AO1,3882,towards,551.6587997630196,901.2922462817062,3303.932782735454,589.9684164140133,1125.7917966304747,3112.330547888109,589.9684164140133,1125.7917966304747,3112.330547888109,0.08000000000015461,W,R
DCB_se2_ag1_f_01_1,10135,IY1,3884,me,438.00427818787233,1350.4186822506244,2568.139237274723,509.9922958464852,1470.712258097572,2694.435023244107,435.7864549039302,1716.642457581392,2949.7590634622065,0.03999999999996362,M,sp
DCB_se2_ag1_f_01_1,10138,IH0,3886,because,571.8412919043162,2690.0888736236957,3055.3402391303225,579.1785355001799,2671.922317530154,3021.7221696157476,566.8473514810374,2691.662470286421,3093.607250450303,0.08999999999991815,B,K
DCB_se2_ag1_f_01_1,10140,AH1,3886,because,687.4132642330451,1695.945717712198,3312.9897559980345,714.8138135730231,1660.062538888521,3391.024362273017,611.1745307769152,1772.5357706313703,3122.3013006285814,0.08999999999991815,K,Z
DCB_se2_ag1_f_01_1,10142,AH1,3887,of,624.4218613190362,1712.5235310959597,3209.1349656831417,624.04884269417,1704.8527725867361,3218.120212118216,543.1741030884067,1723.328021465994,3258.693714952713,0.03000000000020009,Z,V
DCB_se2_ag1_f_01_1,10146,UW1,3889,who,498.3904002445833,864.0768564534072,2863.4062464002604,907.8387380993204,1583.5612144267914,2868.2567644929923,907.8387380993204,1583.5612144267914,2868.2567644929923,0.18000000000006366,HH,AY1
DCB_se2_ag1_f_01_1,10147,AY1,3890,i,927.4831442697015,1721.403688102128,2639.396718499485,939.3932659970881,1801.6824863794789,2706.828072686253,843.5636883864613,2058.410267810196,3151.019414067952,0.18000000000006366,UW1,EY1
DCB_se2_ag1_f_01_1,10148,EY1,3891,am,673.0457653129123,991.0622637421988,2619.4133200641077,841.1254834066971,2181.2866530479614,3209.0928975231195,685.8589868856791,2369.8089289064997,3153.9911999577125,0.22000000000002728,AY1,EH1
DCB_se2_ag1_f_01_1,10149,EH1,3891,am,622.0877646982889,1904.0343419974577,3487.3247880535437,670.7448779274395,1757.8741186452025,3439.9793386760916,601.2992696890225,2020.241954535639,3328.9947585230834,0.049999999999954525,EY1,M
DCB_se2_ag1_f_01_1,10152,AE1,3893,and,911.117800301485,2139.1252624253107,3142.009396776091,1148.8897535583887,1697.317620303757,2580.9019887672703,691.1090495884351,2460.9798784989116,3018.8318420715887,0.08999999999991815,,N
DCB_se2_ag1_f_01_1,10154,AY1,3894,i,996.4973933778192,1727.2915809759413,1908.5288412793186,1022.3012362366783,1525.4994054462284,1794.915553365877,1002.1191499004859,1750.9839015128516,1865.2769309345433,0.05999999999994543,N,M
DCB_se2_ag1_f_01_1,10156,IY1,3895,mean,496.98394182939677,1139.5733882724703,3148.8767391209426,619.4715970024129,1595.4118115057502,2962.850000337826,515.3766398425512,1707.7392023502018,2529.9015133997336,0.17000000000007276,M,N
DCB_se2_ag1_f_01_1,10158,AE1,3896,and,621.0767843458787,2322.5924664667405,3098.0324055632204,670.6179633504063,2100.344640242072,3094.3900864462444,506.3931356354174,2454.945047409861,3067.855735603112,0.08999999999991815,N,N
DCB_se2_ag1_f_01_1,10160,AY1,3897,i,901.320036605525,1618.9933535923626,2033.4697829833428,964.6656619356353,2084.792141280299,3231.359889023854,965.4055551658865,2097.401285609818,3226.9713587300635,0.11999999999989086,N,HH
DCB_se2_ag1_f_01_1,10162,AE1,3898,had,691.0187995267543,2275.6716270762518,2382.053025971189,732.103115929586,2203.9601708638224,3351.52965997922,701.9065673128698,2287.04537863857,2717.255737767179,0.029999999999972715,HH,D
DCB_se2_ag1_f_01_1,10165,AH0,3899,to,581.2695770581028,1999.8100691153659,2480.8627777045936,607.143266373492,2482.5919127360194,3209.5440588442048,607.143266373492,2482.5919127360194,3209.5440588442048,0.05999999999994543,T,G
DCB_se2_ag1_f_01_1,10167,IH1,3900,get,575.7190503433911,2088.9996395107846,2895.990546869942,587.1118147374539,2786.740481594152,2855.0854249358704,586.9941257831332,2795.1224889735386,2877.6317425610796,0.07000000000016371,G,T
DCB_se2_ag1_f_01_1,10170,AY1,3902,i,970.8634515369243,1752.198520991702,2440.6329591419303,1050.0314332843498,1758.4562419961846,2506.0621276995394,518.9714053276537,2244.678621934612,3012.6783782541124,0.08999999999991815,sp,M
DCB_se2_ag1_f_01_1,10172,IY1,3903,mean,524.74359271847,1636.562492293793,2640.57063866534,549.8794492929056,1518.4012253203239,2455.6299429456076,511.0848938057653,1671.04507089755,2776.089189647156,0.029999999999972715,M,N
DCB_se2_ag1_f_01_1,10174,AY1,3904,i,980.3929445862304,2006.4418555700524,2295.5104634476743,979.3838839724835,1984.581355866528,2256.926240492412,922.2895518824591,2064.6868467071217,3201.945340846606,0.049999999999954525,N,HH
DCB_se2_ag1_f_01_1,10176,AE1,3905,had,787.6273173001758,1442.0562640572346,2250.850106513327,789.8616569101431,1410.8025606371034,2271.9486607017648,736.3295810795344,1809.3165375029737,2095.3123164930744,0.029999999999972715,HH,D
DCB_se2_ag1_f_01_1,10179,AH0,3906,to,495.9053107459159,2007.508369256749,3038.1835506106986,566.397304182216,2093.2184861614815,3159.7793190779716,566.397304182216,2093.2184861614815,3159.7793190779716,0.029999999999972715,T,B
DCB_se2_ag1_f_01_1,10181,IH0,3907,become,530.3847379499477,2673.082701533498,3137.32340595398,557.767178201276,2220.4378800278682,2906.9771726832987,536.6719118152884,2730.3221103911073,2990.1944922549537,0.049999999999954525,B,K
DCB_se2_ag1_f_01_1,10183,AH1,3907,become,841.355152128503,1564.6098077008999,3275.478399834942,857.0930595419695,1565.5805653255316,3303.0023356948495,597.8437571956462,2013.0799892953146,3149.815983395673,0.049999999999954525,K,M
DCB_se2_ag1_f_01_1,10186,AH1,3908,comfortable,868.2513436641416,1519.6284612410122,3015.6107043596376,916.0533010932573,1520.9422949207897,3464.373114194993,840.8900637780864,1605.159039363266,3312.2060112873473,0.06999999999993634,K,M
DCB_se2_ag1_f_01_1,10189,ER0,3908,comfortable,863.6079694746186,1444.4059564790412,3401.831018214482,959.8172750553838,1483.6796376667164,2933.9517083859355,850.3809064287256,1531.244770089407,2977.000630328705,0.029999999999972715,F,T
DCB_se2_ag1_f_01_1,10191,AH0,3908,comfortable,485.79322849304936,1368.9760564192643,1819.704134533724,567.4080330185419,1859.3241044982371,3456.0061899092093,536.5298174373087,1860.1832244210289,2798.2332575515547,0.06999999999993634,T,B
DCB_se2_ag1_f_01_1,10193,AH0,3908,comfortable,476.36721881495475,946.620189294987,3149.760241573865,566.9608051555864,1109.7469581450534,2636.202902895603,566.9608051555864,1109.7469581450534,2636.202902895603,0.029999999999972715,B,L
DCB_se2_ag1_f_01_1,10198,IH1,3910,with,540.1463544121412,1788.6193701734458,2587.366429361462,538.5243598889426,1777.3109120232582,2587.0626730486697,495.7148756185879,1830.3697028673494,2527.817682437667,0.049999999999954525,W,DH
DCB_se2_ag1_f_01_1,10201,UW1,3911,who,564.2805080586018,946.7652260247675,3003.7092748220894,883.6629079509646,1638.9065438431933,2871.2235178972683,883.6629079509646,1638.9065438431933,2871.2235178972683,0.16000000000008185,HH,AY1
DCB_se2_ag1_f_01_1,10202,AY1,3912,i,912.982201182262,1827.7885581235973,2732.576161212304,1011.7172628850315,1722.4506356397337,2742.217505415354,872.699486841389,2063.4532169871304,3220.0473019555034,0.11999999999989086,UW1,AE1
DCB_se2_ag1_f_01_1,10203,AE1,3913,am,687.5599102857017,2185.175779404434,3089.2690654009234,872.699486841389,2063.4532169871304,3220.0473019555034,696.4212743035758,2222.2454796366883,3039.852772370819,0.20000000000004547,AY1,M
DCB_se2_ag1_f_01_1,10206,OW1,3915,over,700.1620401161221,1260.3105297069576,3159.590363018943,743.4228808532063,1419.9656772874844,2891.3222794323065,743.2892857417158,1426.2340504945994,2890.2822687965718,0.16000000000008185,sp,V
DCB_se2_ag1_f_01_1,10208,ER0,3915,over,535.2008114440484,1832.4130830114002,2756.271078497738,590.6317388755512,1370.2001185219667,2630.423118478859,540.4172626488755,1883.6686794856737,2696.2510079744757,0.09000000000014552,V,T
DCB_se2_ag1_f_01_1,10210,AY1,3916,time,617.724292196931,1692.8846755381362,2430.770247477914,995.8786234946003,1679.7805166441233,3205.88337658575,750.2808435738011,1812.6606393145246,2364.605118571571,0.3300000000001546,T,M
DCB_se2_ag1_f_01_1,10214,AY1,3919,i,910.3232339827664,1538.3328270053494,2711.7814371917616,1128.8609904168377,1892.321301007566,3030.8025526654396,1099.484677870775,2052.106883359674,3280.355436666687,0.17000000000007276,,HH
DCB_se2_ag1_f_01_1,10216,AE1,3920,have,684.8192924256452,1954.9056097494215,3188.075269876833,693.8336930108056,1959.4143645655827,2975.2865664041724,656.3731178125406,2040.8212827196323,3042.095624165286,0.03999999999996362,HH,V
DCB_se2_ag1_f_01_1,10219,IH0,3921,become,472.05728673024225,2561.8942316538933,2924.5103250152592,493.1380151470008,2611.97958207045,2862.0152258331163,490.1455349048127,2623.3600097805356,3103.072146935486,0.09000000000014552,B,K
DCB_se2_ag1_f_01_1,10221,AH1,3921,become,657.96870377883,1298.0435907030248,2956.4116419941506,676.3366706577727,1501.063705508349,3034.571531321777,637.7539523824559,1700.3552803145137,2330.8327221256163,0.03999999999996362,K,M
DCB_se2_ag1_f_01_1,10225,AH1,3923,comfortable,746.1811722458149,1447.0497708433852,3247.5744620505243,1015.4126529947199,1423.6181114926396,3143.626391847986,1000.7816021541327,1574.2412935855177,3154.6234852546995,0.09999999999990905,K,M
DCB_se2_ag1_f_01_1,10228,ER0,3923,comfortable,613.446916026867,1306.3389524431525,1748.5394323159585,624.6229001653489,1693.794625857041,3505.2413467064885,571.048447165254,1754.5018126892976,3389.479721022227,0.049999999999954525,F,T
DCB_se2_ag1_f_01_1,10230,AH0,3923,comfortable,550.8417082557753,1601.1754034692926,2501.2228922694167,618.9457302715555,1306.7389139083932,1729.3658929636642,557.7903870336057,1604.5319138561376,2314.5457357451896,0.029999999999972715,T,B
DCB_se2_ag1_f_01_1,10232,AH0,3923,comfortable,627.8224343946555,1232.8907323882447,2563.8273305236175,634.8140980727302,1245.1451115044458,2668.614858211816,540.7189774787528,1723.186554428193,2772.1669285330686,0.029999999999972715,B,L
DCB_se2_ag1_f_01_1,10234,IH0,3924,in,704.3102625189828,1774.0074972439284,3012.2971677867604,789.7246236537871,1606.2143705145074,2706.902409822947,681.4111986634783,1813.4427778291629,2242.812826441335,0.049999999999954525,L,N
DCB_se2_ag1_f_01_1,10237,AY1,3925,my,916.3414922914029,1597.6066444519327,2688.7582477308165,1106.2752360774048,1606.1649313635517,2664.1905085431245,1102.255033259629,1607.0539514775567,2675.0559080511134,0.22999999999979082,M,OW1
DCB_se2_ag1_f_01_1,10238,OW1,3926,own,719.0059186657259,1224.158693859884,2996.4789731922847,893.1792190268962,1338.8422403078737,2656.887660928516,888.0851585658565,1344.74203459726,2621.5127670546617,0.17000000000007276,AY1,N
DCB_se2_ag1_f_01_1,10242,IH1,3927,skin,450.7067224468009,2540.009555781202,3180.109171865164,454.5287462136306,2533.436751690368,3178.9642174094656,433.86389550121373,2615.5103971995463,3357.9343506983455,0.03999999999996362,K,N
DCB_se2_ag1_f_01_1,10247,OW1,3930,so,662.4339500599547,1556.5035852778244,2671.5951095306955,686.1623170311196,1578.5106598874947,2744.334825705172,510.47124358251045,1668.873422918025,2617.219554565867,0.08999999999991815,S,AH1
DCB_se2_ag1_f_01_1,10248,AH1,3931,um,725.5757782641319,1584.1588491566652,2964.5815184396643,787.4185587969681,1583.1646886439587,3582.706688701453,752.212002704155,1606.6700859327277,2944.570480840872,0.14000000000010004,OW1,M
DCB_se2_ag1_f_01_1,10254,AY1,3934,right,852.4006178984637,1889.0508881595188,2301.972961413125,887.7683416498273,1865.2523611013464,2435.8904960413815,653.6109664018866,2221.925014906475,2707.340710608222,0.12999999999988177,R,T
DCB_se2_ag1_f_01_1,10260,OW1,3937,so,692.5452992074905,1756.1766504643683,2886.5785749140673,709.8909398497184,1742.6942701639489,2901.7819878269474,680.8159840994032,1763.717997564582,2845.53799946096,0.029999999999972715,S,AY1
DCB_se2_ag1_f_01_1,10261,AY1,3938,i,714.4153935313574,1813.6739011945147,2849.0319308906105,753.2379245676572,1764.9109449283048,2841.880710314345,684.3904393957298,1846.2741539399176,2930.5699928151025,0.07999999999992724,OW1,TH
DCB_se2_ag1_f_01_1,10263,IH1,3939,think,580.1730074645712,2031.7500901680219,3002.842126100081,643.7870218624539,2114.645951444551,2985.1114735110164,636.0485908819115,2268.8405024500744,2959.4176389526997,0.03999999999996362,TH,NG
DCB_se2_ag1_f_01_1,10266,OW1,3940,over,667.4147593700943,1304.166697160117,3074.258750743537,687.5115186525782,1432.6447174742013,3087.8504883764967,687.5115186525782,1432.6447174742013,3087.8504883764967,0.09000000000014552,K,V
DCB_se2_ag1_f_01_1,10268,ER0,3940,over,573.1041699210472,1750.963572835991,2936.019774573857,613.0885141215471,1574.216393642659,2924.6064690870485,535.3539658113712,1795.415494928642,2962.695253246863,0.06999999999993634,V,T
DCB_se2_ag1_f_01_1,10270,AY1,3941,time,852.2896512567653,1686.253733699586,2342.534432203015,881.7628912790733,1671.9245202604568,2470.7463801529893,781.5626217654691,1810.7339098740702,2488.820854709621,0.08000000000015461,T,M
DCB_se2_ag1_f_01_1,10272,AY1,3942,i,764.4503578357705,1795.9648315180734,2984.679931479674,774.8478248217987,1787.6643523277708,2864.661488014047,599.4489641724416,1938.8136041210503,3109.438768477074,0.07999999999992724,M,JH
DCB_se2_ag1_f_01_1,10274,IH0,3943,just,619.8180881837197,1986.8255103277847,3156.072537748594,623.4172931123255,1999.1060115045243,3127.2497358999244,621.214418342449,2010.3893038030174,3118.3476378779797,0.08999999999991815,JH,S
DCB_se2_ag1_f_01_1,10277,AY1,3944,i,857.0422380654576,1791.0860743445635,2973.0112649193406,865.3403594579944,1826.407797311283,3013.967080925478,638.703112686421,1944.2963335812415,3031.0768378932485,0.2700000000002092,T,sp
DCB_se2_ag1_f_01_1,10280,IH0,3946,with,483.55578338647655,1250.0037122471647,2981.229920679609,482.54673244090947,1263.8947195295355,2948.2587558560517,464.271546883008,1265.3217896892825,2925.55482888715,0.03999999999996362,W,DH
DCB_se2_ag1_f_01_1,10285,IH0,3949,with,450.1087780622871,1331.4641180327558,2956.181117471428,518.6481796570947,1258.6377444653756,2984.182375458434,436.5532691506231,1537.3232137168404,2728.0053507837756,0.05999999999994543,W,TH
DCB_se2_ag1_f_01_1,10288,IY1,3950,me,545.0946044878447,2437.703196564141,3187.0162462468993,583.4506981666033,2211.6817288982556,2869.3977535600375,541.424564748196,2878.6392490805183,3432.39946958057,0.11999999999989086,M,B
DCB_se2_ag1_f_01_1,10290,IH0,3951,becoming,549.3024276817075,2635.334252064754,2915.8630110817576,1268.4392078244093,2676.9365041961796,3415.226291603231,572.6021337952328,2728.266639473012,2953.867699129274,0.06999999999993634,B,K
DCB_se2_ag1_f_01_1,10292,AH1,3951,becoming,787.6670773957252,1598.3772383871387,2800.3496689763256,793.070001737133,1634.6394593971206,3020.8786740501046,716.1426047481146,1827.1202337660457,3139.4780140087555,0.06999999999993634,K,M
DCB_se2_ag1_f_01_1,10294,IH0,3951,becoming,584.3804092439057,1768.3056416094,3041.6052824806316,592.2262342973909,1720.1716335508177,3057.1872036164223,567.5546875967079,1830.1878542892887,2927.207664630986,0.03999999999996362,M,NG
DCB_se2_ag1_f_01_1,10297,AH1,3952,comfortable,809.2615194425528,1605.8682829467384,2577.8490932235277,817.9189246028963,1597.025711212243,2986.6946338365888,812.8723986534818,1612.9319167378212,3009.390847712971,0.060000000000172804,K,M
DCB_se2_ag1_f_01_1,10300,ER0,3952,comfortable,854.1906196986027,1481.9213705515574,2384.5739219715583,876.6356385410453,1469.8775756660534,3001.1364951516675,628.9884980732191,1535.5984615491946,2985.6636323869866,0.029999999999972715,F,T
DCB_se2_ag1_f_01_1,10302,AH0,3952,comfortable,472.49308352022547,1332.6208029484997,2996.0875386490206,481.9398514368391,1383.7592665927373,2978.543114513668,475.10833952608147,1781.787203585945,3049.851727520027,0.049999999999954525,T,B
DCB_se2_ag1_f_01_1,10304,AH0,3952,comfortable,457.8303162115342,1166.8530369048865,2593.7929783718387,523.2983135018242,1923.4911271753524,3258.5870651793075,519.66004556351,1912.710491228655,3235.912984042853,0.03000000000020009,B,L
DCB_se2_ag1_f_01_1,10306,IH0,3953,in,587.1720429784997,1655.2294300423414,2526.4916036702352,609.433349380177,1804.5313135558963,3134.4993686356856,582.6972384261138,1794.4496428614877,2278.5547746416532,0.049999999999954525,L,N
DCB_se2_ag1_f_01_1,10309,UW1,3954,who,548.8292200825917,884.8107233309171,1794.511894295885,888.0561697958115,1457.605330978708,2764.076120098866,888.0561697958115,1457.605330978708,2764.076120098866,0.1799999999998363,HH,AY1
DCB_se2_ag1_f_01_1,10310,AY1,3955,i,969.6078853848521,1719.4120718814627,2458.658982406371,982.0499580624886,1777.906081822668,2460.1955879520983,861.9271962797698,1935.1349284613914,2881.087227330791,0.19000000000005457,UW1,AE1
DCB_se2_ag1_f_01_1,10311,AE1,3956,am,667.9364694158759,2175.3777476128416,3044.4109811172784,847.5417665577708,2036.8361107149692,2982.218446340084,679.919461728478,2183.716895767942,3030.822823229177,0.22000000000002728,AY1,M
DCB_se2_ag1_f_01_1,10314,AY1,3958,i,909.3159567757227,1431.5266484476929,1982.062211073942,1019.0480870664633,1923.4688654264926,2996.3369384561547,1007.974760429895,2158.464160682224,2783.5296357212515,0.12000000000011823,,JH
DCB_se2_ag1_f_01_1,10316,IH0,3959,just,486.08909347591685,2057.789198056178,3040.0486104750876,501.53334742117914,2101.773979692275,3015.433999341238,499.58124107202894,2118.3691731045105,3026.195595274855,0.06999999999993634,JH,S
DCB_se2_ag1_f_01_1,10319,AE1,3960,had,631.7443190249974,2211.313278854374,3075.013010166451,668.3947565995093,2164.1193635031273,3068.65038504225,617.9706299149412,2276.277676433626,3145.839605192645,0.049999999999954525,HH,D
DCB_se2_ag1_f_01_1,10322,AH0,3961,to,438.9469715219534,1816.3264814841245,2987.7248128893607,488.40980421482016,2092.761874074041,3127.9989548010935,488.40980421482016,2092.761874074041,3127.9989548010935,0.0500000000001819,T,B
DCB_se2_ag1_f_01_1,10324,IY1,3962,be,469.3084937608533,1087.9470875613895,2901.701759886315,586.0331097844736,1711.5834140221268,2892.6371037037293,489.5068514433815,2924.7258417936896,3551.705452736109,0.22000000000002728,B,
DCB_se2_ag1_f_01_1,10327,AH1,3964,comfortable,788.6254177288375,1288.3951666816988,2114.710765747917,795.0924192805712,1226.7472950975107,1617.318476545479,673.4926094962407,1729.6680772463903,3543.1487740044795,0.08999999999991815,K,M
DCB_se2_ag1_f_01_1,10330,ER0,3964,comfortable,627.993590425157,1421.0850034255434,2430.9237750930843,831.4807648744122,1465.9592364738073,2829.0241613797675,775.9940887875318,1506.6040624371126,3108.517284604505,0.029999999999972715,F,T
DCB_se2_ag1_f_01_1,10332,AH0,3964,comfortable,502.8315787829206,1206.2346961419842,2809.464334123604,522.1024782249731,1670.4226456828533,3023.9045189313697,483.2861769115457,1698.9010220712948,3067.1727037224023,0.0500000000001819,T,B
DCB_se2_ag1_f_01_1,10334,AH0,3964,comfortable,476.99156756108863,935.6235986207902,2453.1137745497426,476.96323863252337,937.4090481689768,2448.6039485950555,479.93575659888967,1226.6039587490175,2404.474431728664,0.03999999999996362,B,L
DCB_se2_ag1_f_01_1,10337,IH0,3965,with,583.0821155404624,1162.6375308409717,3092.072805621015,596.27838373295,929.8567635837851,2815.5229376399734,484.2251272199305,1738.1461285753062,2974.733389899639,0.07999999999992724,W,TH
DCB_se2_ag1_f_01_1,10341,IY1,3967,people,508.1237493110542,2342.383011215518,2765.8916683376133,597.5418977432254,1585.794839958963,2799.5662093271694,514.4915506851929,2786.183240014023,3089.3294297661973,0.10000000000013642,P,P
DCB_se2_ag1_f_01_1,10343,AH0,3967,people,635.3982672296469,1241.6625079990024,2658.549147142998,1314.4624045765993,2367.8865889770636,3202.6405069780617,1314.4624045765993,2367.8865889770636,3202.6405069780617,0.029999999999972715,P,L
DCB_se2_ag1_f_01_1,10346,IY1,3968,being,506.90695991874105,2377.609387732162,3219.288463848039,540.95869234626,2144.037189073207,2368.552320508438,516.0453913517649,2379.415641558268,3259.3471601551146,0.08000000000015461,B,IH0
DCB_se2_ag1_f_01_1,10347,IH0,3968,being,546.0731204614588,1820.975209634037,2534.969982385037,549.6613032806756,1800.392468385626,2515.0387583959478,541.2252743184738,2144.837063701707,2369.2515404655373,0.029999999999972715,IY1,NG
DCB_se2_ag1_f_01_1,10350,UW1,3969,who,488.6518170568567,873.9695004998894,2915.4393768292234,625.9055937170659,760.4122368513089,2172.7763857128766,425.8835379667945,1401.8232819928623,2758.1091856182256,0.12000000000011823,HH,DH
DCB_se2_ag1_f_01_1,10352,EY1,3970,they,446.24172696141494,2487.240025488955,2865.0856422200095,617.2974242460735,1687.5263704462877,2998.2971455754405,461.3683739128028,2715.9325765613075,2931.4018340891184,0.12999999999988177,DH,AA1
DCB_se2_ag1_f_01_1,10353,AA1,3971,are,828.8353263547536,1371.3819899170508,2299.2375895122077,914.5426638095178,1387.5613854726405,2311.489416435558,617.2974242460735,1687.5263704462877,2998.2971455754405,0.10000000000013642,EY1,R
DCB_se2_ag1_f_01_1,10356,AH0,3973,and,1080.8649294171294,2096.2950969288663,3317.1938829120622,1059.847695839614,2067.1935762501175,3306.4937920924854,964.6131728240969,2096.4164490110384,3089.589638265925,0.049999999999954525,,N
DCB_se2_ag1_f_01_1,10359,IY1,3974,being,483.5420913538186,2085.947988659146,2262.0442232637956,535.8753167200541,1923.858127879362,2219.3239934590415,491.2628381779429,2087.7197855996324,2228.857186366461,0.029999999999972715,B,IH0
DCB_se2_ag1_f_01_1,10360,IH0,3974,being,511.1803215037024,2219.338711254097,2727.648908439177,535.8753167200541,1923.858127879362,2219.3239934590415,481.63768755017185,2306.1635592149496,2607.1827141951717,0.029999999999972715,IY1,NG
DCB_se2_ag1_f_01_1,10363,AH1,3975,comfortable,797.2650358927276,1627.7915278281903,3286.7227962009706,802.6838397222263,1612.6200737009708,3278.813045606713,658.9679600033373,1839.0304369424562,3340.968852096561,0.029999999999972715,K,M
DCB_se2_ag1_f_01_1,10366,ER0,3975,comfortable,468.3273099517278,1410.183098232527,2616.771633654565,547.562930629814,1483.044720671096,2703.3454442018283,547.562930629814,1483.044720671096,2703.3454442018283,0.029999999999972715,F,T
DCB_se2_ag1_f_01_1,10368,AH0,3975,comfortable,418.0307509138163,1315.643800579926,3062.4052599095694,421.352832131465,1265.8210529284972,3006.245508108435,418.50842312394485,1317.42666279458,3078.1338816952493,0.029999999999972715,T,B
DCB_se2_ag1_f_01_1,10370,AH0,3975,comfortable,401.20496986530105,1569.675723198561,2539.5688084528892,425.65170944287496,1212.818575358718,2948.1328498768958,385.95910213868217,2196.009573094596,2778.7817801327296,0.029999999999972715,B,L
DCB_se2_ag1_f_01_1,10373,AE1,3976,that,598.3138356745412,2055.0391512966476,3259.7036914205023,599.376716642056,2053.5690257741776,3316.3101908026956,584.4561389458897,2090.044973252786,2470.9527929038436,0.029999999999972715,DH,T
DCB_se2_ag1_f_01_1,10376,EY1,3977,they,434.20622276079195,2614.7645915401363,3092.051450651225,533.0575199548588,2468.5600906728087,3262.97023380093,447.6947769944967,2652.6200264517383,2887.0832067163446,0.11000000000012733,DH,G
DCB_se2_ag1_f_01_1,10378,AH1,3978,gonna,698.3387329239613,833.5028718306434,1682.5602201707832,719.4430595886116,1188.1920561017323,2920.1789892069855,671.7853999339368,1298.2711871119423,3067.7657764375554,0.10999999999989996,G,N
DCB_se2_ag1_f_01_1,10380,AH0,3978,gonna,823.5138125894732,1829.9067138097537,3383.9555012310757,872.8622103977781,2068.5451520291313,3302.1136254951234,872.8622103977781,2068.5451520291313,3302.1136254951234,0.029999999999972715,N,HH
DCB_se2_ag1_f_01_1,10382,AE1,3979,have,790.2636465159596,2016.9512695722706,3087.6616454980867,788.411786420777,2032.046131300718,3103.0788824410924,787.1647983641298,2154.9471557462957,3149.0165981894147,0.07999999999992724,HH,V
DCB_se2_ag1_f_01_1,10385,AH0,3981,opinions,661.5441141357322,1550.3271442281116,3135.3535094321005,679.3187093035434,2075.712195017784,2572.8044321473035,680.7787248721095,2122.080264402788,2491.6585401097577,0.13999999999987267,sp,P
DCB_se2_ag1_f_01_1,10387,IH1,3981,opinions,544.6038278393379,2414.0943278924674,3289.567367231827,572.7708628135529,2531.418019641783,3273.539196480269,568.4040937893842,2549.771889946865,3291.7018820694398,0.03999999999996362,P,N
DCB_se2_ag1_f_01_1,10390,AH0,3981,opinions,588.0838177468254,2241.6972723511008,3298.0873205610446,595.1024896701299,2268.429990850621,3297.844952697738,566.5519653582713,2358.593422522302,3220.7636914907907,0.03000000000020009,Y,N
DCB_se2_ag1_f_01_1,10393,AH0,3982,about,600.5273598044918,1665.5319835362334,2528.3605066697182,613.2950647238937,1796.4156923303938,2618.0289498646243,602.8397983531408,1851.423573087579,3083.240997906265,0.08999999999991815,Z,B
DCB_se2_ag1_f_01_1,10395,AW1,3982,about,971.9401170045697,1565.5414745205799,2472.6943812003697,973.0694515721391,1567.8851710696408,2463.690381874086,842.1683507782479,1616.477552106763,2469.7649002316284,0.07000000000016371,B,T
DCB_se2_ag1_f_01_1,10398,IY1,3983,me,368.64336766297504,1089.0406024969564,2855.9915950071777,570.9500089519452,2252.9517227286806,2377.777891795832,516.0940736790128,2646.0490190366854,3254.3936605666286,0.05999999999994543,M,AE1
DCB_se2_ag1_f_01_1,10399,AE1,3984,and,660.2569301712962,2238.8283539539566,2357.468801375082,713.2302686659268,2098.148314198888,2273.684272146239,601.7799709149974,2321.0714222804418,2431.8188215499085,0.040000000000190994,IY1,N
DCB_se2_ag1_f_01_1,10401,AY1,3985,i,919.3588259706291,1922.0259870657183,2177.84455106073,969.8690142297694,2076.6570356648676,2382.3297845014804,881.694532900957,2059.221006883536,2277.413143535545,0.06999999999993634,N,K
DCB_se2_ag1_f_01_1,10403,AE1,3986,can't,652.462335638575,2288.616916412366,3007.78781661603,656.2023324613888,2100.427414835688,2426.5774633561655,648.9016238218275,2350.6856000122552,2779.9713817959178,0.06999999999993634,K,N
DCB_se2_ag1_f_01_1,10406,EH2,3987,necessarily,645.6606835587662,2045.0861306373367,3064.5288107713027,660.6046233868393,2058.657414431889,3149.6189159984538,660.5703435977856,2058.531019867519,3148.2372047524204,0.06999999999993634,N,S
DCB_se2_ag1_f_01_1,10408,AH0,3987,necessarily,552.8553491722881,1826.2635499495098,2915.757559741324,668.2982382450567,1994.567281741344,3345.0236531966207,668.2982382450567,1994.567281741344,3345.0236531966207,0.029999999999972715,S,S
DCB_se2_ag1_f_01_1,10410,EH1,3987,necessarily,615.771353372852,1626.1300513016731,2334.9013212729337,637.7449121079159,1545.7052064975271,2295.9202438533025,557.5659779875333,1686.0132369478924,2410.1543374324533,0.029999999999972715,S,R
DCB_se2_ag1_f_01_1,10412,AH0,3987,necessarily,620.633115146036,1577.0751015425744,2430.165914347182,637.3770603105357,1550.905313380839,2185.015204867658,632.7184062434816,1629.241674313087,2217.9334027618083,0.029999999999972715,R,L
DCB_se2_ag1_f_01_1,10414,IY0,3987,necessarily,521.9369406328517,2684.3810159328614,2818.108996501433,527.8594427157252,2785.073472072413,2820.1050945790125,505.39045124438934,2754.972356789757,2823.017281250434,0.0500000000001819,L,CH
DCB_se2_ag1_f_01_1,10416,EY1,3988,change,647.3632025206872,2434.303993594749,2583.522796837933,841.7710291378023,2028.353136334969,2644.214953255367,644.8120204699414,2493.6338363443388,2572.7141405933166,0.15000000000009095,CH,N
DCB_se2_ag1_f_01_1,10422,AH1,3990,what,525.849680972506,1522.819919826523,2960.0413005725527,526.4374663346663,1517.3421737949266,2961.266595149864,512.5868027744549,1851.5649762067585,2972.9014366948377,0.03999999999996362,W,T
DCB_se2_ag1_f_01_1,10425,EH1,3991,they're,623.8021693129036,2188.212832412803,2635.4126505530103,647.1029381120879,2082.985776754402,2675.999405880997,588.1718589928821,2360.675475407707,2555.0108168852835,0.09000000000014552,DH,R
DCB_se2_ag1_f_01_1,10428,EY1,3992,saying,541.7572548253396,1592.1127780265504,2534.8242715956803,797.8834945380765,1173.3276202262318,2528.0589454323263,560.8529269196578,2490.6816994416727,3093.1056420897453,0.22000000000002728,S,IH0
DCB_se2_ag1_f_01_1,10429,IH0,3992,saying,596.328023163669,2027.100125017415,2864.7137246099287,601.8050064848275,1776.3012434383447,2831.4822610798647,573.2166098185556,2375.5167748788417,3038.7087863146935,0.029999999999972715,EY1,NG
DCB_se2_ag1_f_01_1,10433,AE1,3994,and,592.0059785940971,1834.8897466118294,2634.3205249785397,646.7819925459502,2149.5060156132217,3053.110533172533,641.2901693903987,2156.0306263668867,3041.185610404029,0.05999999999994543,sil,N
DCB_se2_ag1_f_01_1,10436,AH1,3995,the,681.315974589287,2093.2199236106726,3018.710137074649,725.391141973125,1824.8097721086524,3001.831825317985,672.97487351003,2216.7194723585126,3069.064862012607,0.03999999999996362,DH,AY1
DCB_se2_ag1_f_01_1,10437,AY1,3996,i,995.9850441482082,1482.979059665279,2321.916460535182,1037.547591064994,1519.2093289854188,2319.954544846794,909.2298106443957,1911.0491025068186,2822.636035762988,0.21000000000003638,AH1,HH
DCB_se2_ag1_f_01_1,10439,AE1,3997,had,661.6171898016448,2231.6549583291126,3000.4484997625937,698.5730541879769,2277.7511543669025,2802.7428205563633,698.5730541879769,2277.7511543669025,2802.7428205563633,0.03999999999996362,HH,D
DCB_se2_ag1_f_01_1,10442,AH0,3998,to,635.520073761406,1656.532215623863,3182.0882425296127,869.768107675267,1942.71901814548,2778.3861040134366,580.715851050874,1965.5892963477095,3221.003027417101,0.17000000000007276,T,AY1
DCB_se2_ag1_f_01_1,10443,AY1,3999,i,833.6641204826981,1800.4173162045956,2161.0592573452327,877.4943024583324,1938.5261539066714,2724.800219335182,852.7893794633493,2005.2326362557792,2545.7789434976394,0.07999999999992724,AH0,HH
DCB_se2_ag1_f_01_1,10445,AE1,4000,had,716.2645819764351,2044.0937282408286,3064.8294978465788,812.2937925424061,2047.2206728952594,3116.295960253176,738.4538940931722,2056.9333600689965,3186.6707020049557,0.040000000000190994,HH,D
DCB_se2_ag1_f_01_1,10448,AH0,4001,to,642.6839948529964,1867.4653550329228,3127.8335444115137,643.9571242873421,1878.0142271725674,3121.30577127202,634.227842548911,1907.4962475135774,3258.179628623988,0.03999999999996362,T,L
DCB_se2_ag1_f_01_1,10450,ER1,4002,learn,690.867715905045,1713.2595042026785,2317.0969984706658,716.590552301354,1628.7510094231068,2269.5361354753895,647.8141048404857,2059.778576992133,2164.806446950061,0.08000000000015461,L,N
DCB_se2_ag1_f_01_1,10453,AE1,4003,that,668.6734156027442,2052.086012012398,2769.485942234579,668.5174305465891,2057.1387931849104,2776.3302993396496,647.1159662938753,2136.9064694851545,2827.4986888306357,0.03999999999996362,DH,T
DCB_se2_ag1_f_01_1,10456,ER0,4004,from,671.9470917639696,1156.8347817211002,2138.744216275069,683.9328263189152,1531.663721707887,2512.4697476485026,683.9328263189152,1531.663721707887,2512.4697476485026,0.05999999999994543,F,M
DCB_se2_ag1_f_01_1,10459,AY1,4005,my,630.3127282880295,1224.0497048674379,2238.808207342452,651.9038083184917,1143.9362302379002,2207.853162585534,629.5737374356204,1232.713716552185,2214.1495312776606,0.06999999999993634,M,M
DCB_se2_ag1_f_01_1,10461,AA1,4006,mom,811.1309390317422,1212.939471993538,2067.0386797809506,814.9359648244748,1219.941076236028,2023.7734771363123,790.032140050417,1300.8709959114867,2070.954105258731,0.06999999999993634,M,M
DCB_se2_ag1_f_01_1,10464,AA1,4007,cause,484.0352322521586,1602.261138032078,2522.818578578894,608.6431576768009,1613.043010804012,2578.474303499683,562.8847901191206,1618.2037055310716,2562.7490192360297,0.029999999999972715,K,Z
DCB_se2_ag1_f_01_1,10466,AY1,4008,i,718.2122422809732,1776.4429355163904,2661.204872973536,726.9629887982744,1691.890278776414,2409.56957119788,667.6491964946467,1811.8441281081202,3201.915856371329,0.029999999999972715,Z,R
DCB_se2_ag1_f_01_1,10468,IH0,4009,remember,531.0547296307054,1480.5421346672065,2384.3366451240145,547.2712048355183,1369.3998807948701,2366.335107617676,516.2948934665013,1490.3430033488492,2356.242613463792,0.029999999999972715,R,M
DCB_se2_ag1_f_01_1,10470,EH1,4009,remember,636.8466773998031,1139.8701010205807,1998.443407032639,645.2374476954226,1209.4960116744844,2027.1968719729575,643.0717227220274,1255.6728913908512,2136.4538321271407,0.029999999999972715,M,M
DCB_se2_ag1_f_01_1,10473,ER0,4009,remember,479.5487891183173,862.4322825594046,2561.4790346957548,618.6442035728257,1709.64083202434,3147.477011517886,618.6442035728257,1709.64083202434,3147.477011517886,0.029999999999972715,B,W
DCB_se2_ag1_f_01_1,10475,AH1,4010,one,795.7988241793153,1602.7433840749075,3076.1188303971458,800.7670312519541,1633.6616833451055,3040.140781912662,710.0120446940385,1825.0120463149365,3253.9520484318577,0.05999999999994543,W,N
DCB_se2_ag1_f_01_1,10478,EY1,4011,day,564.6379364465365,2371.8582367698214,3116.5846318293356,665.3001461007821,2254.7004738359365,3049.991068571175,658.773898479144,2279.2235221163874,3042.917606993644,0.11000000000012733,D,sp
DCB_se2_ag1_f_01_1,10482,AY1,4013,my,851.0440450638077,1653.2122653657545,2942.0898261911198,862.038504246167,1753.703479684872,3027.776385301093,718.2132770321613,1908.6407890693918,3291.3216204307487,0.07999999999992724,M,S
DCB_se2_ag1_f_01_1,10484,IH1,4014,sister,537.7262890525869,1767.9843525332417,3241.5697639254718,689.727304968022,1834.8901248324987,3351.665648385321,519.5660489131351,1864.4281652214243,3275.9563583175104,0.06999999999993634,S,S
DCB_se2_ag1_f_01_1,10487,ER0,4014,sister,485.66600618095504,1934.1476592514055,3049.6355402972617,520.7570737977293,1926.3880885695278,2955.6341611534394,484.235000677016,1936.016249430046,3055.052876679471,0.05999999999994543,T,S
DCB_se2_ag1_f_01_1,10489,EH1,4015,said,587.9279138625026,2068.9039944928727,3222.5467821928564,601.9984471298142,2065.528008704555,3082.3677066300916,559.2746764516388,2164.388500803847,3157.2757266349436,0.06999999999993634,S,D
DCB_se2_ag1_f_01_1,10492,AH1,4016,something,621.2668937964253,1303.6408135612553,1898.1716531228424,654.7723787749679,1250.0100939843278,2000.241240972438,551.9071712879424,1699.3861842129925,3140.4950979365667,0.029999999999972715,S,M
DCB_se2_ag1_f_01_1,10495,IH0,4016,something,468.0033011883326,1590.1886667058614,2908.5187282924617,519.8895411962494,1578.8329441479991,2926.423614075079,441.49992459542665,1613.5244628445262,3000.880430903481,0.029999999999972715,TH,NG
DCB_se2_ag1_f_01_1,10498,UW1,4017,to,521.2459546223688,1213.3129612136615,2508.6026504600204,640.577838580769,1750.951790045992,3034.5186345504753,617.3519446850473,1751.9796292782873,3025.5151108547702,0.09000000000014552,T,M
DCB_se2_ag1_f_01_1,10500,IY1,4018,me,491.4967031327276,1610.593842987741,2739.673691111629,708.637492105187,2191.2124923567726,3337.6223199762258,708.637492105187,2191.2124923567726,3337.6223199762258,0.12999999999988177,M,AE1
DCB_se2_ag1_f_01_1,10501,AE1,4019,and,755.4574909490203,2102.7364493050686,3375.4829496480215,796.3167312795925,2071.5891789183497,3281.032465039768,736.9951718520036,2197.7877155232354,3368.819262397906,0.0500000000001819,IY1,N
DCB_se2_ag1_f_01_1,10503,AY1,4020,i,959.9287617920465,1716.551386815789,2194.758245717972,1039.1499924117838,1774.2741280192943,2517.624902273572,1017.1004061979442,1818.7239437375363,2624.1212686851104,0.17000000000007276,N,sp
DCB_se2_ag1_f_01_1,10506,AY1,4022,like,891.3744276940076,1663.8633372776887,2718.806621414977,1031.6149394732047,1760.5785581408995,2647.2290495176135,1031.786941054759,1760.7074936388356,2646.5945340575354,0.049999999999954525,L,K
DCB_se2_ag1_f_01_1,10511,OW1,4024,broke,567.2426718452714,1037.626078447338,3078.886888748603,694.387159146992,1194.9263981408335,2908.370118364776,688.1530153477462,1194.2385206693546,2930.5161520786814,0.07999999999992724,R,K
DCB_se2_ag1_f_01_1,10513,AW1,4025,out,921.5033656677234,1691.488244236765,2174.447734864827,943.5781365434259,1579.9636587838002,2062.715815887918,792.176940320731,1809.1361325640516,2686.6586455953975,0.06999999999993634,K,T
DCB_se2_ag1_f_01_1,10515,IH1,4026,in,566.7996078500415,2126.431925949664,3283.9150164246153,624.2931118264611,2056.577985268451,3254.217634106703,518.1646890075822,2184.5048574775183,3275.159475852162,0.049999999999954525,T,N
DCB_se2_ag1_f_01_1,10518,IH1,4027,tears,522.0793977005453,2443.503687180193,3089.1718818609806,522.8015627074782,2424.620257819225,3082.8657654993945,516.5366553222672,2485.2250863256554,3115.720686739096,0.029999999999972715,T,R
DCB_se2_ag1_f_01_1,10522,AH0,4029,and,804.874632286167,1758.2807972219255,3058.742580256554,916.8711141568638,1885.4411967672847,3373.6091179683353,880.1948403322563,1884.3905114701513,3120.534438506412,0.029999999999972715,sp,N
DCB_se2_ag1_f_01_1,10525,AY1,4030,my,581.6742415119024,887.9624489995481,2183.306841055887,701.5291082796376,1038.6331030744145,2166.1827036680775,607.2237604466411,1417.0191384262223,2130.7832210122324,0.029999999999972715,M,sp
DCB_se2_ag1_f_01_1,10528,AA1,4032,mom,678.7284190899886,1021.9775095708926,3511.087910223957,743.3195370709007,1103.7378297642022,1874.5117227606888,715.7874692344532,1322.528093542868,3622.198696414091,0.029999999999972715,M,M
DCB_se2_ag1_f_01_1,10532,AH0,4034,was,543.9984007380027,1452.0411006061477,2455.860920548994,567.1545756571415,1348.3269010152503,2737.023005562136,551.5878205384726,1560.9269003756249,2647.0438068675776,0.029999999999972715,W,Z
DCB_se2_ag1_f_01_1,10535,AY1,4035,like,562.4848064186403,2140.5127865173026,3545.586222535403,662.4249779639074,1983.0199237726492,3480.898867325189,523.000956435491,2246.734132824502,2908.484107420996,0.029999999999972715,L,K
DCB_se2_ag1_f_01_1,10538,UW1,4036,you,468.2046006010191,1579.644107863215,2342.851479501512,474.88001781233623,1493.5903050625834,2411.7291400047648,447.9182516552412,1902.8967199412764,2597.396167007484,0.049999999999954525,Y,B
DCB_se2_ag1_f_01_1,10540,EH1,4037,better,854.8148183223216,2113.051099621039,3344.156798869609,856.0362352980684,2120.2263125641566,3354.2991546919898,732.670629931104,2244.8193846019417,3418.936016174663,0.07999999999992724,B,T
DCB_se2_ag1_f_01_1,10542,ER0,4037,better,636.7207891011217,2435.786692102401,3325.856990626671,691.2485242465892,2049.7228467917002,3429.8538426596483,571.3150937838335,2640.0070982990874,3237.798506653845,0.05999999999994543,T,G
DCB_se2_ag1_f_01_1,10544,IH1,4038,get,639.8818739768493,2504.3321074012115,3395.970741444785,675.204281603715,2191.082758059088,3492.623825196454,625.4458241347374,2627.609161101363,3418.657529913509,0.03999999999996362,G,T
DCB_se2_ag1_f_01_1,10547,AH1,4039,some,698.6185994201813,1614.0746961218424,3416.5204262580023,768.9201305921844,1666.6887842261503,3473.322637494558,770.0172552071821,1668.6377383955762,3474.6143858425758,0.060000000000172804,S,M
DCB_se2_ag1_f_01_1,10551,AE1,4041,back,1065.6805573965419,2175.453611484608,3158.084777056253,1088.476025707515,2093.9483499022986,3161.9221737895264,1047.2623302640557,2191.1278738740957,3173.0189235602793,0.12000000000011823,B,K
DCB_se2_ag1_f_01_1,10555,AE1,4043,back,869.0828922734348,1711.9752294592838,2907.5225935448348,1064.180291628202,1972.1715690362203,3217.473972687143,1059.815774037632,1973.6808503920263,3212.747608136955,0.11000000000012733,B,K
DCB_se2_ag1_f_01_1,10559,OW1,4045,bone,641.6877531896669,1116.0026926168935,2670.1839211366732,705.2856768735353,1157.6894438889744,2991.2852056365477,677.7632262464434,1201.4910370293692,2936.7642124437452,0.08000000000015461,B,N
DCB_se2_ag1_f_01_1,10562,IH0,4046,because,495.1407559176285,1226.2984739792269,2672.5873244572995,503.59394555684224,1920.4172635774457,2895.2073441568245,481.83144210895296,2083.5781013945184,2630.7675820575473,0.05999999999994543,B,K
DCB_se2_ag1_f_01_1,10564,AH1,4046,because,631.3789481261749,1695.7724100488656,3439.8785135622993,650.1790858839217,1690.2352788607402,3265.0625802809664,550.6472336558486,1839.674383979477,3489.872304621171,0.049999999999954525,K,Z
DCB_se2_ag1_f_01_1,10567,AH0,4047,the,440.021090018941,1234.8072489145684,3003.3310906107426,487.25386825057905,1262.254977083709,2372.3533255852867,418.24809341307594,1947.8948921872345,2749.5663282484425,0.060000000000172804,DH,W
DCB_se2_ag1_f_01_1,10569,ER1,4048,world,718.8434954601981,1514.1329788373062,2102.348769155253,751.2231101999502,1526.0861803198334,2306.4675612308138,706.4376484290411,1564.3177088375144,2025.4584199526382,0.09999999999990905,W,L
DCB_se2_ag1_f_01_1,10573,AA1,4049,not,956.1165520883984,1893.7810624743113,2780.451942886674,960.1864061622673,1905.0656149926986,2840.2547943752147,954.1600646577681,1900.0636832575951,2705.021544568703,0.049999999999954525,N,T
DCB_se2_ag1_f_01_1,10576,AH1,4050,gonna,597.5643898882938,884.1534080056755,2347.4424668988736,618.264494711438,891.0015932204985,2865.6347825928997,592.5910685564543,915.3953355654837,2509.7728712404178,0.08000000000015461,G,N
DCB_se2_ag1_f_01_1,10578,AH0,4050,gonna,513.7559845919307,1027.6008921228915,2468.2829740153315,700.5152426693569,1796.850292101355,3069.1505749426724,700.5152426693569,1796.850292101355,3069.1505749426724,0.029999999999972715,N,B
DCB_se2_ag1_f_01_1,10580,IY1,4051,be,497.2129121534956,2526.3417496047505,3040.2221782610877,517.3272659898884,2440.134129503151,3005.515781348154,480.4495038374827,2585.8535483298697,2893.3051260755115,0.049999999999954525,B,DH
DCB_se2_ag1_f_01_1,10582,AE1,4052,that,800.8516527051173,2087.0955315180277,3228.9127371398135,835.2402088227406,1992.4702483299216,3057.86347744453,667.054726119175,2140.8233786856194,3318.5177964742647,0.07999999999992724,DH,T
DCB_se2_ag1_f_01_1,10585,AY1,4053,nice,659.6368601281287,2279.6764232322785,2533.739894740194,976.0402219609703,1569.2127638059735,2277.370857436149,667.4565919370854,2590.198449998851,2718.698740484257,0.13000000000010914,N,S
DCB_se2_ag1_f_01_1,10588,UW1,4054,to,522.6303099114663,2409.253104893939,3053.7506783569106,541.5456524408471,2289.627067549797,3061.161782341171,507.8465700482784,2574.9400349342877,3100.506793979655,0.03999999999996362,T,Y
DCB_se2_ag1_f_01_1,10590,UW1,4055,you,425.26184872291253,1821.850363979339,2738.0307692921124,522.5871529271654,2547.8813671093667,2734.7952738471868,474.2565745867066,2580.766285533746,2649.39966072113,0.09999999999990905,Y,sp
DCB_se2_ag1_f_01_1,10593,AH0,4057,and,452.3600953862555,1843.0371935204716,2418.7369555536957,675.8186644007473,2116.224638979829,3055.1777571934417,673.4344264990785,2130.8551166546304,3149.6099466543633,0.08999999999991815,,N
DCB_se2_ag1_f_01_1,10595,AY1,4058,i,856.3246357930045,1740.2762068119114,2957.9752658508014,862.0849134728874,1763.3023002514017,2927.465318115676,782.5003506463967,1797.9446182969002,2595.7825681062936,0.07000000000016371,N,W
DCB_se2_ag1_f_01_1,10597,AH0,4059,was,510.54428391138566,1569.28164764867,3164.1288013159706,552.7396533186744,1434.5939647770033,2915.347097619376,505.9481653119118,1569.6681256789618,3174.890751217625,0.029999999999972715,W,Z
DCB_se2_ag1_f_01_1,10600,AY1,4060,like,646.9359355336364,2041.335946390478,3068.3417243048634,652.3437266094313,2005.286246220919,3044.8937545431045,617.0305889585505,2091.0821680850945,3019.0159338194617,0.029999999999972715,L,K
DCB_se2_ag1_f_01_1,10603,EH1,4062,ever,825.8932364954255,2074.7440104599495,3046.6279572186377,856.2194312431752,1810.4704759172937,2880.87148397083,772.1510404530353,2093.2310292794327,2644.704925153277,0.12999999999988177,sp,V
DCB_se2_ag1_f_01_1,10605,ER0,4062,ever,605.9387577294797,1653.0204060091824,2948.7714240212044,631.3952217815271,1616.2810655860321,2968.4588677883426,511.14416244072913,1670.2646342082035,2674.61704297851,0.07000000000016371,V,S
DCB_se2_ag1_f_01_1,10607,IH1,4063,since,609.6691240131033,1870.982115850857,2769.026537243408,627.2552428968419,1838.6402306807918,2806.469778792493,596.767588541128,1895.8874033540062,2674.194838706743,0.05999999999994543,S,N
DCB_se2_ag1_f_01_1,10611,EH1,4064,then,690.879216465748,1888.0201720069933,3195.5546575820995,807.8605604127866,1871.4619527765592,3326.695458589471,660.6033919382564,1919.0090983641646,3137.5490388809185,0.03999999999996362,DH,N
DCB_se2_ag1_f_01_1,10614,AY1,4066,i,909.6843099031315,1565.55991818004,1787.9135979768528,906.3674888402497,1564.9232287944474,1849.0665358756967,781.3190751383872,1585.6996233110372,2442.9331556553457,0.029999999999972715,sp,W
DCB_se2_ag1_f_01_1,10616,AA1,4067,was,802.7224913533596,1783.935544405829,2955.9431085303245,916.8191869256882,2057.305054212408,3035.5323750562256,715.9869264394272,2368.2998540303697,3403.9310863123883,0.0500000000001819,W,Z
DCB_se2_ag1_f_01_1,10620,AY1,4069,like,730.943266021236,1947.9608895662861,2817.8887278407183,744.8194232757404,1928.7166868743361,2814.502905105187,614.6372957557425,2002.84021305449,2902.464055272343,0.0500000000001819,L,K
DCB_se2_ag1_f_01_1,10622,AO2,4070,alright,795.6428717595556,1491.1867715870926,2872.333776348798,873.2671263322603,1583.854155187206,2669.551819184196,855.4736891616435,1593.030879703495,2750.678965068558,0.03999999999996362,K,L
DCB_se2_ag1_f_01_1,10625,AY1,4070,alright,703.6117320992255,1789.5899663578543,2380.0752590472875,870.7151063081377,1693.3018622939044,2163.066299707529,502.04579387042793,2299.4751361840918,2564.667841640722,0.10000000000013642,R,T
DCB_se2_ag1_f_01_1,10629,UW1,4072,cool,528.383365470177,1052.6245623939496,2866.977689021562,614.6615956182992,1241.4978003623712,2582.601275514827,614.6615956182992,1241.4978003623712,2582.601275514827,0.060000000000172804,K,L
DCB_se2_ag1_f_01_1,10632,EH1,4073,well,491.2174645153695,1548.106635862271,3197.1180401733513,491.6977124124464,1579.5450463938473,3292.539642510472,486.78375866780857,1633.3645376842926,3388.5686990374184,0.040000000000190994,W,L
DCB_se2_ag1_f_01_1,10636,AH1,4075,whatchu,477.50234790614513,1646.6278335671352,2658.561749787235,489.6646370012301,1883.2649262477407,2584.5908885092167,390.12152551045295,2090.7504553421713,2869.130052942543,0.05999999999994543,W,CH
DCB_se2_ag1_f_01_1,10638,UW0,4075,whatchu,560.2461968699213,1787.8777567024094,2888.780366999402,560.4127787154627,1790.2456532880751,2884.884761394128,499.6051734622133,1967.055056929228,2960.214697540977,0.03999999999996362,CH,G
DCB_se2_ag1_f_01_1,10640,AA1,4076,gotta,840.7958218398746,1663.0660081945168,2627.140305016973,852.7135748329774,1744.8378121566395,2530.8213068452537,723.4731420998683,1854.5408410366888,2532.936074759694,0.05999999999994543,G,T
DCB_se2_ag1_f_01_1,10642,AH0,4076,gotta,505.7445594915894,1903.6435545234617,2977.825587866165,623.729852474997,2049.1519740867557,2945.522990036887,624.0137069386002,2049.58752837691,2944.0337379871867,0.08000000000015461,T,S
DCB_se2_ag1_f_01_1,10644,EY1,4077,say,495.06995947083254,2092.1298564665476,2957.805539326617,525.9170185538622,2021.3596901568171,2433.982417540668,509.388754816008,2206.5983161730264,3041.6288809862754,0.029999999999972715,S,IH1
DCB_se2_ag1_f_01_1,10645,IH1,4078,is,507.58710040759183,2019.1384361580483,2589.8776073758177,516.4887687194655,2189.734122898163,3248.7191931342986,507.3026614909458,2182.4023179027963,3161.2113852263574,0.049999999999954525,EY1,Z
DCB_se2_ag1_f_01_1,10648,AE1,4079,that,652.7126153431732,1950.4845702659115,3005.1090081358525,672.6896678777434,1925.628934489734,2945.727207358611,654.1449152147824,2013.823335076853,2954.3356023199317,0.03999999999996362,DH,T
DCB_se2_ag1_f_01_1,10652,AH1,4081,whatchu,456.0968965944545,1579.6198335619524,2664.079186631233,493.5300860683429,1492.201608392493,2752.9139392112756,409.111708317989,1807.9847305747792,3149.873443708474,0.049999999999954525,W,CH
DCB_se2_ag1_f_01_1,10654,UW0,4081,whatchu,483.193914255486,1720.9919124780986,2690.1626931849323,510.96686515361984,1865.9623597437594,2870.7176554786615,503.6509763720137,1938.4854811332386,3125.207696375974,0.05999999999994543,CH,G
DCB_se2_ag1_f_01_1,10656,AA1,4082,gotta,816.2993208573544,1819.2011274560816,2513.549175162557,856.1481558001957,1815.6936004638112,2524.8854569854448,675.2063035800113,1897.1415031794568,2832.19447186222,0.06999999999993634,G,T
DCB_se2_ag1_f_01_1,10658,AH0,4082,gotta,483.8974469145097,1915.3868951941745,2757.598694209448,855.1202378051075,2119.0504594875615,2403.6829998699313,853.7048665904318,2118.809475494218,2408.7949272128017,0.07999999999992724,T,S
DCB_se2_ag1_f_01_1,10660,EY1,4083,say,590.4703983195371,2160.5959130134083,2675.805379955549,693.0265827638472,1959.597970239764,2316.0317740582645,617.9386816184248,2177.4368477004996,2677.905937081077,0.16000000000008185,S,
DCB_se2_ag1_f_01_1,10663,AH1,4085,but,648.5813548753989,1593.0897034886532,3018.4260925541917,720.7184423424543,1725.1296832786916,2990.769253392475,720.7184423424543,1725.1296832786916,2990.769253392475,0.029999999999972715,B,T
DCB_se2_ag1_f_01_1,10666,AY1,4087,i,933.2266269662962,1929.1535208918528,2586.200125618412,998.419205898244,1738.0313896481543,2492.7597436551314,926.7376425355226,1938.7621037165843,2556.7829390489087,0.12000000000011823,sp,D
DCB_se2_ag1_f_01_1,10668,OW1,4088,don't,746.2670400385308,1059.6030213422148,2248.711865735897,851.8257781764192,928.250267011089,2235.5659122589427,805.9053314126934,1532.5290370264247,1584.783900484055,0.09999999999990905,D,N
DCB_se2_ag1_f_01_1,10671,EH2,4089,necessarily,604.8970489311306,1919.7206843100569,2979.2042497882085,636.4182812884577,1951.9619097932132,2994.884929997156,606.5467031318369,1981.6509327059457,3072.8738382939846,0.06999999999993634,N,S
DCB_se2_ag1_f_01_1,10673,AH0,4089,necessarily,662.910698882446,1976.3299564875224,2866.5217594242936,804.3725021828724,2049.520502609208,2820.7854638069525,780.0650831302981,2062.4914263414057,2850.0747295575793,0.029999999999972715,S,S
DCB_se2_ag1_f_01_1,10675,EH1,4089,necessarily,631.3163866278521,1710.8740414520848,2407.4773691130536,630.2302722603267,1712.8825514058547,2409.170381918088,571.0095191730344,1747.136665349678,2549.598584506032,0.029999999999972715,S,R
DCB_se2_ag1_f_01_1,10677,AH0,4089,necessarily,538.1530389103607,1679.8795022469587,2654.632502608808,593.8096974620137,1573.7813848113105,2584.0020350762993,533.4784426848286,1680.9986906827123,2659.919821912368,0.029999999999972715,R,L
DCB_se2_ag1_f_01_1,10679,IY0,4089,necessarily,459.5878146057189,2277.6932195177947,2514.3510256028094,623.8287215475343,2233.213647856719,2961.703767411486,459.11958135206714,2275.1574004813137,2585.023075329252,0.03999999999996362,L,HH
DCB_se2_ag1_f_01_1,10681,AE1,4090,have,963.6149054559194,1635.7436618207582,2219.2043128185187,969.5868811907391,1693.1752078805098,2225.8343040734103,968.5833250297994,1745.6885136418837,2046.6683500422248,0.03000000000020009,HH,V
DCB_se2_ag1_f_01_1,10684,AH0,4091,to,398.7966408987933,1859.0941496254002,2933.4373057962375,517.3255569266175,1922.5961804537776,3225.85936175027,512.0153750500597,1918.30063900294,3212.7592696615084,0.06999999999993634,T,T
DCB_se2_ag1_f_01_1,10686,EY1,4092,take,620.668970367233,2482.934228033164,3021.818254950675,664.5884757672227,2227.072519928971,2947.7455644624933,435.4857763078034,2637.1289577583384,3065.172116162251,0.07999999999992724,T,K
DCB_se2_ag1_f_01_1,10688,ER0,4093,or,546.512413517097,1131.7069661438552,2742.4048785140317,814.0554404085809,1295.7306434595582,2848.2256662915565,814.0554404085809,1295.7306434595582,2848.2256662915565,0.11000000000012733,K,R
DCB_se2_ag1_f_01_1,10690,IY0,4094,receive,401.2403640503802,1925.2364244679059,2522.471278804759,441.28839089214097,1875.579534332645,2721.9846870397723,402.7326840637555,1931.6145088001176,2481.666016339363,0.049999999999954525,R,S
DCB_se2_ag1_f_01_1,10692,IY1,4094,receive,544.3555969915548,2766.0711697827,3118.1936422663407,586.0476530078279,2774.460825197892,3121.498285347329,544.3741886862938,2796.6565543208544,3615.5534891313487,0.09999999999990905,S,V
DCB_se2_ag1_f_01_1,10696,AH0,4096,that,631.9316668042902,2135.2789363611505,2203.161336136898,638.7944179229399,2157.4932925979806,2246.5188939256527,578.506453561938,2280.1928200021134,3010.6998284422316,0.1899999999998272,DH,T
DCB_se2_ag1_f_01_1,10698,IH0,4097,into,516.7286593451562,2270.92363137667,2974.343018929321,566.9397875604441,2283.1539951760356,3091.7573873155266,522.7954089589666,2377.7664091002844,2586.5151557298677,0.05999999999994543,T,N
DCB_se2_ag1_f_01_1,10701,UW1,4097,into,386.72503656908566,1036.615940577359,2595.473543712746,591.8435345239732,1140.4365608374878,2692.9994070537273,421.5575931169439,1839.2103137376725,2710.426740751681,0.17000000000007276,T,
DCB_se2_ag1_f_01_1,10705,AH1,4099,what,562.3218050541469,1235.339742491132,3042.5516037831717,579.9330784451516,1567.8637557572495,3295.130939391392,553.9498721199404,1703.3908551345094,3285.817370223103,0.03999999999996362,W,T
DCB_se2_ag1_f_01_1,10707,AY1,4100,i,796.727794087864,1810.6404608656987,2705.3544410575223,919.1418380525367,1821.0569909622384,2721.7984455393334,688.6088729844937,2249.4559365460336,3290.070773973291,0.2300000000000182,T,sp
DCB_se2_ag1_f_01_1,10710,AE1,4102,have,625.4225116359922,2143.123897836956,3026.0783430727074,656.5622340514451,1994.2284223586714,3033.0194444877984,612.1089410326014,2153.0143021544473,2936.5725451868548,0.029999999999972715,HH,V
DCB_se2_ag1_f_01_1,10718,IH1,4106,it,623.5894955031009,1751.9319750110742,2477.6472507189887,873.4193728260235,1687.623342016435,2009.6324879896752,601.9984859939284,1798.3461728718116,2650.5678734110966,0.060000000000172804,sp,T
DCB_se2_ag1_f_01_1,10721,AA1,4107,was,667.1592925538923,1545.573214602205,3794.840862694187,722.2217895708933,1223.17403980713,2548.818551388559,717.2330391126238,1505.1579258437057,3785.165430593928,0.06999999999993634,W,Z
DCB_se2_ag1_f_01_1,10723,OW1,4108,over,664.6885928386425,1189.7311709287662,3481.87403710777,751.1730950329301,1335.934530062504,3436.3244208530687,640.9129053815776,1576.6170781681908,3446.1530969340365,0.14999999999986358,Z,V
DCB_se2_ag1_f_01_1,10725,ER0,4108,over,514.6231533536511,1818.4213536835678,2980.645889620874,623.6371282586774,1652.1114103145128,2849.433694251922,474.76053175029483,1852.8965278588582,2538.445843172215,0.11999999999989086,V,T
DCB_se2_ag1_f_01_1,10727,AY1,4109,time,825.4440113460552,911.9769296079077,1752.15770208428,884.9199396239351,984.985627985534,1696.6646216452498,753.340817283024,1677.574102774705,3482.817716595155,0.15999999999985448,T,M
DCB_se2_ag1_f_01_1,10730,IH0,4110,because,471.13429767361254,2634.176346114421,2942.2671090737313,473.83905841161084,2694.3537834237295,2989.696192636097,471.5533231350546,2690.562509034623,3053.0596291218217,0.05999999999994543,B,K
DCB_se2_ag1_f_01_1,10732,AA1,4110,because,515.4224757009713,1951.9066727937673,3202.7072806262877,584.2186020246529,2075.215041404013,2394.7686009386307,584.2186020246529,2075.215041404013,2394.7686009386307,0.049999999999954525,K,Z
DCB_se2_ag1_f_01_1,10735,IH1,4111,kids,578.78313213813,2539.083179493538,3155.2009393317944,748.5646747699373,2279.8564254947887,3362.2145447670378,550.6891496505096,2899.9982680529406,3092.943173521742,0.12000000000011823,K,D
DCB_se2_ag1_f_01_1,10738,AA1,4112,are,753.9091324857848,1720.263501227604,2565.739042346519,755.8814116882761,1698.7722653551193,2483.4800098381543,747.8950035660719,1760.9023680693967,2680.4478862247274,0.03999999999996362,Z,R
DCB_se2_ag1_f_01_1,10741,IY1,4113,mean,488.3023288330791,934.6281558960876,3010.7967578200683,550.2334273785073,977.4542276759739,2916.419574015649,498.67726007763923,2799.337300244303,3161.148487982348,0.15000000000009095,M,N
DCB_se2_ag1_f_01_1,10746,AY1,4115,like,758.8240043478147,1066.965787884809,2295.8778332106313,871.9749828424779,1094.653590579068,2068.0006987487473,646.7536906346863,1893.4531586664948,2531.7422327329105,0.09000000000014552,L,K
DCB_se2_ag1_f_01_1,10750,AE1,4117,and,669.0144674268918,1706.1451145499493,2489.0425988518355,898.4857093204082,2151.954692900671,3030.2691883244606,610.2094004708613,2362.5033931529224,3281.6624128279095,0.11999999999989086,,N
DCB_se2_ag1_f_01_1,10754,AE1,4119,and,594.407253232954,1868.450854834595,2920.919764524417,737.6108114377336,2212.5743729617634,3203.537325276332,549.0316855197369,2331.9401967451827,3050.599776776299,0.38999999999987267,L,N
DCB_se2_ag1_f_01_1,10757,AY1,4120,like,804.2585774696547,1612.7718661891824,2150.2906148008933,939.287741118542,1692.3286301729497,1862.1865159720237,701.2945861943548,2212.1146511738093,2297.101989746798,0.10999999999989996,L,K
DCB_se2_ag1_f_01_1,10762,UW1,4122,you,563.832449609066,2150.452685008045,3137.557446481768,563.6063023056693,2140.1787300917945,3134.8114170027784,481.87482960037755,2718.122201953105,3439.8105344174132,0.049999999999954525,Y,N
DCB_se2_ag1_f_01_1,10764,OW1,4123,know,599.7666195805808,1114.495919584946,3561.798049375197,780.3603822547267,1376.895863985339,3495.995745260878,759.6831063416955,1734.104634622111,3031.5248572083624,0.16999999999984539,N,EH1
DCB_se2_ag1_f_01_1,10765,EH1,4124,as,527.6968409078082,730.4304915824553,1908.3002151376204,759.6831063416955,1734.104634622111,3031.5248572083624,618.4025696168886,1907.3317792773555,3353.060352157503,0.05999999999994543,OW1,Z
DCB_se2_ag1_f_01_1,10768,UW1,4125,you,523.095762965003,1360.2969489092384,3178.692711482999,517.7810084538254,1213.497667045035,3357.5895834290804,500.17525239442136,1769.1226600710434,3084.236445837997,0.06999999999993634,Y,G
DCB_se2_ag1_f_01_1,10770,IH1,4126,get,498.31030921121294,2280.364772983555,3134.7265726413693,512.3976908753921,1722.2561356551737,3099.202437644008,501.1210717683884,2279.020632724053,3156.456286976354,0.03000000000020009,G,T
DCB_se2_ag1_f_01_1,10772,OW1,4127,older,704.1388421550448,1284.9568098604118,3119.1279429591464,716.1546294234229,1369.7136523377585,3079.2475279344458,681.9353251574198,1811.8455667247563,3247.34389684925,0.14999999999986358,T,L
DCB_se2_ag1_f_01_1,10775,ER0,4127,older,562.3245094751173,1370.9014325866335,2044.0212451281527,748.0491464036521,1702.451209202165,2480.4520781611423,614.0285397449594,1841.8391686005189,2467.5151004765567,0.09999999999990905,D,sp
DCB_se2_ag1_f_01_1,10778,IY1,4129,we,523.1642119051194,2307.9282885705625,2970.9414778842697,529.0442538577702,2292.7330671758377,2953.1540457017895,510.5098037835649,2381.938343809458,2909.2370019715813,0.07000000000016371,W,B
DCB_se2_ag1_f_01_1,10780,IH0,4130,become,540.7471938859653,2713.7024768800616,3169.6531524222564,564.2485269679405,2536.414562876778,3092.913693450736,519.862685284758,2777.9520584317756,3160.113876011184,0.06999999999993634,B,K
DCB_se2_ag1_f_01_1,10782,AH1,4130,become,759.322393307077,1481.4670414985846,3223.2743811103214,761.6770802882544,1467.4043809859613,3302.6116590575516,637.8117196897352,1689.5363230512687,3336.2354744528175,0.029999999999972715,K,M
DCB_se2_ag1_f_01_1,10784,AH0,4131,a,726.5454179727423,1809.6905555988624,3555.1923049227184,765.7531786239167,1651.9691721391216,3144.4287810948354,691.9998583105571,1858.988513708633,3322.7931430746935,0.12999999999988177,M,AH0
DCB_se2_ag1_f_01_1,10785,AH0,4132,adult,612.6926687995636,1847.6512135357289,3269.587103968158,660.3809406554655,1865.2668548542285,3345.688492964403,634.9828434204215,1945.0016605967537,3291.3945358410742,0.08000000000015461,AH0,D
DCB_se2_ag1_f_01_1,10787,AH1,4132,adult,681.6193630430307,1369.571913860804,3124.509077408047,707.1205462282298,1196.3362332216423,3357.468168323369,542.3543780293792,1745.4537281110483,2986.8489544880103,0.05999999999994543,D,L
DCB_se2_ag1_f_01_1,10791,UW1,4133,you,503.9134190907656,1592.6599314135879,2792.06444664678,528.9306493791534,2689.6323377886815,3042.9165224246576,527.2766284133046,2694.9194239872154,3024.1741478158547,0.05999999999994543,Y,L
DCB_se2_ag1_f_01_1,10793,AY1,4134,like,737.3395653234334,1783.5169384633448,2953.4497351014875,868.5105322373959,1430.7432718525922,1803.2937078386974,641.2666813612034,2053.704116572615,2713.233924996823,0.07000000000016371,L,K
DCB_se2_ag1_f_01_1,10796,IY1,4135,people,367.5038886148067,1349.8350322632984,2619.5897124905514,385.9239720180603,2813.477654378138,3516.7003302400326,385.8850068513276,2813.8009364315158,3540.656556983009,0.0500000000001819,P,P
DCB_se2_ag1_f_01_1,10798,AH0,4135,people,645.3550731236317,1777.2620741919015,2992.037612101125,931.5879296155061,2284.804147329439,2989.554655573086,931.5879296155061,2284.804147329439,2989.554655573086,0.029999999999972715,P,L
DCB_se2_ag1_f_01_1,10801,UH1,4136,sugar,573.3597730051184,1595.957692288246,3144.9524066785475,609.8329970222288,1481.2173091070879,3199.321930273256,570.8945003278252,1890.9730189354243,3200.827067190369,0.05999999999994543,SH,G
DCB_se2_ag1_f_01_1,10803,ER0,4136,sugar,636.5263951807938,1442.3946778042177,2350.264677721908,689.3255675923849,1375.0233537095764,2174.9551483912105,602.4998218798487,1454.403425526332,2680.0427697384125,0.10000000000013642,G,K
DCB_se2_ag1_f_01_1,10805,OW1,4137,coat,511.6693077482221,1073.9811123536747,3365.5416301966156,750.5340269510834,1374.5023391904142,2678.7206309477133,726.7297499318331,1525.6094778200272,2606.8677910291076,0.16000000000008185,K,T
DCB_se2_ag1_f_01_1,10808,IH1,4138,things,305.4456435722518,550.0266702033591,2341.828224976558,514.4694749915519,970.6678400288364,2573.7393402102543,509.3294186728416,2128.11638270903,3305.6392938363456,0.049999999999954525,TH,NG
DCB_se2_ag1_f_01_1,10812,AE1,4140,and,695.1782647977172,2130.6546932348383,3162.150390217428,1189.2431412673054,2026.9670693551961,3284.044761934096,606.4490639168689,2361.847259843635,3150.956160024658,0.10000000000013642,,N
DCB_se2_ag1_f_01_1,10814,IH1,4141,it,477.08528434986357,2576.496423191976,3195.2363490218595,485.8701801780428,2319.5698114932416,3230.388140790332,441.0361890752381,2778.3262474170438,3178.9827897702676,0.03999999999996362,N,T
DCB_se2_ag1_f_01_1,10817,UW1,4142,you,502.7541581546189,2003.0368070689094,3012.3070664591805,525.0538587425666,1515.2445401588436,3092.0028637503938,481.09406130743406,2440.9452708889935,3023.3775150614133,0.03999999999996362,Y,L
DCB_se2_ag1_f_01_1,10819,AY1,4143,like,705.637061951837,1830.9746164926473,2839.8632141359644,741.5718022803536,1653.5485163900842,1742.124662579656,678.0992899956792,1894.309785770095,2092.879604558126,0.029999999999972715,L,K
DCB_se2_ag1_f_01_1,10822,UW1,4144,you,486.1999240823893,931.0081002918167,2845.5218576288985,533.4710096731077,921.190765803376,2687.607633293122,472.8143652030173,2469.1218662989263,2937.633224909872,0.14999999999986358,Y,L
DCB_se2_ag1_f_01_1,10824,ER1,4145,learn,620.5679126380184,1335.1002737487688,1705.8646488375812,772.532992728572,1383.5263474227443,2060.610325743598,529.5947189480152,1987.4487875457548,2209.742186740947,0.2300000000000182,L,N
DCB_se2_ag1_f_01_1,10827,IH0,4146,to,539.4217705492001,1854.93415908773,2993.1368328679728,544.0662799181638,1921.3111161197912,2992.822011384122,489.984694472317,2020.9023830197268,3060.3000112268087,0.060000000000172804,T,SH
DCB_se2_ag1_f_01_1,10829,UH1,4147,sugar,542.6628747964268,1804.419454860478,3067.980793030825,559.3929618427958,1858.1073499436725,3052.1617436952397,559.5754237807092,1859.9469483525838,3084.9112510114055,0.03999999999996362,SH,G
DCB_se2_ag1_f_01_1,10831,ER0,4147,sugar,484.27859839830705,1425.76149809139,2951.1083839206017,496.2922871736546,1398.7856440832154,2889.318706807681,472.92352768372507,1474.9678866472966,2914.842469652736,0.07000000000016371,G,K
DCB_se2_ag1_f_01_1,10833,OW1,4148,coat,531.127046923873,1096.0770160179554,3077.9177453293078,680.5182642684936,1190.0717747667964,2959.382583528668,625.60012763554,1327.3339821207508,3019.6710159637255,0.11999999999989086,K,T
DCB_se2_ag1_f_01_1,10836,IH1,4149,things,542.5976252412371,2204.47799616322,3003.4589275602407,552.2978468329396,1956.7661446836742,2914.442343477789,518.2187351311901,2567.682782808289,2893.331768625069,0.03999999999996362,TH,NG
DCB_se2_ag1_f_01_1,10842,AH1,4151,but,483.9952748929645,951.3747502880418,2525.9493004652545,497.5173006681879,1109.204434578965,2866.8516817077702,496.8745394721118,1184.307823688628,2723.667401162118,0.029999999999972715,B,T
DCB_se2_ag1_f_01_1,10845,IH1,4152,when,465.50887016452805,1815.156626486256,2933.110557947089,498.20554530761586,2165.1164575404937,2863.4875961396824,498.20554530761586,2165.1164575404937,2863.4875961396824,0.029999999999972715,W,N
DCB_se2_ag1_f_01_1,10848,UH1,4153,you're,644.0726443789747,1801.0082298733323,2295.205820152074,661.0634618474073,1662.313620461323,2083.871747315782,521.3635704611748,2238.5495891301393,2623.6827161368656,0.07999999999992724,Y,R
DCB_se2_ag1_f_01_1,10851,AH1,4154,young,836.7255092752603,1576.5983156065363,1739.2014315041831,865.1535076519526,1554.7302754410414,3585.680514783862,535.1953370844678,2393.2861847409927,2723.486151246353,0.17000000000007276,Y,NG
DCB_se2_ag1_f_01_1,10856,UH1,4156,you're,544.1537796976155,2279.26406004265,2358.290615753115,598.1372366904944,2051.20917897495,2429.317945100198,528.9310911000233,2294.9752945049836,2411.2276976517933,0.029999999999972715,Y,R
DCB_se2_ag1_f_01_1,10858,EH1,4157,as,476.07401238388024,2038.2998664070815,2717.348209049778,522.7086988107543,2020.3679363225372,2604.661668798925,498.094191581072,2066.144653086943,2729.3168442867454,0.040000000000190994,R,Z
DCB_se2_ag1_f_01_1,10862,UH1,4158,pure,579.9124449084997,1813.480868164219,2309.1155487704873,600.4881473317706,1868.6010347477984,2303.767797820237,595.9856973938315,1906.5849015996828,2322.595648308551,0.029999999999972715,Y,R
DCB_se2_ag1_f_01_1,10864,EH1,4159,as,541.3887731820575,1916.2545780690944,2477.0359236647223,545.1915830024797,1694.8424553208158,2331.781604897046,534.5879158098126,2121.0256232874217,2749.135159000172,0.029999999999972715,R,Z
DCB_se2_ag1_f_01_1,10867,AE1,4160,can,541.169719840174,2358.754052221078,2935.394406738901,599.3493168156087,2188.840488885295,3049.028146181905,559.57456480879,2402.946736267963,2960.3359333671106,0.029999999999972715,K,N
DCB_se2_ag1_f_01_1,10870,IY1,4161,be,540.6848445817794,3028.5671724330805,3249.990071172768,587.4519026481194,2762.235439183328,2952.0095948907456,519.4280368225493,3007.1161353349394,3536.0406724730124,0.15000000000009095,B,Y
DCB_se2_ag1_f_01_1,10872,UH1,4162,you're,461.624542696139,2165.683179993027,2943.3734611635473,555.1189494023245,2030.0831734395936,2880.554822199877,447.1423310350129,2492.8529222439465,2968.719495711744,0.029999999999972715,Y,R
DCB_se2_ag1_f_01_1,10875,AY1,4163,like,702.7779608250145,1703.5878160046468,2799.1872184780314,776.4652157829462,1626.2045411256556,2520.13330544253,729.6474620131047,1723.1780330490064,2731.082036305833,0.03999999999996362,L,K
DCB_se2_ag1_f_01_1,10878,UW1,4164,you're,563.6343004181554,1620.419620826485,2714.2621569480348,595.1759298260002,1698.5738682936192,2672.253800139574,432.791109894196,2748.1499886129914,3023.847406545156,0.08000000000015461,Y,R
DCB_se2_ag1_f_01_1,10881,AY1,4165,like,763.175998766007,1827.4942708430954,3125.5508497600185,785.2130018963061,1741.3217433636637,2909.3789349879744,608.2532906020381,2229.7765449905023,3086.8068253496676,0.07999999999992724,L,K
DCB_se2_ag1_f_01_1,10885,OW1,4167,oh,669.5186753561802,1066.4859768078404,3354.1922784955573,1116.8526850033609,1973.5874187491568,2804.511392549566,1116.8526850033609,1973.5874187491568,2804.511392549566,0.22000000000002728,sil,AY1
DCB_se2_ag1_f_01_1,10886,AY1,4168,i,757.27188132224,1807.765977804696,2913.8642004325393,798.5354959735076,1806.3896527460581,2913.09411434809,677.8715314831167,1788.3667397824506,3048.6977829276702,0.06999999999993634,OW1,sp
DCB_se2_ag1_f_01_1,10889,OW1,4170,don't,708.355238964415,1258.356120165768,2994.902609540488,724.4428776406205,1255.0825608702432,3098.444294777348,695.1660385507741,1566.7055928613388,2692.4145767859854,0.10999999999989996,D,N
DCB_se2_ag1_f_01_1,10892,AY1,4171,like,725.7274006117174,1908.825925821884,2790.324407592005,813.1682240668985,1598.1139418185228,1657.1275080093233,605.581277366622,2181.3237649451753,2545.8120346855912,0.08999999999991815,L,K
DCB_se2_ag1_f_01_1,10895,UW1,4172,you,496.91226153658306,2009.6872081063275,3084.864691613786,532.4003391346117,1904.0588981653143,3108.816964155837,441.04184801807094,2543.6512635345925,3031.242302409915,0.09999999999990905,Y,AO1
DCB_se2_ag1_f_01_1,10896,AO1,4173,or,546.7993176366298,833.3891950973369,2890.8627684450294,692.6806335178394,1209.9422644045542,2860.133175636175,692.6806335178394,1209.9422644045542,2860.133175636175,0.3500000000001364,UW1,R
DCB_se2_ag1_f_01_1,10901,UW1,4175,you,465.6379088752065,1086.0379062143604,3291.0739946943504,608.2894329579244,1174.727564332178,3302.276212138828,401.79788103359584,2660.202894329711,3243.568681626031,0.12000000000011823,Y,AH1
DCB_se2_ag1_f_01_1,10902,AH1,4176,ugly,775.6261368430277,1466.4344913115785,3397.9743995942154,841.2124613223709,1573.9947045275262,3274.1755071597904,604.321489776907,1593.335142859496,3455.4414652481787,0.19000000000005457,UW1,G
DCB_se2_ag1_f_01_1,10905,IY0,4176,ugly,501.1319363567983,1728.0377824393904,2290.1933309243027,502.91230209370786,1520.5332921199035,2790.75410888499,501.5896378914294,1729.3605573097905,2361.706737351878,0.029999999999972715,L,L
DCB_se2_ag1_f_01_1,10907,AY1,4177,like,703.8145979109955,967.032238027941,2083.4155251854872,746.348576035973,1221.2738350360146,1988.6918009802075,648.8172542261553,2128.5276346099295,3033.9591069549783,0.040000000000190994,L,K
DCB_se2_ag1_f_01_1,10910,IH1,4178,kids,524.2587550634403,1565.9789914203022,2836.1759891043935,593.7887326606876,2646.634587752534,3257.3086592722984,586.3022794760999,2612.748935013821,3272.2454332869256,0.10000000000013642,K,D
DCB_se2_ag1_f_01_1,10914,AH0,4179,will,429.1442974081018,844.718999680674,2393.3339486496766,429.40175487270244,815.4557872650641,2415.4249926238595,414.60314040964647,1488.2216046270223,1998.9176836097788,0.029999999999972715,W,L
DCB_se2_ag1_f_01_1,10917,EH1,4180,tell,699.3298542025846,2084.7916319594115,3253.927570263528,704.7291958195609,2113.4974420258773,3241.1793163017,696.2562433576145,2135.8010524999822,3217.175855278103,0.029999999999972715,T,L
DCB_se2_ag1_f_01_1,10920,UW1,4181,you,536.015917789067,1967.3756377174393,3073.0406622677715,657.5109156369901,2043.4725619288977,3082.7488755763516,646.5551391246374,2064.2231319359344,3085.292801060411,0.03999999999996362,Y,DH
DCB_se2_ag1_f_01_1,10922,AE1,4182,that,709.1100775341295,1916.910954494536,3196.0382619236593,728.0766798636607,2033.6503270275664,3271.425435139375,710.0333708041306,2064.536001385575,2839.05728258337,0.0500000000001819,DH,T
DCB_se2_ag1_f_01_1,10925,UH1,4183,you're,686.5331625388403,1754.2425206719843,3114.6057564945804,689.1622628835722,1993.3285132395679,3484.1329188667555,650.8760466462663,2079.178763180254,3613.0854288842766,0.029999999999972715,Y,R
DCB_se2_ag1_f_01_1,10927,AH1,4184,ugly,823.4307767464853,1498.5715138165065,3324.5652437187805,890.481111345957,1502.6833642107952,3188.4371195529584,728.2638126883397,1543.6574384547696,2383.6481289299213,0.1999999999998181,R,G
DCB_se2_ag1_f_01_1,10930,IY0,4184,ugly,483.7950366886957,2642.6322873020185,2971.9324310122765,553.4503140902631,2397.7553393989124,3054.171044912271,522.163472060264,2974.7427037771517,3020.3861151304086,0.16000000000008185,L,
DCB_se2_ag1_f_01_1,10934,IY1,4186,real,662.4017269487581,1461.3978978492885,2530.0748053929697,669.6839079566103,1463.2792979946912,2675.6611858258534,596.6211995785234,1595.6304215858634,2398.2049492575607,0.09000000000014552,R,L
DCB_se2_ag1_f_01_1,10938,AY1,4188,nice,682.7245524741248,1704.3101759879207,2514.149319690699,1025.6740598025278,1575.9926585111614,1643.373322059583,551.0928300304873,2003.7495415420947,2977.0912650606692,0.16000000000008185,N,S
DCB_se2_ag1_f_01_1,10945,AH1,4192,just,601.40044971632,1823.7990528249466,3121.601273679006,618.0442283911335,1844.3701153860604,3182.4041710649317,449.8815639375411,1987.3230983416931,3107.2532506319685,0.049999999999954525,JH,S
DCB_se2_ag1_f_01_1,10949,IH0,4193,with,616.5163728960567,1496.4763016097609,2499.4995483231323,616.8498428892772,1505.2911256712853,2584.6127169371803,616.4979448190858,1509.0327746962091,2557.4181573673964,0.029999999999972715,W,DH
DCB_se2_ag1_f_01_1,10951,AH0,4194,a,590.1657368034968,1703.491417598255,3198.8131682395897,646.4194302720758,1750.2051834867993,3156.015957728244,646.4194302720758,1750.2051834867993,3156.015957728244,0.07000000000016371,DH,S
DCB_se2_ag1_f_01_1,10954,AY1,4195,smile,1173.7053585591766,1274.1817779865617,1661.9694467939098,1194.317382455358,1316.9644529293341,1669.6373530513242,1076.1366940148891,1605.9372451179383,1982.3511516988972,0.16000000000008185,M,L
DCB_se2_ag1_f_01_1,10957,UW1,4196,to,410.4889358231891,1917.9568059100916,2931.2543614978654,430.56413490946244,1918.8111955222403,2979.358510148701,385.22190131324305,2334.5635151479455,2823.291110213683,0.03999999999996362,T,Y
DCB_se2_ag1_f_01_1,10959,UH1,4197,you're,696.9416457826624,1994.1162911708732,2588.510221104645,776.9269038866829,1904.5025183545758,2415.5879905312404,517.2002118928649,2316.740077854372,2509.871646772987,0.049999999999954525,Y,R
DCB_se2_ag1_f_01_1,10962,AH1,4199,ugly,848.5707995164188,1233.7371886016274,1636.3675661924156,836.8436275158576,1152.1814274843853,1537.0350897473706,841.8650381390556,1750.484760628931,3460.5034908995526,0.18000000000006366,sp,G
DCB_se2_ag1_f_01_1,10965,IY0,4199,ugly,404.89530499577086,2225.5968154238653,3029.949685818802,597.4330354529282,2281.048085534216,3125.4481402823903,390.80585357537814,2919.374149272474,3433.7574806024318,0.2599999999999909,L,sp
DCB_se2_ag1_f_01_1,10967,AH0,4201,i'm,733.724365653796,1532.255106920481,2877.034172385274,833.8211600808027,1376.7648629257944,2666.1650639229765,801.1048346968862,1685.951073055896,2905.832786286748,0.03999999999996362,sp,M
DCB_se2_ag1_f_01_1,10971,AY1,4203,like,804.8097345382865,1756.4124321597747,3176.0636418804606,850.3660839978108,1704.8541533421137,3117.215412754219,748.9387685904816,1820.4460115464733,3085.4415311546454,0.03000000000020009,L,K
DCB_se2_ag1_f_01_1,10974,OW2,4205,okay,616.1186134753291,1250.0065593969114,3210.345051988986,868.7995340377215,1884.7060950251926,3259.6055161568997,613.2802247402763,2102.4428056050324,3619.417822323462,0.13000000000010914,sp,K
DCB_se2_ag1_f_01_1,10976,EY1,4205,okay,600.6377828179563,2670.211977720605,3069.131862803674,641.3393806476034,2475.884571877091,3249.094418686843,639.491080158084,2669.1144365997793,3237.584406865805,0.4600000000000364,K,sp
DCB_se2_ag1_f_01_1,10979,IY1,4207,mean,414.32867238316095,2317.6879956795146,2520.608043047482,612.3065019947617,2330.840621474749,2734.001377195674,560.3558175674161,2737.662678668825,2844.78148180468,0.30999999999994543,M,N
DCB_se2_ag1_f_01_1,10983,IH1,4209,it,566.841084753486,2098.1854264883923,2896.0861063287643,1230.2038115488606,2404.745136320644,3533.6526341173544,1230.2038115488606,2404.745136320644,3533.6526341173544,0.05999999999994543,sil,T
DCB_se2_ag1_f_01_1,10987,UW1,4211,cool,489.3110634528525,846.1516559775127,3057.4778357221294,736.3190401180216,1267.130485332203,2480.28624469225,736.3190401180216,1267.130485332203,2480.28624469225,0.21000000000003638,K,L
DCB_se2_ag1_f_01_1,10991,AH1,4213,but,720.5866168562156,1572.0586231016891,3161.7466422754464,745.7081983912524,1676.8860826306043,3205.4270759218057,745.7081983912524,1676.8860826306043,3205.4270759218057,0.03000000000020009,B,T
DCB_se2_ag1_f_01_1,10993,AY1,4214,i,960.5823809798954,1805.23233179315,2414.9866720876,990.1486803838853,1799.7094902336712,2668.2627357808733,836.0957948872308,1854.785632011247,2162.543655449743,0.09999999999990905,T,TH
DCB_se2_ag1_f_01_1,10995,IH1,4215,think,585.4693152385618,2129.359704631412,3325.904109595317,603.4926638698045,2224.6021042542775,3378.318558354605,513.0260741934519,2479.846941484132,2872.4501755219676,0.0500000000001819,TH,NG
DCB_se2_ag1_f_01_1,10999,IH0,4216,just,523.0937449070768,1770.4499741880811,1915.535245070433,564.2255804138804,1819.745104464073,3221.760533492993,534.8999139596345,1975.2244056335744,3215.282413707049,0.08000000000015461,JH,S
DCB_se2_ag1_f_01_1,11002,OW1,4218,over,739.3142744744916,1139.8012755814289,3094.518903949299,758.9101912444141,1287.7092659279185,3053.2235615055533,639.7679834836792,1545.497130958817,3059.157540608313,0.18000000000006366,sp,V
DCB_se2_ag1_f_01_1,11004,ER0,4218,over,628.8266105053837,1457.0547546457567,2163.6730038299424,651.5474540822827,1491.987771173071,2931.1113632774973,605.3397061560127,1978.1152693840286,2999.9884062472606,0.08000000000015461,V,T
DCB_se2_ag1_f_01_1,11006,AY1,4219,time,839.4646925207235,1453.8879396808852,2304.0320286022747,903.1877378540471,1448.0602614421061,2171.110742722264,901.2720456023237,1483.8684928240737,2042.4959334707871,0.08999999999991815,T,M
DCB_se2_ag1_f_01_1,11009,AY1,4220,like,656.0327036185126,1947.1804639786646,3081.1444584495584,704.4361837826959,1413.5847577125169,2753.19196924942,580.1365900187552,2272.5705005688005,2933.131492218955,0.03999999999996362,L,K
DCB_se2_ag1_f_01_1,11012,IH1,4221,bis-,577.1185839619545,2007.5733228064996,3046.518566982623,579.402862347285,2015.561784239836,3053.801970525092,531.2174819380394,2097.181224111557,3037.9974428114733,0.060000000000172804,B,S
DCB_se2_ag1_f_01_1,11015,IY1,4222,people,578.8023391304215,2704.2494845969145,3064.8063350231414,636.6132608262077,2738.6888974054214,3077.311275947138,636.1858162325813,2743.3515683081846,3075.7627599138928,0.08000000000015461,P,P
DCB_se2_ag1_f_01_1,11017,AH0,4222,people,571.9794909380353,990.2016878980652,2826.5301979198575,755.3563441793644,1557.3461987321589,2811.6135792778496,760.094618940443,1633.6784734683322,2848.571309450782,0.049999999999954525,P,L
DCB_se2_ag1_f_01_1,11021,IH0,4224,just,450.9970920251287,1859.9677727249334,3081.07349960343,457.278235756492,1854.6833862025392,3067.7065152917157,436.56456623415085,1971.2522485637196,3109.567916525364,0.049999999999954525,JH,S
DCB_se2_ag1_f_01_1,11024,AE1,4225,al,730.9399874191145,1330.3636820569222,3070.7482638689053,751.6507980886681,1282.1570412267881,3068.876648831442,713.8024372683778,1390.6686102830859,3069.1312929513724,0.029999999999972715,T,L
DCB_se2_ag1_f_01_1,11028,IY1,4227,being,490.11880452245464,2064.3220086426018,2918.9750413286556,617.0775863423423,2388.352883288576,3158.007827737275,489.66206202980675,2608.7794000739586,3184.9655865704576,0.08999999999991815,B,IH0
DCB_se2_ag1_f_01_1,11029,IH0,4227,being,615.2724999682478,2140.5927118913783,3096.6963712370257,630.7468286432841,2032.9034949525533,3067.751952614237,603.4574002733635,2344.3396447846253,3147.2076525157877,0.040000000000190994,IY1,NG
DCB_se2_ag1_f_01_1,11032,IY1,4228,mean,517.8612259175601,1698.972528986235,3081.2343797953376,564.0114031367434,2830.020110200082,3323.3115283225698,555.1440852160636,2815.4408682251237,3310.7152303407433,0.15000000000009095,M,N
DCB_se2_ag1_f_01_1,11035,AH0,4229,to,542.816257857272,1793.497056599953,2557.536713397552,561.0979449672868,1931.4747082113106,3273.4332269016304,553.427268804542,1952.9638418821469,3294.259205064344,0.049999999999954525,T,M
DCB_se2_ag1_f_01_1,11037,IY1,4230,me,471.9983945262729,1804.7406826575982,2787.175884755514,802.2017062249757,1961.7062987984373,2956.463515970136,530.836554984502,3035.873129511852,3111.547659260672,0.13000000000010914,M,
DCB_se2_ag1_f_01_1,11039,AH0,4232,and,876.9304813763287,1937.4811400389676,3063.6120675792913,910.9333655445344,2051.859811281584,3202.554181148248,910.9333655445344,2051.859811281584,3202.554181148248,0.0500000000001819,,N
DCB_se2_ag1_f_01_1,11041,AY1,4233,i,798.5210285558675,2075.9366689071167,3096.1264109893586,813.3859695016819,1870.418316764032,2852.16700217195,806.2875483098369,2097.6965157983095,3110.2180977982784,0.029999999999972715,N,HH
DCB_se2_ag1_f_01_1,11043,AE1,4234,had,711.5622072632723,1706.3368445085343,2215.14918876914,772.5765077430591,2083.071678542528,2322.8020865113413,765.746166430261,2148.248762757301,2273.7323778463838,0.05999999999994543,HH,D
DCB_se2_ag1_f_01_1,11046,AH0,4235,to,645.2418333368305,1955.2682042622266,3202.4988819359496,700.8846527082683,1978.3413916247328,3275.0857556073493,700.8846527082683,1978.3413916247328,3275.0857556073493,0.029999999999972715,T,AH2
DCB_se2_ag1_f_01_1,11047,AH2,4236,understand,729.2645786187179,1945.3897706195976,3305.885963794188,735.180734808391,1899.4251666429222,3326.5719162707783,710.6479431656362,2012.7849155771253,3422.805557794613,0.029999999999972715,AH0,N
DCB_se2_ag1_f_01_1,11050,ER0,4236,understand,622.031330203805,2018.1453242457976,3145.3351099732818,632.4619125619328,1983.9687306450287,3215.614828815155,628.4773149600704,2028.7534756686375,3163.647290857093,0.05999999999994543,D,S
DCB_se2_ag1_f_01_1,11053,AE1,4236,understand,653.9220156578558,2067.157768117025,2347.5996106470766,660.3238863610582,2075.3660193810865,3146.541172267344,654.6190409069659,2113.7652361414853,2277.8618808884858,0.07999999999992724,T,N
DCB_se2_ag1_f_01_1,11057,AH0,4237,that,627.6676469342406,1945.7072907392512,3282.9432075615946,639.4557385655372,1821.162699015026,3195.290934468504,626.7456729574494,1943.5792884684738,3275.6368658938213,0.029999999999972715,DH,T
DCB_se2_ag1_f_01_1,11060,AY1,4238,like,817.357027910389,1309.8758068962265,1782.10435318831,892.0234708086746,1515.7319493188234,2325.6050887333204,770.2262069775637,1762.524996521118,2589.3214937215143,0.06999999999993634,L,K
DCB_se2_ag1_f_01_1,11063,AA1,4239,not,838.8650321830851,1927.3038412205499,2832.2912800352333,859.4320483233794,1896.9241659957236,2715.0302032943337,705.7121763148997,2061.5083358925667,2267.672061600459,0.06999999999993634,N,T
DCB_se2_ag1_f_01_1,11065,EH1,4240,everyone,778.9958282834793,2070.22093411212,2953.3026511242733,781.0429299885891,2040.0061128535049,3011.917907225342,772.2566455393296,2099.2631152118224,2926.6962590408843,0.09000000000014552,T,V
DCB_se2_ag1_f_01_1,11068,IY0,4240,everyone,461.96668421291224,1352.629325730129,2619.863821500418,500.72013128242367,1441.2793571172965,2560.6789671785805,500.72013128242367,1441.2793571172965,2560.6789671785805,0.029999999999972715,R,W
DCB_se2_ag1_f_01_1,11070,AH2,4240,everyone,653.2583561778993,1463.2593933100504,3104.6180612160288,667.4831636236154,1566.0595815607985,3190.502768571539,659.5998530806646,1593.7817865498964,3149.3234721337276,0.049999999999954525,W,N
DCB_se2_ag1_f_01_1,11074,AH1,4242,gonna,619.5426286993613,1167.40645615198,2698.416199253734,635.9018265831123,1458.0838373601327,2731.3725628895213,635.9018265831123,1458.0838373601327,2731.3725628895213,0.06999999999993634,G,N
DCB_se2_ag1_f_01_1,11076,AH0,4242,gonna,683.5607792182235,1426.3870152606703,3100.237778792406,684.583911523856,1432.23121080444,3101.3061544256034,623.5266465805701,1541.4831106795557,3083.2452143342243,0.05999999999994543,N,L
DCB_se2_ag1_f_01_1,11078,AY1,4243,like,778.5814103209549,1780.2317413907251,1892.236045334979,846.5547116876701,1640.20854592727,2605.8382240295477,601.3246094523748,2030.7039601755296,2150.2891040257578,0.05999999999994543,L,K
DCB_se2_ag1_f_01_1,11081,IY1,4244,me,426.51236684887743,2952.895710182088,2989.74492497249,454.0155779488321,1893.6538315075682,2697.4964554302505,424.20189536153896,2949.2024318005465,2999.8449642850956,0.06999999999993634,M,F
DCB_se2_ag1_f_01_1,11083,AO1,4245,for,472.56140501633223,888.312053017966,3084.5487374664735,496.8008855182363,908.0715440026237,3021.693944619622,496.8008855182363,908.0715440026237,3021.693944619622,0.029999999999972715,F,R
DCB_se2_ag1_f_01_1,11086,UW1,4246,who,499.1411109230009,614.5936129669306,2239.4410159945123,789.5701789779027,1377.676221094411,2975.6005489352924,615.4433538066386,2180.043185700767,3458.4922638365592,0.17000000000007276,HH,AY1
DCB_se2_ag1_f_01_1,11087,AY1,4247,i,902.1653141444207,1754.1059028206867,2899.924317235536,921.3375843981521,1790.0629447342653,2895.202442406374,783.2240983927587,2013.7185112570053,3056.202532482711,0.18000000000006366,UW1,AE1
DCB_se2_ag1_f_01_1,11088,AE1,4248,am,633.8616176100777,2268.147596648563,3129.03273831518,777.9166249261915,2150.765584701322,3160.889835989555,634.7041697966189,2302.7059484899332,3154.2222023254944,0.2799999999999727,AY1,M
DCB_se2_ag1_f_01_1,11092,ER0,4250,or,616.1092346729971,1374.6138979919008,3036.1022159551826,975.766938853635,2185.509984534135,3068.8054722927172,975.766938853635,2185.509984534135,3068.8054722927172,0.060000000000172804,sil,L
DCB_se2_ag1_f_01_1,11094,AY1,4251,like,666.8829348985471,1758.842801470389,2334.1987686496996,810.4228367516653,1813.592297371035,3095.7841474436814,741.177842374097,2054.300020644417,3015.4663835454244,0.06999999999993634,L,K
DCB_se2_ag1_f_01_1,11098,AH1,4252,what,620.0735359252138,1452.4142222817482,3138.0247193444957,630.0802409651922,1536.7773289856314,3209.224013334086,628.1855208053157,1547.543669425651,3159.2387297095947,0.029999999999972715,W,T
DCB_se2_ag1_f_01_1,11100,AY1,4253,i,815.7416364716622,1677.213940316531,2399.2471810939437,837.9339480658281,1770.631814084688,2412.449670583215,603.5990233683539,1899.4802718822448,2495.811571706786,0.10000000000013642,T,D
DCB_se2_ag1_f_01_1,11102,UW1,4254,do,440.66243515426015,1151.9935298609407,2963.2301719542147,574.1534018990699,1631.6055373883726,2861.766208010475,485.3046594101095,2087.516904092778,2918.9478355363963,0.19000000000005457,D,
DCB_se2_ag1_f_01_1,11105,OW1,4256,so,695.2651097768459,1772.7646424401937,2892.0152541043067,740.3181002678291,1656.2295551316527,2579.2094439023767,688.9613688955014,1773.8930862295215,2910.6616892054717,0.029999999999972715,S,AY1
DCB_se2_ag1_f_01_1,11106,AY1,4257,i,767.0923006678171,1522.9170351706114,2537.5904666411993,766.7447320522874,1545.618155255371,2545.20187766412,740.3181002678291,1656.2295551316527,2579.2094439023767,0.029999999999972715,OW1,M
DCB_se2_ag1_f_01_1,11108,AY1,4258,might,897.6989074618513,1772.8799641083756,2752.146781440948,932.4923337193244,1766.5886517184558,2758.9395811219706,746.8143707368113,1817.3719988775388,2897.5321860936547,0.06999999999993634,M,T
DCB_se2_ag1_f_01_1,11111,IH0,4259,just,552.2584031471586,1890.220315368664,3214.977147254496,562.2971944039564,1856.8329425362583,3219.318359884393,466.99230559723765,2019.8824777995158,3179.8631150020524,0.05999999999994543,JH,S
DCB_se2_ag1_f_01_1,11114,AE1,4260,have,907.9593997416085,1562.8765027949792,2230.369410766019,942.6225261449838,1540.994896658901,2222.100012161053,807.4049786194556,1682.487785986823,2345.5895396420215,0.03999999999996362,HH,V
DCB_se2_ag1_f_01_1,11117,IH0,4261,to,448.30444556455905,1739.0361446702163,2377.35530117404,525.9259300036183,1738.6004463347533,2805.9417979555087,467.65653110062084,2107.0015799363437,2356.415081010581,0.040000000000190994,T,G
DCB_se2_ag1_f_01_1,11119,IH1,4262,get,462.2151499947008,2740.420263454257,2865.8445823679776,547.4434784745454,2773.5487195505293,2947.2493080642544,525.6276151515774,2827.8281154851743,2852.4433703801196,0.049999999999954525,G,T
DCB_se2_ag1_f_01_1,11122,UW1,4263,used,533.1552464697266,1808.2101854001219,3051.730405691227,548.2216750335031,2390.58460386342,2796.7770590423893,548.2216750335031,2390.58460386342,2796.7770590423893,0.060000000000172804,Y,Z
DCB_se2_ag1_f_01_1,11126,UW1,4264,to,432.23904119388965,957.1111078245482,2919.354148588639,769.5715197823492,1854.2822631232957,2711.8962432484896,769.5715197823492,1854.2822631232957,2711.8962432484896,0.17000000000007276,T,IH0
DCB_se2_ag1_f_01_1,11127,IH0,4265,it,495.73742814676626,1501.0419786842747,2775.350439393548,578.5325913879363,2091.3890683136246,2979.6649747216725,578.5325913879363,2091.3890683136246,2979.6649747216725,0.07999999999992724,UW1,T
DCB_se2_ag1_f_01_1,11131,AE1,4267,and,564.685372564787,2299.0520660654056,3114.2219912093533,689.717027679742,1685.447411160844,2807.1422664608167,575.3997122474267,2298.497174822584,2990.665663011699,0.06999999999993634,sil,N
DCB_se2_ag1_f_01_1,11134,IY0,4268,be,457.87134877026864,2032.9433708065667,2724.1612684987435,470.51877624877704,2008.512238853704,2838.585169140589,458.6336389717496,2070.9680064233225,2746.1760913347907,0.03999999999996362,B,HH
DCB_se2_ag1_f_01_1,11136,UW1,4269,who,541.1971174170501,722.1971497392659,3090.4701191615136,819.2450200893654,1539.9996637334414,2754.829292488704,819.2450200893654,1539.9996637334414,2754.829292488704,0.15000000000009095,HH,AY1
DCB_se2_ag1_f_01_1,11137,AY1,4270,i,884.7573471694186,1685.7650923241529,2400.249375815275,916.0564209457591,1540.0270219965869,2325.526218064525,800.4746820764842,1896.1675540577141,2820.4451546805376,0.14000000000010004,UW1,AE1
DCB_se2_ag1_f_01_1,11138,AE1,4271,am,721.7928806835805,2117.612931275308,3170.6712904791416,801.1742248742704,1850.7235535824068,2757.5514298093635,715.9662206872111,2120.3623848464276,3147.965647006628,0.1799999999998363,AY1,M
DCB_se2_ag1_f_01_1,11141,IH0,4272,because,457.8837773657168,2626.231697737442,2881.692926064021,520.7214057569448,2193.0584603837287,3096.316180706841,411.78760472715635,2725.9053818511347,2768.523403159444,0.06999999999993634,B,K
DCB_se2_ag1_f_01_1,11143,AH1,4272,because,608.5562823591639,1688.9259872139687,3117.091638763453,640.4487106470017,1710.2548039561482,3113.9912608755635,554.0655268875001,1800.6389737390589,3096.935027087379,0.16000000000008185,K,Z
DCB_se2_ag1_f_01_1,11146,AY1,4274,i've,1080.615806238263,1921.3255658806384,2539.0579077348943,1477.5897742068798,2274.0744539158923,3502.0732807896966,1530.212140577028,2341.622020243631,3604.731832081898,0.1799999999998363,,V
DCB_se2_ag1_f_01_1,11149,AE1,4276,and,566.6063610468589,2266.4250504441284,3021.6604229488676,964.9844337989535,1290.464530853569,2389.938956692531,586.127473679129,2228.192017231868,3025.8634000504717,0.09999999999990905,sp,N
DCB_se2_ag1_f_01_1,11151,AY1,4277,i,1014.0287046213863,1718.649079109954,2652.2937856422122,1014.3365553213407,1722.3379851027616,2653.1118905063454,988.7190226631377,1764.899738933723,2592.8042893499974,0.060000000000172804,N,HH
DCB_se2_ag1_f_01_1,11153,AE1,4278,have,999.0718205630327,1679.4892014276493,2472.8425726092023,1027.0413453593012,1662.8974399177905,2428.1766169556367,990.6463166722918,1769.9861274737855,2474.9228138676654,0.03999999999996362,HH,V
DCB_se2_ag1_f_01_1,11156,AH0,4279,to,617.5636382983631,1458.1652697588413,2366.2219401084794,654.1385463965759,1452.7469575709156,1731.6822190784978,598.0355370706271,1597.050056428896,3199.212234186912,0.12000000000011823,T,L
DCB_se2_ag1_f_01_1,11158,AH1,4280,love,745.5556310133642,1536.1931696489753,3360.231199747076,745.7403648981809,1534.9035210545594,3347.000471419036,745.6574338363583,1535.482472379159,3352.940033346293,0.09000000000014552,L,V
DCB_se2_ag1_f_01_1,11161,UW1,4281,who,477.22715206634535,918.414249637364,3258.020441267385,882.2307112388673,1580.7900275527222,3066.0467169808676,882.2307112388673,1580.7900275527222,3066.0467169808676,0.14000000000010004,HH,AY1
DCB_se2_ag1_f_01_1,11162,AY1,4282,i,873.9167319079343,1904.83150013776,2274.3938020073333,957.2163759022116,1616.2732624312268,1819.2709664175322,741.3708854600593,2220.904101569862,3221.804166391578,0.1799999999998363,UW1,EY1
DCB_se2_ag1_f_01_1,11163,EY1,4283,am,643.5876787342727,824.0362218319037,2410.7488785173227,743.8895515065709,2226.2867554076593,3244.829689777625,643.7167406728246,2435.921937380101,3221.5351258038563,0.13000000000010914,AY1,EH1
DCB_se2_ag1_f_01_1,11164,EH1,4283,am,623.4015669940253,1851.3020427250897,1967.4002280214238,635.1355965182158,1978.5081337029874,3155.5228323201222,632.9461975446893,1993.9872188610016,3189.862299909951,0.03999999999996362,EY1,M
DCB_se2_ag1_f_01_1,11167,AE1,4285,as,737.923627072271,2032.3547314035184,3067.3955895384556,804.5349213995861,1992.8225927897965,2984.9865417094593,688.0844542460673,2065.8184421921933,2484.9242727133974,0.10999999999989996,sp,Z
DCB_se2_ag1_f_01_1,11169,AH0,4286,a,479.2716662421303,2020.0873646781818,2961.682956195939,493.29932104764447,1903.1204337671631,3056.156067721241,474.9941012988303,2438.219782539727,2926.9184019451573,0.049999999999954525,Z,Y
DCB_se2_ag1_f_01_1,11171,UW1,4287,human,634.1901460249476,1513.9347452022064,3050.815493206955,674.8297763131814,1473.8488493764767,3274.2787888521884,501.5692607145905,2580.313118582408,2960.87552811525,0.049999999999954525,Y,M
DCB_se2_ag1_f_01_1,11173,AH0,4287,human,599.5435632449205,1659.375775886837,2791.251812070288,599.383319579523,1662.936602698277,2690.006342362097,581.9361075070334,1686.361943907616,2205.743084690533,0.040000000000190994,M,N
DCB_se2_ag1_f_01_1,11176,IY1,4288,being,584.6215652052364,2546.5546577356668,2940.5554614954617,599.97412083752,2465.967669137679,2828.7894918944635,547.939314198818,2624.005422987781,3025.794983223939,0.10999999999989996,B,IH0
DCB_se2_ag1_f_01_1,11177,IH0,4288,being,489.06212878348,1561.3354107059463,2707.8555723653435,509.1514852098897,2034.0364499979455,2908.071535993074,505.8261887790225,2050.446739683441,2950.839517537362,0.029999999999972715,IY1,NG
DCB_se2_ag1_f_01_1,11180,UW1,4289,too,474.6441346819498,1347.972435876748,3128.8571445834095,730.7008717395996,1913.956340347645,3208.6488064030323,734.33900289028,1918.9823046495183,3210.8013218874025,0.19000000000005457,T,
DCB_se2_ag1_f_01_1,11183,OW1,4291,so,671.7069325274434,1595.0588585836003,2691.373766419287,716.5367334789802,1624.39014838954,2474.855030898091,716.5367334789802,1624.39014838954,2474.855030898091,0.029999999999972715,S,AY1
DCB_se2_ag1_f_01_1,11184,AY1,4292,i,714.8100858447337,1743.5144834265686,2529.6686925798417,765.4657877426216,1704.3273827100672,2492.5085552050436,688.0706692526353,1753.7118684811567,2595.583617811296,0.049999999999954525,OW1,TH
DCB_se2_ag1_f_01_1,11186,IH1,4293,think,584.5520124050133,1983.322368813801,3107.9683113479673,666.9669351029305,1727.9256643275965,2686.4485888106424,645.5701400682929,2125.613845299469,3073.2972297377755,0.03000000000020009,TH,NG
DCB_se2_ag1_f_01_1,11190,AE1,4294,that,684.8803639632106,1946.1593454744664,2916.2901307200677,691.1399215769634,1962.133554571558,2946.6010603239397,690.0399619045348,1964.188823433078,2952.8420425785826,0.03999999999996362,DH,T
DCB_se2_ag1_f_01_1,11196,AH1,4297,what,668.3423715513798,1083.996674504325,3118.9336594489523,678.5029449901217,1101.5396370385276,3062.8259177615337,678.5029449901217,1101.5396370385276,3062.8259177615337,0.029999999999972715,W,T
DCB_se2_ag1_f_01_1,11198,AO1,4298,also,653.6329850890756,1046.7773071024205,2916.180249802151,672.2516613531889,1067.5144967428998,2886.619936239454,657.3687699387788,1107.0644191325434,3030.091196782825,0.05999999999994543,T,L
DCB_se2_ag1_f_01_1,11201,OW0,4298,also,590.1683394732605,1293.7969899179327,3019.3429030499647,630.6294111647708,1475.2802137669405,3074.398901544825,630.6628977876927,1489.6223511152923,3065.376170297606,0.040000000000190994,S,K
DCB_se2_ag1_f_01_1,11203,EY1,4299,came,625.1269603191822,2192.1139577783115,2779.8534896824194,674.4006950115199,2194.8771732342516,2695.9516861599386,650.2164708863197,2226.033464889661,2766.734554102407,0.06999999999993634,K,M
DCB_se2_ag1_f_01_1,11206,IH0,4300,with,602.3837475514251,1361.6878202693856,2971.9153140182066,604.7123945868249,1403.6446306762607,3008.187884686985,599.8915661080968,1435.0715888928123,3044.5713807475095,0.03000000000020009,W,DH
DCB_se2_ag1_f_01_1,11209,AY1,4301,like,751.7307810155352,1732.3050533516996,2451.719857529076,815.7143833995851,1521.031109996295,2347.017175978096,595.7522408375513,1889.2022576144104,2752.0082569013966,0.05999999999994543,L,K
DCB_se2_ag1_f_01_1,11212,ER1,4302,girls,627.6080156962098,1583.854658111715,2213.0850253314943,627.6440983755377,1583.2506960963935,2203.232176864824,593.7701637465796,1601.7110555176728,2193.947394929696,0.06999999999993634,G,L
DCB_se2_ag1_f_01_1,11215,OW1,4303,only,732.6070122569505,1423.4883576214263,1867.2195629742607,738.6121411817425,1425.5474145419128,1925.281592533631,709.4591245158158,1555.448316312606,2645.435938514536,0.060000000000172804,Z,N
DCB_se2_ag1_f_01_1,11218,IY0,4303,only,497.23893088294176,2099.452621270309,2766.7222049945735,528.0296146056061,2245.547996186931,2878.5957177394193,523.2166619854988,2446.307473034682,2719.245887309542,0.029999999999972715,L,K
DCB_se2_ag1_f_01_1,11221,AH1,4304,club,602.3377385125872,1768.6880324268798,3110.2576263184505,614.198651257229,1720.062976595225,3041.2393405998964,603.4015457833156,1776.5563497088833,3088.7972576270904,0.13000000000010914,L,B
DCB_se2_ag1_f_01_1,11226,EH1,4306,when,651.0084469899026,1544.797696474688,2715.349665423384,654.6674742289109,1631.898696776085,2821.1668632155593,650.3813870554235,1668.2051483294194,2747.2078624457613,0.03999999999996362,W,N
DCB_se2_ag1_f_01_1,11228,AY1,4307,i,803.8689343816062,1842.6250648474324,2717.6643972777565,833.4112607884464,1810.8259527103635,2696.282793290392,769.7333664361283,1917.611706363772,2597.44023909211,0.06999999999993634,N,S
DCB_se2_ag1_f_01_1,11231,AA1,4308,started,794.1004215646275,1623.2993430189922,2404.0817356013117,795.9149001107959,1624.327474958691,2392.204549978734,786.2258282205951,1691.4088187770217,2395.199128178081,0.03999999999996362,T,R
DCB_se2_ag1_f_01_1,11234,AH0,4308,started,555.5724860959328,2211.8532140132997,2775.452010180465,599.8350420255008,2069.3277836513194,2848.2837196833816,559.0324227122368,2216.1613657528515,2776.5974056462483,0.049999999999954525,T,D
DCB_se2_ag1_f_01_1,11237,ER1,4309,girls,603.6987362142286,1537.152726290145,2359.926200959959,606.1329471615865,1639.7585476809245,2276.3296375835052,577.5598157125645,1865.5502063817357,2508.916630500803,0.08999999999991815,G,L
DCB_se2_ag1_f_01_1,11240,OW1,4310,only,701.4294107891649,1370.6860618039893,1677.6093858187608,718.0503116868853,1395.2164041623857,2103.8556712886284,684.1255712090675,1492.0309998938376,3276.551972555023,0.03999999999996362,Z,N
DCB_se2_ag1_f_01_1,11243,IY0,4310,only,590.904199219001,2131.9610193914386,2947.247767006318,630.8963715411364,2122.821632407198,3090.775245249569,609.0760080859847,2158.081622530812,3065.9181112800065,0.029999999999972715,L,K
DCB_se2_ag1_f_01_1,11246,AH1,4311,club,614.9914173706547,1611.5398637385804,3158.9847883945085,646.8167074164257,1649.4477711991842,3147.2534062223026,644.6531213011356,1664.700393497416,3153.152613821559,0.07999999999992724,L,B
DCB_se2_ag1_f_01_1,11248,IH0,4312,it,477.83659234638594,1533.251941150022,3028.625959825326,523.5944291907603,1552.9964569665174,3048.6144867710814,508.5273653694362,1587.2042253357813,3042.5480452257616,0.029999999999972715,B,T
DCB_se2_ag1_f_01_1,11251,AH0,4313,was,535.3022077576383,1680.4311290481955,2972.556241461464,600.7310015119398,1800.3863714385266,2954.6847480528363,599.8519371817041,1806.6126040078352,2984.4191415133237,0.040000000000190994,W,Z
DCB_se2_ag1_f_01_1,11254,AY1,4314,like,791.7558090128481,1693.8345121304644,2426.3871665356696,860.0128843469504,1651.1600646474203,2387.415830013709,632.8328432299624,2122.386659669074,2482.780617208112,0.06999999999993634,L,K
DCB_se2_ag1_f_01_1,11257,AY1,4316,i,1017.1209223399559,1630.040666863077,2432.9272681040347,1022.7540257646551,1624.3141128801722,2274.791222085093,849.5954529929888,1846.0595066198716,3004.8697168110257,0.1999999999998181,,AH2
DCB_se2_ag1_f_01_1,11258,AH2,4317,understand,854.6966284950457,1620.7125512880027,3054.492264891947,871.4408347671664,1592.7233985962262,2236.0099991309244,717.1804437496312,1754.1101775843413,3017.2537439467533,0.0500000000001819,AY1,N
DCB_se2_ag1_f_01_1,11261,ER0,4317,understand,617.8936815826388,1953.8391951987533,2853.6957335095162,624.7818160577349,1982.6514699241789,2882.463552382354,581.8141619867398,2085.7555470411166,2960.1669763752334,0.06999999999993634,D,S
DCB_se2_ag1_f_01_1,11264,AE1,4317,understand,732.5069353558581,2121.7249019137903,2675.0333722507416,736.1439740275523,2105.744633833894,2635.4243261000306,699.558606180786,2185.8183078398974,2289.6150182255456,0.13999999999987267,T,N
DCB_se2_ag1_f_01_1,11268,AH0,4318,that,617.15407749255,2231.3356082811297,3126.2490948641757,619.2891843103627,2135.238775615052,3155.581193508695,616.6798223048994,2256.548303246985,3107.4584043295326,0.07999999999992724,DH,T
DCB_se2_ag1_f_01_1,11271,UW1,4319,you,503.508272129901,1131.2528398764478,2998.014500645596,600.7654113879237,1547.6033283768265,3201.079888425719,501.5963448123566,2689.1781249209625,2981.4644514012334,0.10999999999989996,Y,HH
DCB_se2_ag1_f_01_1,11273,AE1,4320,have,918.3010461811436,1750.8623476714358,2411.072418742393,1021.3306583731886,1731.971484901592,2435.24008397971,947.4775328268767,1773.249727202037,2401.4548304946866,0.08000000000015461,HH,V
DCB_se2_ag1_f_01_1,11277,AY1,4322,like,816.6375524183272,1819.8531156343997,2648.4780252065975,861.2743065931846,1709.3123907459567,2676.964876409702,697.453032518734,2011.8548527499727,2769.4284746701155,0.040000000000190994,L,K
DCB_se2_ag1_f_01_1,11279,AY1,4323,i'm,908.6169815050823,1671.8697091320994,2354.257545019629,949.646428339549,1680.9954597571366,2226.5858814608982,857.6863313711757,1758.9992051973197,2339.1316534239595,0.049999999999954525,K,M
DCB_se2_ag1_f_01_1,11282,IY1,4324,teaching,573.8865485940233,2406.866425861813,3085.4796853074595,579.1617161798313,2371.9305976322835,3082.0732800089136,565.1772820999499,2595.9459965751826,3022.8896959614763,0.049999999999954525,T,CH
DCB_se2_ag1_f_01_1,11284,IH0,4324,teaching,528.4940118901184,2463.8126512531826,3187.24549476453,536.1526005619263,2533.352138020766,3198.05481685719,531.8841419633167,2669.162112212445,3326.11634568941,0.03999999999996362,CH,NG
DCB_se2_ag1_f_01_1,11287,AH1,4325,young,715.2052051545003,1595.4472902183252,3085.968840309456,740.456001257105,1566.1150146505258,3169.248510076264,528.8480621649604,2377.928117214153,3128.142429924951,0.06999999999993634,Y,NG
DCB_se2_ag1_f_01_1,11290,IH1,4326,women,707.4707895715243,1162.1847270301225,2436.504973422794,720.9292453010298,1196.4987171392638,1687.6443516755173,721.40756291208,1276.0931284497394,3330.9564242622228,0.029999999999972715,W,M
DCB_se2_ag1_f_01_1,11292,AH0,4326,women,622.5565623939101,1787.8723570207326,2856.091853335222,639.9491889178637,1840.7942150675865,3198.5735122618676,631.8572971121205,1863.6738879538318,3197.993460048982,0.029999999999972715,M,N
DCB_se2_ag1_f_01_1,11295,AH0,4327,that,599.0496419521712,2244.094470921001,3149.0779666472176,600.8908234254391,2188.476671731266,3113.172770522648,594.6303538159524,2306.552694544593,3173.0704354210575,0.0500000000001819,DH,T
DCB_se2_ag1_f_01_1,11298,UW1,4328,you,452.7076068214165,1130.185006686638,3243.5648847946086,694.0879350893334,1561.7875979049843,3150.582268567093,646.9201757137182,1569.7985373219103,3195.0790046400007,0.09000000000014552,Y,HH
DCB_se2_ag1_f_01_1,11300,AE1,4329,have,877.0382289215197,1682.363622199573,2514.9442751964216,968.2504417579456,1736.934061878246,2745.1625851083163,962.433993128253,1750.6068197945342,2703.430549608855,0.049999999999954525,HH,V
DCB_se2_ag1_f_01_1,11303,AH0,4330,to,700.7738280772104,1867.1700051514617,2998.4138503841846,730.1835932900408,1690.3750943487412,3211.119731671418,698.2404777509415,1867.349482893278,2992.65453748557,0.0500000000001819,T,AH2
DCB_se2_ag1_f_01_1,11304,AH2,4331,understand,747.2475461515745,1697.5254806342757,3143.3387538522998,800.2678943779847,1708.2164502356409,3160.6765021148462,688.5191796999576,1884.9250515144895,3261.5141957074366,0.09999999999990905,AH0,N
DCB_se2_ag1_f_01_1,11307,ER0,4331,understand,509.08399908601547,1943.3920202642598,3094.3791031463024,580.9544900318791,1967.3245787117232,2940.8487343659076,456.9746537929849,1985.6350878497828,3111.9622513894865,0.0500000000001819,D,S
DCB_se2_ag1_f_01_1,11310,AE1,4331,understand,740.9666545068267,2057.611682344429,2274.0076734696504,742.0786399334045,2025.539054759941,2364.8368572230333,736.0355173552027,2161.337934065736,3371.685248246422,0.07999999999992724,T,N
DCB_se2_ag1_f_01_1,11314,AH0,4332,that,613.7527563663955,2146.3760672474373,3068.3261383346266,619.651774925281,2077.767393925291,3137.29161259387,613.0372506411558,2153.3017436217965,3099.128339505254,0.07999999999992724,DH,T
DCB_se2_ag1_f_01_1,11317,AA1,4333,not,988.4939289778811,2046.9617039446457,2954.3601863274816,1027.4430002218949,2092.9978152905583,3245.6023102991335,1006.8473839650649,2117.0089289697166,3284.022464499194,0.10999999999989996,N,T
DCB_se2_ag1_f_01_1,11319,EH1,4334,everyone,910.8678182004426,1908.9902015779937,2555.3441762434627,916.7665757571499,1941.691610101247,2680.5098866573285,858.5672850413025,2013.4523114395754,2396.8926167197383,0.11000000000012733,T,V
DCB_se2_ag1_f_01_1,11322,IY0,4334,everyone,513.9850682763763,1835.7856393464247,2812.115192085477,583.9583445355589,1685.988172525475,2837.725054601511,492.62499861162695,1844.6052142722103,2800.898928178817,0.029999999999972715,R,W
DCB_se2_ag1_f_01_1,11324,AH2,4334,everyone,781.3914228232697,1517.6512621318884,3363.806957772455,789.8128087069056,1545.3515002949107,3305.0026309468,702.634952963441,1668.863966985207,3369.0566095463723,0.049999999999954525,W,N
DCB_se2_ag1_f_01_1,11328,AH1,4336,gonna,579.3405592846073,1154.7837925342756,2670.614849454044,580.6874149063717,1120.2452064851302,2110.070621617936,532.9864049916386,1237.3012037119036,2407.3815832357773,0.029999999999972715,G,N
DCB_se2_ag1_f_01_1,11330,AH0,4336,gonna,785.6334746302698,817.0430531831031,1435.2964880611955,800.035793390169,1043.5446549565715,1430.0576629448813,704.5481590246394,1363.594318851702,1660.109664167569,0.049999999999954525,N,L
DCB_se2_ag1_f_01_1,11332,AY1,4337,like,798.1255658274812,1911.4151824370433,2908.361694101358,826.2800903293137,1595.6210707123287,2530.16756193127,751.2852018404448,2072.5161597222855,2941.17136760452,0.05999999999994543,L,K
DCB_se2_ag1_f_01_1,11335,UW1,4338,you,526.5146023357134,1374.1428996448124,2989.3127453173834,570.2800853772173,1405.7841636757291,2930.0943877684217,560.3044592288967,2453.833010098229,2946.062729927689,0.08000000000015461,Y,sp
DCB_se2_ag1_f_01_1,11338,AO1,4340,for,496.56402886464025,902.7666724428019,3220.7424248708408,530.9520910316512,900.2350073327117,3293.065868864611,502.91182529566555,919.9098613893276,3217.495357327516,0.029999999999972715,F,R
DCB_se2_ag1_f_01_1,11341,AH1,4341,what,487.88540828072365,1454.9512014409452,3352.764008014022,509.1306069733763,1200.7281271846625,3239.510534013808,483.2787691796295,1582.3482256133866,3134.4313589690255,0.03999999999996362,W,T
DCB_se2_ag1_f_01_1,11344,UW1,4342,you,569.7427164047109,1894.423713467127,3262.8869116179617,569.5801671453235,1898.8300305669957,3283.682608086584,550.0852029740489,2007.360199147469,3602.966468778804,0.08000000000015461,Y,L
DCB_se2_ag1_f_01_1,11346,UH1,4343,look,683.9242201605315,1543.1239695425122,3240.3902342769547,721.2143994495339,1619.2203381879597,3218.8320545108854,670.1468716937316,1657.6795996000494,3206.4187196550897,0.05999999999994543,L,K
DCB_se2_ag1_f_01_1,11349,AY1,4344,like,793.9372733051626,1795.7085019280173,2751.7259127522375,861.4782449724858,1557.4771393863173,2323.072919825391,659.6584874148275,1970.9756820167129,2999.828226869392,0.06999999999993634,L,K
DCB_se2_ag1_f_01_1,11352,AH1,4345,what,466.20382298211126,1449.3082845480806,3131.5755972313555,475.58032428487576,1174.9516623733855,2918.4481359072147,468.64010311282146,1724.8192094532003,2962.031812691182,0.029999999999972715,W,T
DCB_se2_ag1_f_01_1,11355,UW1,4346,you,460.3970877484649,1874.6641435724669,3116.605295880725,512.7705664571158,1834.1042690168638,3201.3638386950183,476.2003249102427,1887.4643523985894,3196.3808664924572,0.049999999999954525,Y,S
DCB_se2_ag1_f_01_1,11357,EY1,4347,say,665.4143073375808,1950.9070052583786,2632.092293604638,720.6643673123003,1880.3437574645827,2592.9463268597356,669.7256224730772,1949.4753927394597,2626.8632816256827,0.029999999999972715,S,AW1
DCB_se2_ag1_f_01_1,11358,AW1,4348,out,874.3198203289614,1592.6784677753496,2465.9971707373966,884.2507022545659,1726.5135849314074,2529.334603920156,720.6643673123003,1880.3437574645827,2592.9463268597356,0.10999999999989996,EY1,T
DCB_se2_ag1_f_01_1,11361,UH1,4349,your,588.3509110200072,1391.1663103257604,2760.1834396301724,663.0625136519709,1504.431554016676,2570.9318669640834,556.783020179803,1862.1752586371952,3613.370204936559,0.029999999999972715,Y,R
DCB_se2_ag1_f_01_1,11364,AW1,4350,mouth,922.381486211322,1576.1440355074437,1900.701306050256,925.8502214954938,1581.1133834229677,2178.707552773578,919.0624960920641,1585.3514768105013,2518.510279867441,0.10000000000013642,M,TH
DCB_se2_ag1_f_01_1,11369,AH1,4352,but,503.4688196843141,1762.9942627333567,2621.054527203334,503.81947528295046,1770.9373368278189,2632.771784872491,470.3402952424943,1825.0726176846745,2831.889411191493,0.029999999999972715,B,T
DCB_se2_ag1_f_01_1,11372,UW1,4353,you,571.2459196701989,1492.3190650715176,3074.2700643773314,579.0333352976223,1593.381060294686,3189.8837870494945,540.552383969536,1970.0899509669493,2823.277541588882,0.06999999999993634,Y,HH
DCB_se2_ag1_f_01_1,11374,AE1,4354,have,985.2134480903719,1724.9326281678457,2511.312043029028,1009.215215742206,1738.882337505592,2499.31740304405,955.307569727085,1743.8794810230777,2658.2994221915706,0.03999999999996362,HH,V
DCB_se2_ag1_f_01_1,11377,AH0,4355,to,510.75174786608846,1614.103484902104,2857.235664420312,565.7123138709215,1786.9834547332714,2923.343413045688,546.1715520196038,1820.1494381130601,2940.725237579643,0.05999999999994543,T,B
DCB_se2_ag1_f_01_1,11379,IY1,4356,be,581.2915632573959,2503.8133969510086,2899.0335198119833,596.5657962469078,2665.772107927283,2859.7007871652595,601.7277946141759,2682.1735374477007,2881.5525846123232,0.09000000000014552,B,T
DCB_se2_ag1_f_01_1,11382,UW1,4357,true,540.8131517671952,1229.6336632903233,2895.2275328740807,562.3686024048984,1247.1064130209797,2762.4303925701597,554.8763028185706,1567.1757864984236,2740.3102619890938,0.10000000000013642,R,T
DCB_se2_ag1_f_01_1,11384,UW1,4358,to,471.4146996539453,1296.5155123335066,2629.857809419795,500.4719058517506,1574.3531766458827,3043.3186542134017,496.3211086546048,1578.8925108548924,2980.0439625410895,0.08999999999991815,T,HH
DCB_se2_ag1_f_01_1,11386,UW1,4359,who,530.2633716659037,1181.0783326156932,2904.497611032901,584.8814943673253,1431.9086113753472,2887.942776213134,575.7452644940737,1712.8506394021015,2751.416925428809,0.11999999999989086,HH,Y
DCB_se2_ag1_f_01_1,11388,UW1,4360,you,610.2864053232612,1493.984975932543,2712.819666615105,730.3641361469287,1136.8681309831404,2587.538619134278,558.894807145167,2692.0822332758376,3117.0785588989434,0.19000000000005457,Y,AA1
DCB_se2_ag1_f_01_1,11389,AA1,4361,are,918.6573347585847,1353.5545066098457,2240.590831990492,942.6358401290387,1364.129691258889,2100.8821537527006,865.7931006702305,1449.3025478977636,2149.4683768709765,0.16000000000008185,UW1,R
DCB_se2_ag1_f_01_1,11394,IH0,4363,because,515.2451862159548,2315.655074375869,2595.8708642467586,551.3505479959326,2309.2461171688674,2521.4057673256884,538.8168269665043,2407.177018713013,2500.3705824913695,0.049999999999954525,B,K
DCB_se2_ag1_f_01_1,11396,AA1,4363,because,486.7827263647719,1770.773004954003,2812.399790080782,514.2825697597141,1899.791617825215,2680.0331455931378,514.2825697597141,1899.791617825215,2680.0331455931378,0.03999999999996362,K,Z
DCB_se2_ag1_f_01_1,11399,IY1,4364,people,429.04839555909456,2645.9116366836743,2726.2443220520754,497.1878187095488,2691.3878779042216,3442.0346387968557,429.8950818912696,2733.2483938894097,3073.473028740557,0.07999999999992724,P,P
DCB_se2_ag1_f_01_1,11401,AH0,4364,people,512.0756567950243,836.0393222116074,2760.721850829184,603.3455425892846,1892.941665187842,2883.756240601698,603.3693556878425,1936.8427166881515,2891.1305543979756,0.029999999999972715,P,L
DCB_se2_ag1_f_01_1,11404,AH0,4365,will,505.4698762204717,802.6953261100971,2870.139066732439,570.03853813479,921.3507239237852,2579.3313467898274,564.906747515947,1006.8506253098432,2724.5962142955104,0.03999999999996362,W,L
DCB_se2_ag1_f_01_1,11407,EY1,4366,say,511.66130947350337,2641.2176580675236,3166.1345552224816,838.0372412459291,1867.585085885816,2820.470295433532,511.47590583767436,2640.202449192065,3159.7704693303767,0.19000000000005457,S,
DCB_se2_ag1_f_01_1,11410,AE1,4368,that,748.814053118311,2049.4718764942654,3105.3838229315897,759.224722386986,2026.5686896663265,3061.434044046832,751.1881480452631,2044.24893277605,3095.3613215536116,0.03999999999996362,DH,T
DCB_se2_ag1_f_01_1,11414,AA1,4370,not,820.2411996438452,1801.0090172148302,2581.1339042858554,833.8008137338975,1844.4937637982446,2741.2500113504957,678.0235998547223,1998.2813034094354,3075.013949292089,0.08999999999991815,N,T
DCB_se2_ag1_f_01_1,11417,UW1,4371,you,486.78222322006627,1475.699627299445,3022.102113918544,545.4092659441844,1534.2558063065308,3036.1763132307274,511.4738852874736,1971.2471543051083,3028.9705012738914,0.08999999999991815,Y,T
DCB_se2_ag1_f_01_1,11419,AH0,4372,to,506.1793154015871,1603.3540112657713,2986.337117526462,541.6598044558176,1848.21336830795,3122.2968380231246,516.7422784581464,1862.8591914406413,3114.017663457279,0.06999999999993634,T,B
DCB_se2_ag1_f_01_1,11421,IY0,4373,be,484.4570188631832,2198.673469396526,2367.928910701005,492.1384932255358,1593.1918423873024,2601.3194045356586,486.98318454803524,2235.5450335664436,2424.4478457702926,0.07999999999992724,B,L
DCB_se2_ag1_f_01_1,11423,AY1,4374,like,807.1944785568705,1749.4457901914232,2656.4237669513177,828.8022758335092,1518.4392712589176,2513.5571384722957,693.4720887125586,1862.5066250948078,2823.406108835116,0.09000000000014552,L,K
DCB_se2_ag1_f_01_1,11426,AE1,4375,that,686.7895959232459,1948.7077558276785,2495.0732246534394,747.6812842387151,2033.4141397739288,3008.4338487933164,686.6935985010817,2112.994453618402,2953.7004557547143,0.18000000000006366,DH,T
DCB_se2_ag1_f_01_1,11429,IY1,4377,even,398.1075125110084,1977.2506705786975,2670.152767699382,826.6781106872324,1880.7160849708787,2787.525873133684,543.8616695665853,2759.7942303270966,3443.020687056514,0.11999999999989086,,V
DCB_se2_ag1_f_01_1,11431,IH0,4377,even,544.3418361673561,1849.3381504246013,2942.7488213354986,573.4131763114451,1564.0025128358623,2662.1999708666863,545.3647833290222,1936.9068098815712,3086.1918278869744,0.03999999999996362,V,N
DCB_se2_ag1_f_01_1,11433,IH1,4378,if,589.3633194593331,2194.5837355943695,3135.952659742473,592.8560313508532,1967.1322420815204,3060.6864424989108,589.8577974136583,2194.4877923961094,2846.8448125996974,0.08999999999991815,N,F
DCB_se2_ag1_f_01_1,11436,UW1,4379,you,653.301474855843,1310.002566173411,3214.2969097200826,697.251755268175,1220.830133971416,3184.250195011487,561.4921141499373,2622.4587800310896,3338.6165782188227,0.13999999999987267,Y,AA1
DCB_se2_ag1_f_01_1,11437,AA1,4380,are,789.1712034468566,1285.3478742737414,2731.2372576584353,816.8572871213669,1330.5871369692713,2484.752987499689,778.902769167778,1409.0459031228106,2689.2569496260085,0.21000000000003638,UW1,R
DCB_se2_ag1_f_01_1,11442,AY1,4382,like,697.8289804243185,2012.311928309798,3129.219137030141,727.2408603740602,1835.9917468492956,3173.89251379825,533.4853236623516,2255.14627497474,2915.1529069271305,0.03999999999996362,L,K
DCB_se2_ag1_f_01_1,11445,AH0,4383,the,586.3669631320729,1630.979906780717,2817.2588113547295,599.0750061204612,1794.9310072625324,2990.9817722208513,506.97382145100187,2016.358253256403,3130.2664690138786,0.060000000000172804,DH,M
DCB_se2_ag1_f_01_1,11447,IY1,4384,meanest,550.7122296745688,1513.9388329709202,2897.4126797322297,571.6814767811719,1591.0222626827658,2792.6774889068142,523.7976460264347,2418.47252248152,2909.13699931606,0.10999999999989996,M,N
DCB_se2_ag1_f_01_1,11449,AH0,4384,meanest,511.0893051748972,1920.9230223324287,3103.2781748919647,581.4789154974268,1806.1697581518297,2967.1507875718794,519.6944639414912,1933.2562674039966,3216.1274059983425,0.07999999999992724,N,S
DCB_se2_ag1_f_01_1,11453,ER1,4385,person,709.3779953087042,1498.0968056238353,1927.2049613287415,745.4718919337402,1403.9525130126108,1861.4457287017603,611.9800485675385,1594.500485718396,2020.4313317911187,0.060000000000172804,P,S
DCB_se2_ag1_f_01_1,11455,AH0,4385,person,519.0011316669018,1797.1583085230861,2690.5420167857956,544.8967024499601,1809.444076008661,2742.1243996810877,503.6532333634474,1885.2398499933113,2626.497242980398,0.03999999999996362,S,N
DCB_se2_ag1_f_01_1,11457,IH1,4386,in,618.684606143087,1955.4605478209262,2970.1917231589036,673.6720566028455,1972.3304263268458,3039.2367778323046,657.4328041276797,1979.5541164710494,3012.3157525286133,0.03999999999996362,N,N
DCB_se2_ag1_f_01_1,11460,AH0,4387,the,666.9200590860919,1341.8803725457508,2208.8922093365222,684.5167290257335,1061.0638035937268,2353.4500894911016,601.4889878237963,1655.7981331285273,2177.95369015071,0.05999999999994543,DH,W
DCB_se2_ag1_f_01_1,11462,ER1,4388,world,617.0366378503519,1517.0502759605365,1993.7558633859778,637.4587064581201,1546.7584291767355,2226.4840849101943,625.3637073330608,1622.1258838857982,2136.0641703611823,0.09000000000014552,W,L
DCB_se2_ag1_f_01_1,11466,AH1,4389,once,714.0593578679496,1223.3174969677088,1907.879970247601,734.7417725505084,1043.727224234789,2069.324637506263,731.8397722843788,1534.4346179841418,1993.825437445865,0.029999999999972715,W,N
DCB_se2_ag1_f_01_1,11470,UW1,4390,you,534.9242183388735,1921.7446492118572,2841.5732089215608,568.7415624783081,2040.5628284013972,2960.880492066541,568.7415624783081,2040.5628284013972,2960.880492066541,0.029999999999972715,Y,T
DCB_se2_ag1_f_01_1,11473,AY1,4391,try,790.9062472816375,1760.6325107088599,2255.4694779297893,793.4248602369164,1754.5882560871626,2293.1490664161634,752.029067886417,1795.827044439763,2569.9986869512454,0.040000000000190994,R,T
DCB_se2_ag1_f_01_1,11475,AH0,4392,to,565.6396133664275,1713.370528813614,2658.4509335021025,624.4901048660505,1753.7924045145448,2750.051816561034,550.567851400319,1893.088048097637,2832.115139538937,0.049999999999954525,T,B
DCB_se2_ag1_f_01_1,11477,IY1,4393,be,482.4188596371193,2376.413102004871,2599.9214202277763,513.8688817354753,1475.338325774182,2610.9425901144027,482.4861417068248,2380.6970976472803,2596.8247146170543,0.060000000000172804,B,N
DCB_se2_ag1_f_01_1,11479,AY1,4394,nice,653.2908447694854,2225.445123287594,2831.6715682067434,722.0982126616303,2130.718694428061,2895.010968536576,639.4986183640697,2358.361018653456,2926.6838287372243,0.07999999999992724,N,S
DCB_se2_ag1_f_01_1,11482,OW1,4396,oh,538.9488625519296,1120.500518180233,3189.495155809175,702.2096010430383,1592.0001829038633,2929.190930234488,523.9909265164252,1761.1730353500006,2671.3334074361005,0.13999999999987267,sp,Y
DCB_se2_ag1_f_01_1,11484,UH1,4397,you're,497.3359413787173,1905.8014338828168,2483.50913207733,549.5251962771716,1604.3467106778915,2320.0570411552026,539.2354652366586,2459.8191527436315,3024.545635660128,0.0500000000001819,Y,R
DCB_se2_ag1_f_01_1,11487,IY1,4398,being,471.6735881742704,2252.527077465705,2857.89554327727,557.2814470259699,2488.6828375821246,2994.4139185539702,456.08251396965665,2469.7323957959065,3012.948308959731,0.07999999999992724,B,IH0
DCB_se2_ag1_f_01_1,11488,IH0,4398,being,517.5836919364315,2534.4625192173526,2889.224802435818,536.4922824660359,2620.3495860862213,2821.5463350250984,512.1040702777029,2639.044387528606,2910.5612416693507,0.03000000000020009,IY1,NG
DCB_se2_ag1_f_01_1,11492,EY1,4400,fake,505.0407764826411,1360.2995840749863,2599.5707373662085,633.370295797024,2444.142605239321,2495.3053190232167,462.3836729462257,2607.5816287825314,2796.5485995547137,0.09999999999990905,F,K
DCB_se2_ag1_f_01_1,11496,IH0,4402,because,533.4144854760073,2513.166624999233,3088.912348384874,532.8995440875879,2026.0177138918946,2953.0187034441146,524.1995070353827,2728.129660408183,3109.5381526363144,0.06999999999993634,B,K
DCB_se2_ag1_f_01_1,11498,AH1,4402,because,632.8898270455423,1804.951697534553,3039.679629302696,650.0476624968134,1241.8259700925528,1819.6720374848758,637.6958355318327,1811.2345415208595,3032.381664022791,0.060000000000172804,K,Z
DCB_se2_ag1_f_01_1,11501,AH0,4403,that,623.8341650815986,1999.7819682739637,3130.6857396623564,629.717885526895,2037.7195091859833,3169.180805574251,569.5637239520469,1973.3399814737463,2786.8934486252865,0.06999999999993634,DH,T
DCB_se2_ag1_f_01_1,11505,AA1,4405,not,893.3449488133416,2043.4252415482592,2825.916829724969,907.536603751939,2019.240299367315,2832.2373089113876,803.9669240142438,2008.4409187435592,3085.523150278464,0.11000000000012733,N,T
DCB_se2_ag1_f_01_1,11510,UW1,4407,you,451.4028845078147,1738.6945051295002,2893.649031766319,531.174138384122,1989.8664628569402,2957.805381825634,516.6471214352758,2083.376835048085,2870.7345160466457,0.11000000000012733,Y,sp
DCB_se2_ag1_f_01_1,11513,AH0,4409,regardless,439.5624793797625,1340.1417411097918,2824.5739149186525,558.4992858041823,1289.1300014405629,3076.0782050960315,479.63580372547545,1601.3784897575301,2730.4297622093427,0.0500000000001819,R,G
DCB_se2_ag1_f_01_1,11515,AA1,4409,regardless,844.4257076695858,1553.0531360369387,2700.0590319917146,875.811410415746,1534.1423339065686,2663.200882124929,814.1044782551658,1763.4437338978971,2899.218510625446,0.12999999999988177,G,R
DCB_se2_ag1_f_01_1,11519,AH0,4409,regardless,517.1052473013731,2037.4289384024428,2902.7182814949415,690.9046522308806,1992.154894888458,2843.037515864878,527.1958569518306,2084.9328538987425,2788.908222626476,0.08999999999991815,L,S
DCB_se2_ag1_f_01_1,11525,AY1,4413,right,730.0765243121539,1773.5724702746932,2811.3942920245913,747.5070582759363,1624.9378146772406,2662.783292580477,674.4819387533838,2608.486893445458,2958.7979035175035,0.08999999999991815,R,T
DCB_se2_ag1_f_01_1,11530,AY1,4415,right,718.7913316462153,1838.535418163455,2544.077084610531,743.9320063535462,1808.7441685643767,2618.824339185569,648.5847320028178,1986.6692267925316,2660.7007658584002,0.11999999999989086,R,T
DCB_se2_ag1_f_01_1,11537,AY1,4419,right,714.4864066992884,1843.4151997204817,2468.8010146424904,763.042865098746,1812.4294221824573,2298.191440972218,637.6763266896977,2231.7685657736765,2300.5875977201886,0.10999999999989996,R,T
DCB_se2_ag1_f_01_1,11541,OW1,4421,so,619.436947054749,1208.4563151412508,3172.8729827667703,812.8375545289747,1565.2239822294841,2492.3901166510673,647.0683055586823,1622.4835052826054,2836.8207968247275,0.2300000000000182,S,AY1
DCB_se2_ag1_f_01_1,11542,AY1,4422,i,897.9929598062996,1683.8842270534606,2500.2365452282343,940.8806542751518,1699.2588439173742,2433.8426812562866,696.6439601011531,1967.7904804577809,2883.4481420537213,0.10999999999989996,OW1,K
DCB_se2_ag1_f_01_1,11544,EY1,4423,came,584.4749782850959,2058.7796862734613,2967.8588391071717,618.7958014906369,1905.5779468393082,2422.763076082003,569.5619997845366,2479.1722365905757,2982.895321467644,0.10000000000013642,K,M
DCB_se2_ag1_f_01_1,11547,UW1,4424,to,508.7811478588375,1403.4402281817713,3201.485498477082,523.5800919798074,1427.1469866987031,3114.3193073706993,519.4750200417217,1691.1886482802047,3060.5493508862423,0.08000000000015461,T,DH
DCB_se2_ag1_f_01_1,11549,AH0,4425,the,584.3738219721888,942.5652087828822,3080.857492207999,657.3584766316449,1405.6960459746501,3184.2534035625076,656.0642289434522,1422.6714897508298,3181.100791032559,0.07999999999992724,DH,B
DCB_se2_ag1_f_01_1,11551,OY1,4426,boys,688.7862158970817,1591.3979311015985,3044.7937000629745,688.3677128633524,1580.0560085363832,3045.2742111634375,497.2287274795136,1787.695796591784,3012.759625069178,0.13999999999987267,B,Z
DCB_se2_ag1_f_01_1,11553,AH0,4427,and,548.3439975511375,1856.3973317450698,3321.02956361587,620.8759434392841,1952.2636469425408,2957.234515929103,620.8759434392841,1952.2636469425408,2957.234515929103,0.07000000000016371,Z,N
DCB_se2_ag1_f_01_1,11556,ER1,4428,girls,654.2197900797034,1642.5864619507875,2499.4392976089134,654.3154050933686,1645.8011480079585,2491.27690012118,652.9470668410419,1660.9290309209207,2450.0856741589528,0.049999999999954525,G,L
DCB_se2_ag1_f_01_1,11561,AH1,4429,club,647.4394483567576,1703.750167818571,1766.7440087525172,661.4780741673222,1555.766112126786,3300.4469236975287,648.6063295478067,1724.3463818243822,1911.0289509074673,0.15000000000009095,L,B
DCB_se2_ag1_f_01_1,11564,IH0,4430,because,481.7436801005196,1966.2111681103531,2960.802861579053,636.8113078535414,2169.174390356865,2473.0119530476127,451.65459776917606,2192.804084777101,2797.028512743912,0.060000000000172804,B,K
DCB_se2_ag1_f_01_1,11566,AH1,4430,because,675.3165716973501,1228.0597933450524,2129.8691290718966,725.4660587797486,1629.029971997692,3365.9998429536563,578.2458023418944,1755.5607491837184,3115.3714500679007,0.17000000000007276,K,Z
DCB_se2_ag1_f_01_1,11568,AH1,4431,uh,809.2215204370706,1526.1790164921424,3010.3344450089758,848.1357487775825,1567.5730147193626,3012.473845738166,745.850106657134,1703.9387393765533,3093.215414572138,0.2599999999999909,Z,sp
DCB_se2_ag1_f_01_1,11570,AE1,4433,at,767.440649500786,1712.5632707088018,2728.512156005522,844.0340466805937,1503.9598072922752,2641.010391674995,764.1571764219427,2075.901651638619,2120.2194980236245,0.11000000000012733,sp,T
DCB_se2_ag1_f_01_1,11574,UW1,4434,school,535.0670258048211,1002.9594836282656,3234.6802839204593,994.5498116410587,1057.7033037511262,2853.06568471497,685.0488463955327,1053.7107117644275,3011.9278832902846,0.049999999999954525,K,L
DCB_se2_ag1_f_01_1,11578,EY1,4436,they,618.7269752450538,2033.1345662161762,3079.980793585728,618.6502662240233,2057.1426663493075,3086.9467874241736,600.2371079900133,2095.9721958674163,3098.0503401782134,0.029999999999972715,DH,W
DCB_se2_ag1_f_01_1,11580,AH0,4437,was,518.8516444591104,1779.736486613915,3163.663292311665,550.6686163567342,1744.8750794671628,3177.321492643868,526.5359840318804,1792.9381033087943,3184.131187088961,0.029999999999972715,W,Z
DCB_se2_ag1_f_01_1,11583,EH1,4438,telling,734.9227786091536,1797.4746540018316,3395.8752128738424,781.676516144559,1885.5019117905358,3537.9249767984243,781.7342001922558,1885.6333377420851,3538.4020941156223,0.029999999999972715,T,L
DCB_se2_ag1_f_01_1,11585,IH0,4438,telling,563.512862987945,1665.646134645514,2445.9832453655577,593.8578958502374,1697.2350059113094,3251.4765952232583,572.0412434480974,1708.733642907971,2557.831204572691,0.029999999999972715,L,NG
DCB_se2_ag1_f_01_1,11588,AH0,4439,that,598.410497486163,2108.2085505242458,3390.412418008386,627.9507531234107,2063.4152630924423,3248.730714645001,600.9588511131096,2108.223124843752,3347.104663558796,0.029999999999972715,DH,T
DCB_se2_ag1_f_01_1,11591,UW1,4440,you,512.9735625268294,1821.672972790366,3112.0328157798976,610.2378304239178,1770.7711585755649,3182.8154899732135,538.33755507487,2045.532866348482,2992.824001013936,0.05999999999994543,Y,HH
DCB_se2_ag1_f_01_1,11593,AE1,4441,have,998.9933872086206,1755.8828406265745,2496.5649522585786,1002.858042497144,1814.8672122982593,2588.4307313797353,1002.858042497144,1814.8672122982593,2588.4307313797353,0.049999999999954525,HH,V
DCB_se2_ag1_f_01_1,11596,AH0,4442,to,551.0934474505585,1876.4919102958263,3021.1692906161948,601.3301871059197,1903.9656314156252,3191.965240470396,568.3126422655437,1925.039665235392,3109.965347022071,0.049999999999954525,T,G
DCB_se2_ag1_f_01_1,11598,OW1,4443,go,621.4215823913694,1200.6946816335699,3244.087956464772,731.0980290522929,1280.5229658218136,3120.755172291145,578.146610073545,1403.3256674806357,2963.033134797898,0.11000000000012733,G,AW1
DCB_se2_ag1_f_01_1,11599,AW1,4444,out,899.5166310721719,1550.4321376197443,2541.537055215994,904.4590511290414,1527.116557136762,2523.6003760739595,872.0104895896905,1570.1404830094339,2731.887344192738,0.11999999999989086,OW1,T
DCB_se2_ag1_f_01_1,11601,AH0,4445,and,685.6145069935069,1761.9156133012632,3035.8245843899012,730.1051321547294,1752.7627193466496,3184.042051322902,656.8745100686766,1783.7874880553065,3085.06002214453,0.03000000000020009,T,N
DCB_se2_ag1_f_01_1,11604,AY1,4446,find,811.2189025955189,1689.267718608746,1760.699693475447,947.5884847992969,1641.9687128766282,2731.68170536359,623.2491426640591,2144.7185414346077,3408.438684449978,0.2799999999999727,F,N
DCB_se2_ag1_f_01_1,11609,AH0,4448,community,513.7155981870984,1326.479294053651,2549.6349973954375,664.2225624137369,2145.753999864545,2709.2611756822844,664.2225624137369,2145.753999864545,2709.2611756822844,0.03999999999996362,K,M
DCB_se2_ag1_f_01_1,11612,UW1,4448,community,589.1412966589326,2124.274994334677,2949.938849822591,598.9351476618522,2156.799116812046,2959.721485166673,581.4739596161096,2191.6538007954764,2988.581926740603,0.03999999999996362,Y,N
DCB_se2_ag1_f_01_1,11614,IH0,4448,community,552.3197092852399,1916.2588691626788,2803.3912882560817,579.412986204642,1937.8231215311582,2658.8795544078694,573.0171850000154,2126.2057535038143,2805.939987332562,0.029999999999972715,N,T
DCB_se2_ag1_f_01_1,11616,IY0,4448,community,470.64251237356075,2199.5755874148276,2784.730632438209,468.16029117032343,2191.4212086802695,2775.1965176522895,418.17640909240106,2269.263869463428,3078.096369193612,0.05999999999994543,T,S
DCB_se2_ag1_f_01_1,11618,ER1,4449,service,619.184248364415,1523.5367546117218,1734.3237196544865,642.7452202262615,1700.1445382806564,2508.5274830005073,641.2891705539428,1717.3609710667638,2073.9398786480315,0.05999999999994543,S,V
DCB_se2_ag1_f_01_1,11620,AH0,4449,service,545.0184872965907,1654.368312029232,2472.099144340771,562.5727808332803,1689.2437672639858,2523.2551788057926,525.5235970060619,1828.6516308777937,2056.290334148676,0.03999999999996362,V,S
DCB_se2_ag1_f_01_1,11622,AY1,4450,i'm,881.2351005471629,1614.7164661612953,2237.1609280132407,893.2520613098799,1656.3233426130557,2353.018279557941,800.2292867565544,1685.2159588647214,2454.7521852484156,0.08999999999991815,S,M
DCB_se2_ag1_f_01_1,11624,IH1,4451,in,697.7472714549617,2038.9403485676605,3009.0368174481755,700.0952525470117,2075.5467153280474,2997.8837277159164,650.4539502192737,2386.3855337075875,2936.6843525423583,0.22000000000002728,M,N
DCB_se2_ag1_f_01_1,11626,EY1,4452,eighth,606.2965991942839,1557.1828936930526,2408.1381446739806,628.7021230832953,1707.0613465269867,2502.722636578541,628.6652502697693,1706.7852647734358,2502.5511348153286,0.03999999999996362,N,TH
DCB_se2_ag1_f_01_1,11630,EY1,4453,grade,573.6776154558028,1632.8255983105873,2026.5220939263622,592.9444771336491,1815.2588594251106,1824.9924231371233,592.5085124412037,1819.5065988262356,1836.907056440765,0.029999999999972715,R,D
DCB_se2_ag1_f_01_1,11632,AH0,4454,i'm,609.4035084564367,1497.992692585502,2505.844736325356,615.0051495753701,1651.3146415231665,2502.0371763540074,602.8571622129974,1971.6219802436206,2428.3289016222366,0.0500000000001819,D,M
DCB_se2_ag1_f_01_1,11635,AY1,4455,like,756.3671623676526,1870.543345651168,2977.5469221055514,817.9189881598099,1721.4184584211757,2914.0899234858352,649.9068459842988,2044.7401156937829,2886.781348786777,0.06999999999993634,L,K
DCB_se2_ag1_f_01_1,11637,OW2,4456,okay,539.8377589461062,1283.716039484842,2918.400762357172,660.3864135854357,1482.8442868438742,2788.8885776613356,658.2348799856813,1484.2080336588508,2739.0860401553223,0.12999999999988177,K,K
DCB_se2_ag1_f_01_1,11639,EY1,4456,okay,571.8032877467424,2143.745625047274,2944.4746837525395,634.2338131532617,2103.648371720757,3049.965225793747,592.360664980745,2284.727898804841,3321.746690937689,0.2300000000000182,K,sp
DCB_se2_ag1_f_01_1,11642,AH0,4458,community,465.0850306674571,1710.8506286734282,2418.94330064915,677.6271570688125,2187.342178553853,2933.3145578533495,677.6271570688125,2187.342178553853,2933.3145578533495,0.029999999999972715,K,M
DCB_se2_ag1_f_01_1,11645,UW1,4458,community,506.35000532878286,2076.218974251354,2937.52857004085,517.7868579255475,2065.7855634968473,2941.8460503200145,502.1513777166571,2078.943434549195,2933.938102278391,0.029999999999972715,Y,N
DCB_se2_ag1_f_01_1,11647,AH0,4458,community,453.23583097775287,1951.0043867953823,2669.0243745645157,486.1749529055053,1989.0656556212937,2870.734108501088,475.52023083026273,1989.7231718469711,2849.8032476859694,0.03000000000020009,N,T
DCB_se2_ag1_f_01_1,11649,IY0,4458,community,441.36995982489225,1907.633601467024,2499.9604091579363,744.0835903232016,2051.5771511841654,2831.909478068356,451.11549779982874,2048.393218550375,2506.3074796434908,0.05999999999994543,T,S
DCB_se2_ag1_f_01_1,11651,ER1,4459,service,660.6961139557973,1658.982486799195,2064.6746062944153,715.4702163596588,1634.0827387189433,2246.9348583691067,633.5256295288101,1670.1574359100302,1950.8189652353512,0.14000000000010004,S,V
DCB_se2_ag1_f_01_1,11653,AH0,4459,service,556.9472236642542,1807.379465695039,2317.6259351575313,555.2456317365479,2027.7611514134371,2224.9257669328617,555.5635771877396,2033.5981936577004,2194.732962596212,0.10999999999989996,V,S
DCB_se2_ag1_f_01_1,11658,AH2,4461,whatever,578.88375789658,1458.474645545154,2719.04225139184,619.2305845971722,1681.591646884551,2845.703666389005,617.7486905367291,1735.8378982587792,2843.96171405127,0.049999999999954525,W,T
DCB_se2_ag1_f_01_1,11660,EH1,4461,whatever,761.3565141632987,1617.7955423223589,2041.7269806976587,766.7144445388335,1619.5192912265916,2317.483970536273,651.3960302786626,1817.5494850956845,2599.520660264191,0.07000000000016371,T,V
DCB_se2_ag1_f_01_1,11662,ER0,4461,whatever,565.8643973307031,1612.7627713958325,2389.005954875514,956.2458068691102,2124.5834885043732,3453.8827332743244,917.2331773949849,2090.5174565463444,3309.9708420645384,0.13000000000010914,V,
DCB_se2_ag1_f_01_1,11665,OW1,4463,so,587.1312588005696,1044.2994421492947,2943.557851911798,661.6268504513436,1657.7420048726283,2842.22240076067,641.5524954145226,1728.9496871541892,2848.3212103389646,0.2999999999999545,S,N
DCB_se2_ag1_f_01_1,11667,AA1,4464,not,802.7385547449668,1868.3127151226472,2881.461181156941,831.4179837802445,1930.7739687410037,2948.3070517970573,789.9760786352064,1962.9081482155414,2900.1911655635854,0.06999999999993634,N,T
DCB_se2_ag1_f_01_1,11669,IY1,4465,even,501.0189076524956,2517.841563801131,2885.989250119506,641.6711997384484,2221.5312040508525,2705.718629210991,499.10323987590607,2665.398002659072,2973.6060111192182,0.05999999999994543,T,V
DCB_se2_ag1_f_01_1,11671,IH0,4465,even,628.0729160331741,1888.4416411754717,2661.575302645873,638.0872536340905,1891.6537654797316,2805.7022424641177,640.1827359375259,1975.9979403393643,2251.459684713273,0.029999999999972715,V,N
DCB_se2_ag1_f_01_1,11673,EY1,4466,eighth,609.694723000004,1420.7328810175084,2635.401211576769,673.5124703841448,1194.0071443528532,2542.8152953280487,635.9467308779042,1619.447392860665,2486.5379443006423,0.049999999999954525,N,T
DCB_se2_ag1_f_01_1,11679,EY1,4468,grade,663.6192010565575,1895.329442974189,2593.622179366525,717.8065200713148,2044.0757799100581,2240.2511291543697,719.0573151145504,2048.2291501962823,2241.3202651523943,0.11000000000012733,R,D
DCB_se2_ag1_f_01_1,11682,OW1,4469,no,892.2733534988395,1418.483926493969,2091.0376064440256,932.8344689142036,1363.5112565048285,2233.9389232119993,902.3936044978078,1432.675148755569,2079.0077574397374,0.03999999999996362,N,AY1
DCB_se2_ag1_f_01_1,11683,AY1,4470,i,874.7827777659116,1395.7430526975093,1994.4325965376538,931.9150058415448,1369.930100535718,2229.3157943800156,897.8236134186483,1436.2183088113236,1998.4965529466442,0.060000000000172804,OW1,W
DCB_se2_ag1_f_01_1,11685,AA1,4471,wasn't,763.6696229224067,1635.4748331890244,2890.045106654114,784.0076711537514,1564.2854000707011,2907.6670515136893,753.434005026379,1917.5523586502168,3021.8329841660684,0.06999999999993634,W,Z
DCB_se2_ag1_f_01_1,11687,AH0,4471,wasn't,450.9046229554343,1436.9075473099429,2574.4089382291136,573.4159517949125,1469.8802574163467,2648.0030704612664,555.5712927078528,1548.9745185451136,3019.307858240553,0.03999999999996362,Z,N
DCB_se2_ag1_f_01_1,11690,IY1,4472,even,778.3410119611888,1920.5614050259996,3024.94627040369,782.2752389428897,1922.6286599528607,2889.4747555111358,780.6865289328894,1921.7938660757402,2944.1805345068015,0.03999999999996362,T,V
DCB_se2_ag1_f_01_1,11692,IH0,4472,even,707.2283337439875,1875.3144041095359,3070.408948397151,734.3371140501948,1918.163176606901,3107.399851519055,718.7661371947243,1936.1984642679943,3052.6850739704314,0.029999999999972715,V,N
DCB_se2_ag1_f_01_1,11695,IH0,4474,in,669.5125656257459,2097.2492752773005,3033.8321689543004,683.4182199573847,2079.943509960823,3070.867581706576,663.7062847105049,2186.0771467682875,2902.912425632143,0.029999999999972715,sp,N
DCB_se2_ag1_f_01_1,11697,EY1,4475,eighth,615.3703648717538,2223.434586361073,2820.9017769926827,637.2257368055486,2232.700341853943,3069.6915111031744,627.62289626138,2385.7852877577384,2816.2787796983603,0.049999999999954525,N,TH
DCB_se2_ag1_f_01_1,11702,EY1,4477,grade,545.2341578808067,2259.4990222386227,2551.498020049402,577.410765262475,2302.6225118592215,2682.636125192469,545.2227316122871,2345.8388355958573,2697.380036916295,0.07999999999992724,R,D
DCB_se2_ag1_f_01_1,11704,AY1,4478,i,817.3751988416835,1341.6661528073269,2006.7700128862762,825.9202907506977,1393.1601968351642,1971.2996225607867,810.8787350626129,1613.343105609148,2112.160695996075,0.06999999999993634,D,sp
DCB_se2_ag1_f_01_1,11707,AH0,4480,was,448.28925461610004,1571.0376656196638,2948.21958082029,488.595853220327,1565.9378496804932,2951.4330601608776,413.37242778675704,1633.2992365439766,2369.1260926376685,0.029999999999972715,W,Z
DCB_se2_ag1_f_01_1,11711,AY1,4482,i,763.6829680297654,1716.8364822007584,2431.31808628175,926.637915292142,1544.6635072150596,2383.235251723658,583.3260446920809,1842.2870474958336,2705.364613096114,0.11000000000012733,,W
DCB_se2_ag1_f_01_1,11713,AA1,4483,was,640.6205772098226,1490.3757809868603,2928.6796092364343,672.7333861078642,1621.1721056587303,2903.651612015429,672.7333861078642,1621.1721056587303,2903.651612015429,0.029999999999972715,W,Z
DCB_se2_ag1_f_01_1,11715,IH0,4484,in,571.70175078549,1602.1956729659223,2553.1851344528386,582.8183312828462,1670.4634011659157,2763.8890425321138,582.8183312828462,1670.4634011659157,2763.8890425321138,0.029999999999972715,Z,N
DCB_se2_ag1_f_01_1,11718,AH0,4485,the,551.0885194239025,1741.7735537119825,2593.7103165318995,619.6353530670905,1721.5522105327389,2892.1173726904653,550.0839857846087,1742.7524223294624,2625.3256295556453,0.03000000000020009,DH,S
DCB_se2_ag1_f_01_1,11720,EH1,4486,seventh,799.796160292578,1796.1411923154335,2563.6093862993926,804.558840618608,1753.1622604213692,2549.7124526782713,670.5371780727024,1893.090604525604,2954.9973896215847,0.07999999999992724,S,V
DCB_se2_ag1_f_01_1,11722,AH0,4486,seventh,524.5854092036149,1267.0367899708033,2657.632789717095,641.5718776286463,1245.6879091486153,2585.5492631383613,547.6737696383963,1363.0755565729287,2134.2148928956017,0.049999999999954525,V,N
DCB_se2_ag1_f_01_1,11727,EY1,4487,grade,554.7765171570337,1954.7354720381413,2302.967897694009,571.2626478576453,2114.042413560268,2350.7763420977044,569.8372837794747,2134.1839308546887,2329.70124243873,0.05999999999994543,R,D
DCB_se2_ag1_f_01_1,11729,AY1,4488,i,742.7541290065656,1707.7068300102171,2390.086300180183,754.0360784337748,1704.8833613451256,2387.0520827492596,695.2959863294601,1772.9333031887923,2156.2958401629753,0.029999999999972715,D,W
DCB_se2_ag1_f_01_1,11731,AA1,4489,was,563.1335527258786,1997.7934241099308,2696.818374384847,602.376084348331,1977.9365818401875,2440.6784960250475,564.4590163081306,1978.4817505166434,2466.0296522040226,0.05999999999994543,W,Z
DCB_se2_ag1_f_01_1,11733,IH0,4490,in,495.07015016372065,1942.2677479874335,2762.277184811596,536.922329559994,1921.3237567111005,2666.3900503373557,497.011392233654,1947.6878323758206,2774.0627541834656,0.029999999999972715,Z,N
DCB_se2_ag1_f_01_1,11736,EH1,4491,seventh,754.3892746737927,2164.094095811044,2540.9228412502052,754.3857391309981,2177.4808517533365,2544.1444085752414,733.7304051304463,2261.4658224322643,2788.517051592932,0.0500000000001819,S,V
DCB_se2_ag1_f_01_1,11738,AH0,4491,seventh,708.3053905908199,1507.1733080273114,2248.9110440304535,732.7782060260371,1712.3546213909608,2318.8058795416136,728.638485720644,1749.804962286477,2328.5308887889023,0.05999999999994543,V,N
DCB_se2_ag1_f_01_1,11744,EH1,4494,everybody,610.2870633272311,770.9935232891148,2038.438049577003,769.5107335851475,1840.9263042747584,2018.612496795349,742.841965405256,2022.5337782449487,3423.1385975896987,0.17000000000007276,,V
DCB_se2_ag1_f_01_1,11747,IY0,4494,everybody,549.5455478835788,1628.0111463675446,2601.044905694806,558.4449336200123,1784.2740376588072,2520.6769567028255,552.2243422706756,1828.1784394797055,2531.306753645278,0.05999999999994543,R,B
DCB_se2_ag1_f_01_1,11749,AA2,4494,everybody,852.5256047479028,1841.6632069343518,2626.9552587536587,852.2710220427898,1842.7667011990745,2628.607919556186,728.2275621345882,1945.1831219289434,2761.4285613651828,0.049999999999954525,B,D
DCB_se2_ag1_f_01_1,11751,IY0,4494,everybody,610.5449905411206,2261.740400880888,2945.49255412969,624.8375132045851,2355.984123170115,2943.37888812393,616.7371292438766,2350.5715311019862,2940.056451081805,0.029999999999972715,D,IH1
DCB_se2_ag1_f_01_1,11752,IH1,4495,in,634.6723348146849,2234.485774898962,2949.1989029953547,641.0750590714196,2090.416446808389,2932.687519527748,626.4280122664632,2357.8135327233945,2945.4294488785804,0.03999999999996362,IY0,N
DCB_se2_ag1_f_01_1,11755,AH0,4496,the,507.98497810820203,1788.224614725791,2986.4782683133963,521.8007152468602,1767.985906134637,2946.388557001439,513.5829890183486,1926.205040237977,2356.4068786256803,0.05999999999994543,DH,S
DCB_se2_ag1_f_01_1,11758,UW1,4497,school,504.6380862997982,993.7472610500173,3134.070524725516,626.1160731728771,1170.3901791808141,2683.426577215467,626.1160731728771,1170.3901791808141,2683.426577215467,0.03999999999996362,K,L
DCB_se2_ag1_f_01_1,11761,AE1,4498,had,650.9703928872448,2033.2545478289326,3075.9226681159134,680.6023165726382,1443.1294958045655,2004.4042947756136,627.3950788020128,2107.8480257324354,3085.2890345363894,0.029999999999972715,HH,D
DCB_se2_ag1_f_01_1,11764,AH0,4499,to,533.0805253615058,1979.9076202827769,3087.4251008214715,600.5695319104699,2078.115305059238,3137.7401384761943,599.4695618058847,2081.950930972477,3129.301980780778,0.029999999999972715,T,D
DCB_se2_ag1_f_01_1,11766,UW1,4500,do,454.1181005221229,1694.325185324221,2963.542734925244,520.2347122768064,1625.3278131529134,3053.848114268641,494.47228286441174,2122.331372739837,3458.934211070596,0.060000000000172804,D,K
DCB_se2_ag1_f_01_1,11768,AH0,4501,community,455.6242049550066,1700.8090447796465,2138.0602263388614,521.0219893390665,2015.8326506290605,3003.116828914582,521.0219893390665,2015.8326506290605,3003.116828914582,0.049999999999954525,K,M
DCB_se2_ag1_f_01_1,11771,UW1,4501,community,595.2211998871056,2083.43354600261,2886.9163659867995,597.9982753039276,2118.4057826630396,3101.3961380333476,596.0752964793962,2135.3004704339123,3127.178910753367,0.03000000000020009,Y,N
DCB_se2_ag1_f_01_1,11773,IH0,4501,community,547.831596618256,1445.2487667221833,2205.106785922277,572.2812901968996,1731.583787992954,3341.512781569883,568.8030071582739,1968.185420612775,3555.7566252908323,0.029999999999972715,N,T
DCB_se2_ag1_f_01_1,11775,IY0,4501,community,472.1597324621058,2371.270455521679,2892.646762128864,548.6292481047342,2627.258400585043,3222.250341569577,541.9444042817357,2654.027049129284,3059.5072689717013,0.06999999999993634,T,S
DCB_se2_ag1_f_01_1,11777,ER1,4502,service,605.2136438145186,1962.5811383050616,2275.7254049750254,621.850589272401,1795.8035245098897,2441.5968658103534,606.189100811298,1977.7239210135435,2338.8565711216575,0.07999999999992724,S,V
DCB_se2_ag1_f_01_1,11779,IH0,4502,service,521.6110457097485,1958.9915272409842,2520.592606825423,523.4280962058212,1895.8890215783122,2453.610344289012,501.92792736705735,2017.9926719834823,2543.7366633910456,0.05999999999994543,V,S
DCB_se2_ag1_f_01_1,11783,OW1,4504,so,512.398593094635,1039.9702977662666,3220.0114557141355,957.5335449213914,1650.498705527429,2635.666034563399,957.5335449213914,1650.498705527429,2635.666034563399,0.12000000000011823,S,AY1
DCB_se2_ag1_f_01_1,11784,AY1,4505,i,1000.0872970674554,1720.2998339682185,2540.9281811122733,1006.3988496797618,1721.6153920724669,2530.1615839272877,995.9994110844113,1732.756419272179,2541.6958913658964,0.03999999999996362,OW1,AE1
DCB_se2_ag1_f_01_1,11785,AE1,4506,actually,961.465680445915,1841.9667476102843,2505.704721605643,1009.3024776616081,1755.1571799205713,2478.672166501181,796.4643422986878,2077.9496369893936,2390.2054537776767,0.05999999999994543,AY1,K
DCB_se2_ag1_f_01_1,11789,IY0,4506,actually,547.9532683125153,2826.1704204651196,2969.0094716863664,563.4476923193955,2888.0085274038515,2938.7239068083895,562.186596676883,2885.2114478753465,2941.937768406168,0.029999999999972715,L,K
DCB_se2_ag1_f_01_1,11791,EY1,4507,came,638.0926218373388,2244.0955576644933,2754.6717551583242,702.8135916833528,1125.3602900466287,2407.141161586877,595.9821248885484,2647.9057352737077,3050.492036684068,0.15000000000009095,K,M
DCB_se2_ag1_f_01_1,11794,AW1,4508,down,846.32913355831,1706.3391367455501,2576.098118819548,849.1410973059039,1728.415944502146,2569.7716768117953,770.0960832936388,1895.6714811334443,2460.8090733335457,0.05999999999994543,D,N
DCB_se2_ag1_f_01_1,11797,IY1,4509,here,523.3458705811084,1159.2348463902367,2579.938722237547,572.5689407821191,2077.5152614168956,2993.0376612966256,549.0471330147534,2284.4867561625706,3115.5105590156027,0.049999999999954525,HH,R
DCB_se2_ag1_f_01_1,11800,IH0,4510,with,581.5954088579876,1827.6092009480813,3093.261368673249,584.8147702659104,1732.0977273618614,3118.7559882519945,539.8602665397424,1961.8609170112115,3246.5093790350275,0.05999999999994543,W,DH
DCB_se2_ag1_f_01_1,11805,IY1,4512,three,543.0841963119149,2688.5688924096366,3046.073132483208,663.6807166209579,1857.4079620708926,3097.16223886974,524.8277558984499,2828.1683002113455,3055.831821002615,0.14999999999986358,R,AH1
DCB_se2_ag1_f_01_1,11806,AH1,4513,of,711.5109537977064,1609.9892995945547,2931.3047745675985,754.3043859186532,1655.6977419256846,3039.329261662162,663.6807166209579,1857.4079620708926,3097.16223886974,0.07000000000016371,IY1,V
DCB_se2_ag1_f_01_1,11809,AY1,4514,my,874.6122817704,1376.5106388699667,1817.8971994907506,908.9336046793403,1550.6262333046782,1872.726289720745,850.6740035131642,1829.0019914927802,2265.4663470418495,0.10999999999989996,M,F
DCB_se2_ag1_f_01_1,11812,EH1,4515,friends,666.4038927538874,1627.9162737862198,2069.592216159161,719.0656182122297,1684.5307096890597,2019.9646863122025,624.1128371587688,2310.5791101131117,2760.255780450274,0.14000000000010004,R,N
DCB_se2_ag1_f_01_1,11816,IH0,4516,with,483.911199276704,1636.90502329083,3435.9491889941182,514.2495487310218,1741.3529961014003,3459.9138247165506,514.0093264481301,1740.5541679080009,3458.832542310056,0.05999999999994543,W,TH
DCB_se2_ag1_f_01_1,11820,IY1,4517,three,505.1961918454842,2536.9523488444493,2758.3366810304587,532.8765445920329,2302.333412879877,2574.550961827674,523.2221225293198,2628.9955191561894,2667.6079554053604,0.10000000000013642,R,sp
DCB_se2_ag1_f_01_1,11822,AH1,4519,uh,696.8679503381869,1627.9422114773126,2926.747334104992,731.9997334131391,1709.1015039162558,2941.9721937842137,594.2336500195505,2059.161225680598,2858.358256168468,0.11999999999989086,sp,P
DCB_se2_ag1_f_01_1,11824,IY1,4520,people,569.6215542907573,2213.5887649551196,2821.580969576668,613.7945033561942,2668.198396589026,2890.926610255019,613.1940022466893,2768.115307163822,2901.350162691913,0.06999999999993634,P,P
DCB_se2_ag1_f_01_1,11826,AH0,4520,people,621.434182135706,1856.1083095825593,2855.9131410773475,1119.353757552269,1913.0592412565568,2782.805060496119,609.9850867491497,2087.8298628381885,2850.120198997408,0.03999999999996362,P,L
DCB_se2_ag1_f_01_1,11830,EH1,4522,well,555.4136827095457,1444.8697158771897,2924.9404785523457,630.3409437601225,1609.5727063575127,3080.900785445834,628.0402467644728,1608.6150723150308,3071.3314996136232,0.049999999999954525,W,L
DCB_se2_ag1_f_01_1,11834,EY1,4524,they,555.7550319551225,2546.5601960001404,3518.918495144595,561.3009982201648,2319.221311046532,2828.8216339182186,556.3870781910828,2552.6362967575174,3553.192503323334,0.08000000000015461,DH,W
DCB_se2_ag1_f_01_1,11836,ER1,4525,were,653.0293547171802,1449.2953232439966,1650.053149435641,661.9803597931029,1398.7848770985324,1708.6402423715144,630.7281392781057,1528.4538218745959,1644.7653428173955,0.08999999999991815,W,M
DCB_se2_ag1_f_01_1,11838,AY1,4526,my,728.362820413755,1523.227570505069,2420.638137058534,760.9512860836973,1172.5225807708139,1869.1778751008098,715.2168011621548,1693.963106727197,2112.6666131001225,0.09999999999990905,M,F
DCB_se2_ag1_f_01_1,11841,EH1,4527,friends,533.4649151068876,1664.570805717522,2466.70282278361,626.4669965355063,1456.3874510354349,1969.1945749432693,531.7057279455729,2321.5268417303664,2853.399788659104,0.14999999999986358,R,N
DCB_se2_ag1_f_01_1,11848,IH0,4530,with,559.8203466448476,1702.3662662101335,2766.6706656722845,581.2784673326139,1671.9019921374118,2795.6462508952645,570.2392322235866,1705.7853259201088,2789.800378700402,0.049999999999954525,W,TH
DCB_se2_ag1_f_01_1,11852,IY1,4531,three,493.4097186303791,2282.56272809049,2576.574612550511,569.1190609472496,2362.4462602385274,2622.1062486424544,522.0212125461578,2393.2793337540775,2604.0917825558854,0.05999999999994543,R,P
DCB_se2_ag1_f_01_1,11854,IY1,4532,people,528.1162863859851,2415.8699269949784,2819.626603056565,530.8379566608428,2510.543247156194,2857.601625541209,528.858750261739,2537.3732276499045,2825.041469719117,0.049999999999954525,P,P
DCB_se2_ag1_f_01_1,11856,AH0,4532,people,460.33657630706233,1278.067068882064,2700.7537197651736,493.3208313261961,1286.7292164957578,2583.7613601768485,496.24776255407437,1349.4571758186626,2584.7342829236345,0.040000000000190994,P,L
DCB_se2_ag1_f_01_1,11859,AE1,4533,that,764.4059215505049,1875.0644830383626,2583.305947958328,854.5940227330054,1732.0798747215879,2507.804759873849,635.9365002640595,1940.6318721282787,2858.962608166351,0.03999999999996362,DH,T
DCB_se2_ag1_f_01_1,11861,AY1,4534,i,930.534129587637,1512.6242809991472,2386.8543232049574,948.8817560798583,1563.4682941308554,2336.047618931932,946.0598325297835,1585.3254585678776,2298.876326111583,0.060000000000172804,T,W
DCB_se2_ag1_f_01_1,11863,AH0,4535,was,537.1074240636943,1346.8259733574819,2970.8456674117638,589.6027018808682,1351.3686012151531,3026.6151846149987,576.0007386139837,1392.664188268891,3017.4237890745244,0.03999999999996362,W,Z
DCB_se2_ag1_f_01_1,11867,OW1,4536,close,499.56154706809775,1281.4616673844353,3083.5088469567013,601.3774504454486,1345.6410872494916,3111.726151752528,596.2795931611436,1351.5724907005842,3110.681637761288,0.06999999999993634,L,S
DCB_se2_ag1_f_01_1,11870,IH1,4537,with,585.9382992492449,1726.4440237505798,3086.5026716099565,591.748466439855,1745.6507677138125,3043.6749708385446,591.7053427072684,1745.497041472905,3043.728183974317,0.07999999999992724,W,DH
DCB_se2_ag1_f_01_1,11873,IH1,4539,in,572.6129976528188,2307.6309925387254,3034.967500961356,702.5111590414771,1961.1858583204296,2776.4652185217374,581.2725130508866,2309.253425104959,3004.5152209064768,0.25,sp,N
DCB_se2_ag1_f_01_1,11875,AH1,4540,um,849.0813645602199,1620.3915015337086,2786.401056973482,879.9953431380725,1554.3885937207078,3009.9029705728954,806.6041646298277,1783.8587650513425,3143.7295121321713,0.25,N,M
DCB_se2_ag1_f_01_1,11878,EH1,4541,seventh,648.10444846313,1829.6399899851133,2824.425443477936,662.328509428901,1883.764210791537,2842.3958369376605,658.1626505091014,1886.848823649658,2837.596329055761,0.03999999999996362,S,V
DCB_se2_ag1_f_01_1,11880,AH0,4541,seventh,610.8459010605025,1576.2405021987438,2649.4299092175306,611.2939315459074,1566.638737574754,2605.749196464886,610.1981757270532,1590.1219374924892,2712.579862523569,0.029999999999972715,V,N
DCB_se2_ag1_f_01_1,11885,EY1,4542,grade,491.4808569162656,2106.5016437437744,2516.49083370968,593.1134641148517,1937.2209560588897,2344.2735145519305,436.8177302053734,2549.954021422313,2720.074357337408,0.12000000000011823,R,D
DCB_se2_ag1_f_01_1,11887,AE1,4543,at,690.2536066975299,1911.8995452354686,2792.0305386173686,759.0421896618483,1879.1409145546118,2828.9943413158403,588.9982759262548,2422.3521758510587,2682.3381318137167,0.08999999999991815,D,T
DCB_se2_ag1_f_01_1,11890,AY1,4544,my,860.3897189703639,1686.1236184598304,1778.4049420075332,877.6168713316363,1482.370768385678,1718.203401156926,784.9040923558985,1710.6919965980187,2228.9743030314094,0.08999999999991815,M,S
DCB_se2_ag1_f_01_1,11893,UW1,4545,school,517.9245619460739,1042.0114900864735,3236.6772675687334,774.0564572487402,1350.656977888061,2495.89960077647,774.0564572487402,1350.656977888061,2495.89960077647,0.10999999999989996,K,L
DCB_se2_ag1_f_01_1,11896,AH0,4547,and,702.8600696996285,1832.383406212513,2992.160626186255,759.4522507427552,1914.712958449634,2946.569762181723,759.4522507427552,1914.712958449634,2946.569762181723,0.029999999999972715,sp,N
DCB_se2_ag1_f_01_1,11899,IY1,4548,we,507.28496554866445,1618.2859458552646,3033.3492361426124,517.2517095514818,1610.3830178549533,3058.150899153106,513.5934093545821,1635.0716932270007,3028.577920735715,0.029999999999972715,W,W
DCB_se2_ag1_f_01_1,11901,ER0,4549,were,517.6580966056874,1978.508349411549,3135.787356421636,552.7425157207894,1841.5550666055967,3169.0510312980223,514.7165239748948,1980.5877346040268,3131.554189300588,0.03999999999996362,W,JH
DCB_se2_ag1_f_01_1,11903,IH0,4550,just,552.0313658427548,1845.3722503798651,3195.7154399849596,645.693672027871,1754.9218768542512,3183.7593146369477,500.54574766640553,1923.993202878507,3251.6728539033297,0.05999999999994543,JH,S
DCB_se2_ag1_f_01_1,11906,AY1,4551,like,755.4045793381947,1957.982414770954,3172.280585604907,794.4392189726296,1727.3302671657011,3007.2821261247122,635.084521072649,2156.7380884506983,3208.5236460838205,0.049999999999954525,L,K
DCB_se2_ag1_f_01_1,11909,AH1,4552,coming,872.078996267265,1460.2221137849801,2792.0828344009506,871.9785733449543,1402.6608103404265,2644.8589500273197,868.4135667104204,1640.2585386249716,3243.079229290959,0.03999999999996362,K,M
DCB_se2_ag1_f_01_1,11911,IH0,4552,coming,564.1492480509647,1544.3889114090719,2386.666592803448,566.8250241813269,1553.0359575046682,2397.5443082558904,547.7501627010658,1616.3323778324232,2709.35225722907,0.029999999999972715,M,NG
DCB_se2_ag1_f_01_1,11914,AW1,4553,down,775.9217513842359,1789.9457229343816,2966.3107931646027,775.8109762748618,1792.1116752594094,2962.292909479866,729.1680945429417,1839.6588598211326,2991.981081272564,0.029999999999972715,D,N
DCB_se2_ag1_f_01_1,11917,IY1,4554,here,613.6755341579504,2003.8140754459992,2479.338438317703,693.9944880001877,2253.275756758945,3443.989584684084,655.745524791604,2313.6831971218317,3593.2328384902544,0.029999999999972715,HH,R
DCB_se2_ag1_f_01_1,11919,AH0,4555,and,612.8733148259444,1995.064974628127,3003.5697062605827,635.5717391721568,2168.2174302902513,2993.4220035719677,632.8335655087375,2196.2629772273644,3004.039196646456,0.029999999999972715,R,N
DCB_se2_ag1_f_01_1,11922,IY1,4556,we,491.6907619069803,2638.938946600079,3143.1888627300254,720.6378035976915,2151.9427967264205,3071.2924334865465,518.5139050670564,2815.2327806545068,3086.718385254815,0.13999999999987267,W,AE1
DCB_se2_ag1_f_01_1,11923,AE1,4557,aksed,663.7269382369124,1562.3810892342576,2777.465310267368,727.0249042566933,2242.574039059131,3182.6238858782076,609.4844590750905,2336.2378177218397,3088.2906095393832,0.18000000000006366,IY1,K
DCB_se2_ag1_f_01_1,11929,UW1,4559,do,472.95473411368346,2257.131756715423,3096.7877461629746,767.6992846377426,2166.9689318821233,3500.407498162041,491.0550294088629,2388.3381968773438,2954.3029175561906,0.03999999999996362,D,Y
DCB_se2_ag1_f_01_1,11931,AO2,4560,y'all,768.2183558562045,1577.674684309206,1739.7900878978867,818.9452538299867,1710.7988454788017,3226.8071236368287,538.0174784296229,1920.7683486545163,3039.9148759709487,0.09999999999990905,Y,L
DCB_se2_ag1_f_01_1,11934,AE1,4561,have,765.0320734183326,2026.579708855115,3086.3303705120707,818.9940573427722,2067.334687447877,3281.223023855453,819.2527821867412,2069.9029786677515,3277.4981621155293,0.05999999999994543,HH,V
DCB_se2_ag1_f_01_1,11938,AY1,4563,like,796.7480030165383,1755.8778453661732,2926.213826439314,803.907770020723,1790.1093293171436,2922.5932180418044,678.1892772923021,1886.6293053757554,2891.635379067397,0.049999999999954525,L,K
DCB_se2_ag1_f_01_1,11941,AH0,4564,community,529.3845650185042,1407.6286030852978,2349.5953734677755,716.3714290982234,1860.3902989676797,2801.9430671009973,716.3714290982234,1860.3902989676797,2801.9430671009973,0.03000000000020009,K,M
DCB_se2_ag1_f_01_1,11944,UW1,4564,community,585.8617267693556,1935.861070406675,3008.735097654188,612.1141617005345,1916.4243673685467,3055.890302244778,584.42802973648,1943.6026887539565,2996.217617322889,0.029999999999972715,Y,N
DCB_se2_ag1_f_01_1,11946,AH0,4564,community,573.4011936152616,1909.7594853444048,2976.876842785176,609.9698197834649,1823.6222355621946,2953.3490252901265,583.7631194090819,1918.9440072484322,2987.0988798834155,0.029999999999972715,N,T
DCB_se2_ag1_f_01_1,11948,IY0,4564,community,478.0147493150005,2345.5605792814235,2988.5420271155845,667.0698327889132,2199.5822250214974,2771.3771251600842,495.68506682169135,2535.599650331366,2840.940422143841,0.07000000000016371,T,S
DCB_se2_ag1_f_01_1,11950,ER1,4565,service,612.6910859934324,1937.4382889834412,2193.10919903829,629.4990175170284,1769.4549727426047,2431.555927333228,612.3287359139213,1935.3853097943647,2191.065607832303,0.06999999999993634,S,V
DCB_se2_ag1_f_01_1,11952,AH0,4565,service,446.9421673243751,1994.9522595503815,2685.997185859841,497.4002825216203,1511.6281067095856,2321.6261843099423,441.6817463049774,2015.8733249272314,2464.1902549769247,0.0500000000001819,V,S
DCB_se2_ag1_f_01_1,11955,AH0,4566,can,653.3206017099476,1905.4767001624498,3027.2624226699413,761.8231352971663,2136.2520332257463,2836.231842611919,734.1061397965613,2141.8359851647,2633.5612664148575,0.03999999999996362,K,N
DCB_se2_ag1_f_01_1,11958,IY1,4567,we,539.8599004041888,1590.9059133551634,2538.8876043199907,572.9832250871697,1247.5797433924397,2118.1352313977122,469.5490478863081,2301.717982815962,2863.5663145752155,0.049999999999954525,W,K
DCB_se2_ag1_f_01_1,11960,AH1,4568,come,775.5704483041985,1557.5723974485338,2905.1604940488373,785.762674777529,1608.4610212643177,2915.3293618085736,697.8428134295318,1832.1716420122495,3132.926619624389,0.049999999999954525,K,M
DCB_se2_ag1_f_01_1,11963,AW1,4569,down,795.5203506109141,1696.440763417616,2530.482452475292,802.0651197296705,1618.8348008449022,1852.688345767518,759.5696501979344,1731.007877972009,2940.819908378536,0.029999999999972715,D,N
DCB_se2_ag1_f_01_1,11966,IY1,4570,here,667.0290556796114,2216.3288567419204,3091.981911665928,670.2920158593676,2215.919582134336,3111.753119181773,646.6165304004743,2264.442930606982,3177.5530827299835,0.029999999999972715,HH,R
DCB_se2_ag1_f_01_1,11968,AH0,4571,and,595.9966456471407,2254.2766597611694,3087.0530379837264,601.4444513636463,2273.541369568209,3062.722253620093,601.4444513636463,2273.541369568209,3062.722253620093,0.029999999999972715,R,N
DCB_se2_ag1_f_01_1,11971,UW1,4572,do,423.8161841042294,1527.674384443873,3049.2510562815487,484.5392189156464,1993.81866525878,3124.8399548383723,484.5392189156464,1993.81866525878,3124.8399548383723,0.07999999999992724,D,K
DCB_se2_ag1_f_01_1,11973,AH0,4573,community,607.5315325932708,1495.5913151455316,2915.985521230662,608.6043309670579,1758.6108446283185,3057.2208706994334,533.362395811414,2015.95753103907,3288.1595191719534,0.05999999999994543,K,M
DCB_se2_ag1_f_01_1,11976,UW1,4573,community,590.3041412596376,1993.6598219447076,3205.708953910588,592.3190555155447,1960.2258353898385,3020.518458409159,566.3873640820485,1993.926334257034,3066.3931656670547,0.03999999999996362,Y,N
DCB_se2_ag1_f_01_1,11978,IH0,4573,community,469.3898481873096,2122.138044060002,3062.3694088805596,538.3259006613343,1941.8786144196977,3011.1307917813247,469.9087096456883,2126.6478408972184,3067.2874889799327,0.029999999999972715,N,T
DCB_se2_ag1_f_01_1,11980,IY0,4573,community,400.2797469117129,2317.07374121891,2826.5315951077287,462.0320121766933,2388.380074288148,3075.5785622078856,428.6541796126782,2462.1278089384487,2843.014688301758,0.07999999999992724,T,S
DCB_se2_ag1_f_01_1,11982,ER1,4574,service,709.7024515969897,1849.0048202199944,2324.4087402146424,710.3122876107093,1870.0291283805072,2338.0272948146207,710.0128037018374,1877.8445401945946,2335.5142901409295,0.08999999999991815,S,V
DCB_se2_ag1_f_01_1,11984,IH0,4574,service,547.1669213760283,1963.493823382147,2732.0955315151723,623.6938176283882,1572.9149166634306,2029.3116105444435,514.8968166393911,2005.8077592267134,2520.946267566259,0.060000000000172804,V,S
DCB_se2_ag1_f_01_1,11989,OW1,4576,so,601.5741327877406,1139.434142383378,3244.255473748889,630.0457752079346,1424.0129417668613,3114.007608238261,617.0890380399723,1582.3468334572676,3229.4655742980362,0.10999999999989996,S,OW1
DCB_se2_ag1_f_01_1,11990,OW1,4577,over,604.6055366973533,1004.0381923642293,3314.32447601687,604.5016424193848,1002.6463856847267,3300.3768277260847,603.0864315408118,1015.3313468341089,3259.8043046442945,0.05999999999994543,OW1,V
DCB_se2_ag1_f_01_1,11992,ER0,4577,over,589.673795594708,1689.00781829397,3029.4672055224596,642.1787255818398,1869.4241969596499,3103.0648144331612,605.6567857569504,1957.666282425521,3068.152871135477,0.07999999999992724,V,T
DCB_se2_ag1_f_01_1,11994,AY1,4578,time,827.4480195235907,1528.734074107358,2070.162411333506,850.2553009995223,1500.3511917884287,1656.216140754754,842.2270021549077,1551.9208186402816,1792.0280661470374,0.07999999999992724,T,M
DCB_se2_ag1_f_01_1,11996,AY1,4579,i,830.1181204187648,1548.5973250159032,1830.789588479075,832.645312752991,1522.1080462580412,1994.7677487179835,826.7593714909909,1552.5241313735817,1909.49911722252,0.060000000000172804,M,W
DCB_se2_ag1_f_01_1,11998,AH0,4580,was,514.2016457253221,1835.4827235876296,3127.928363948517,566.8949039924637,1808.810024393599,3178.5598411191695,498.4717322200916,1837.9025203424426,3138.638664348044,0.03999999999996362,W,Z
DCB_se2_ag1_f_01_1,12001,IH0,4581,just,471.55007183558905,1623.0147141840864,3112.730373516156,532.5894044776755,1628.233342830573,3032.6053033353783,491.1193429855418,1758.8747542453516,3050.8623692174237,0.049999999999954525,JH,S
DCB_se2_ag1_f_01_1,12005,AY1,4583,like,664.0411505331118,1876.099870742092,2580.3909079672317,677.3179111897584,1777.1757158656044,2627.1540627096138,638.7327297283506,2019.2039566143437,2651.8729751319884,0.03999999999996362,L,K
DCB_se2_ag1_f_01_1,12008,AY1,4585,i,987.9692328121969,1568.8683154670896,2296.1296740117295,1026.6769163295419,1625.5766707881367,2291.1251515247477,930.6234397476753,1795.1006187203793,2584.187977423072,0.2300000000000182,sp,spn
DCB_se2_ag1_f_01_1,12011,AH1,4587,come,877.9788722399933,1542.8301041956024,3259.4491351176575,878.337719915337,1548.7013395649815,3274.573707558508,877.8862791170916,1551.7938895084105,3279.0556795994025,0.049999999999954525,K,M
DCB_se2_ag1_f_01_1,12014,AW1,4588,down,809.0655990200871,1586.1283523367233,3064.938866980265,809.1429709177124,1583.746978360166,3068.908440381102,777.7853553233482,1850.118847356489,3019.719951320908,0.07000000000016371,D,N
DCB_se2_ag1_f_01_1,12017,IY1,4589,here,509.55162528720484,2448.449801891907,2773.4972998871044,626.0753855041229,1997.1090167489156,2690.645542936691,500.18042171077605,2480.808866593692,2809.002571580585,0.08000000000015461,HH,R
DCB_se2_ag1_f_01_1,12019,AO1,4590,on,543.3375344931525,1182.4651661076132,2458.254187677175,682.3491173505637,1320.6364852043698,2124.289915502887,559.2719471549952,1444.7984850002786,2635.021524765118,0.11999999999989086,R,N
DCB_se2_ag1_f_01_1,12022,AY1,4591,like,722.6962358262567,1891.187812245245,3132.163862192792,774.0657647070981,1761.093412481685,3117.145898293691,584.128490053917,2141.902443931229,2986.500922677781,0.07999999999992724,L,K
DCB_se2_ag1_f_01_1,12025,AH0,4593,a,602.441895755068,1670.5918855756381,2974.5701755761056,936.9370216074981,2090.012395994694,3063.360323792462,936.5427765089528,2089.1608374347206,3061.562419523965,0.14999999999986358,,T
DCB_se2_ag1_f_01_1,12027,UW1,4594,tuesday,558.4148228967423,1065.7710326701967,3114.486605776652,652.6472616828084,1601.8429494193406,2461.596164738714,551.6475916396661,1619.6810704997924,3294.7453790259333,0.10999999999989996,T,Z
DCB_se2_ag1_f_01_1,12030,EY2,4594,tuesday,599.4616153487186,2382.638652202912,3072.6224953801798,610.0899765512683,2314.6524993413677,3087.708251197307,549.2384202409353,2472.7068416476286,2872.3132930076968,0.03999999999996362,D,AE1
DCB_se2_ag1_f_01_1,12031,AE1,4595,and,601.6155123330064,2628.9548019279696,3102.934646511113,643.3149467089456,2500.9662186862233,3008.1816729947714,527.7058532664358,2735.8658262469517,3166.712135028434,0.07999999999992724,EY2,N
DCB_se2_ag1_f_01_1,12033,AH0,4596,a,578.5664260383749,2000.4932052189129,3045.161581938634,622.5692566852658,1905.5836367336383,3067.908019388118,563.4294978080593,2100.575785383451,3156.640225066219,0.09999999999990905,N,TH
DCB_se2_ag1_f_01_1,12035,ER1,4597,thursday,602.6183500717761,1644.254941231135,2022.4838154554486,635.0021368497361,1769.4764415333586,2286.8264726079765,614.0512330755439,1935.1124135630716,2167.4818289856207,0.11000000000012733,TH,Z
DCB_se2_ag1_f_01_1,12038,IY0,4597,thursday,573.7181217432016,2155.4839091941767,2384.890758949042,771.6926706856943,1944.548735021169,2884.52951346124,513.8977705215104,2470.4903759695776,2902.57065088352,0.06999999999993634,D,AY1
DCB_se2_ag1_f_01_1,12039,AY1,4598,i,792.325386814642,1612.405329896798,2370.301433113197,808.0677648283287,1743.9838001744306,2473.616180680114,771.6926706856943,1944.548735021169,2884.52951346124,0.08000000000015461,IY0,spn
DCB_se2_ag1_f_01_1,12042,AH1,4600,come,787.6142837329904,1430.652073940436,3098.363290450754,787.821047336494,1437.9009408842153,3137.0073260766253,772.5394447548294,1489.8916347152647,2960.8913408353023,0.03999999999996362,K,M
DCB_se2_ag1_f_01_1,12045,AW1,4601,down,770.1348117841768,1705.0422405194702,2765.076607029074,776.085086442377,1682.7392030448696,2766.2979404631806,730.4682918626943,1742.2292780311145,2809.2149113765604,0.03000000000020009,D,N
DCB_se2_ag1_f_01_1,12048,IY1,4602,here,549.7665372063661,2464.179743464498,3143.3880901088014,601.8612564113615,2506.5046418587654,3322.0013622485867,597.4522912522417,2504.53726097581,3240.655813346219,0.05999999999994543,HH,R
DCB_se2_ag1_f_01_1,12052,AE1,4604,and,660.0670234265381,2430.918965547901,3261.705355080739,746.3153794800221,2090.080155078706,3079.5164749776386,658.5458191272761,2426.2609525915404,3229.0622026875917,0.06999999999993634,sil,N
DCB_se2_ag1_f_01_1,12055,EH1,4605,help,829.793726298611,1544.7842145008688,3294.033098281189,899.5944695948336,1708.2518591730252,3392.395215131141,899.5944695948336,1708.2518591730252,3392.395215131141,0.040000000000190994,HH,L
DCB_se2_ag1_f_01_1,12059,IH0,4606,with,584.7828440419265,1506.3504385507172,3127.5845659974766,584.4748000496929,1468.4562374657469,3115.116357692745,563.4698205772315,1669.6197673229467,3184.4124112555332,0.03999999999996362,W,TH
DCB_se2_ag1_f_01_1,12062,AH0,4607,the,570.4923010855622,1989.017139053116,3206.2561393185506,584.145693022053,1863.3887506565113,3204.0119650238084,459.00367836762126,2012.9688076930802,3244.3793438495495,0.05999999999994543,DH,CH
DCB_se2_ag1_f_01_1,12065,IH0,4609,with,528.083646417128,1685.3552063389236,3263.056596515933,542.1877217463799,1600.8058553508608,3295.5636846046723,461.97339466352594,1715.3231010351128,3522.3469726156627,0.049999999999954525,W,TH
DCB_se2_ag1_f_01_1,12068,IY0,4610,the,473.8461172666506,2491.144546230539,2960.795046268198,488.2056197446797,1526.0963005471076,2754.5218333071725,456.73440775964247,2662.540671318076,2850.7897698958973,0.029999999999972715,DH,Y
DCB_se2_ag1_f_01_1,12070,AH1,4611,younger,731.8710408815291,1642.368979006826,3035.8532416478693,753.9955901063026,1453.9059271493236,1991.756289864191,592.094292155187,2247.636383557204,2983.891609116164,0.07999999999992724,Y,NG
DCB_se2_ag1_f_01_1,12073,ER0,4611,younger,598.799931916326,1914.6451352054737,2643.598251995037,604.5128638883041,1713.308829860454,2571.379200408723,582.7416930112232,2062.9034821542564,2775.06844445991,0.06999999999993634,G,CH
DCB_se2_ag1_f_01_1,12075,IH1,4612,children,503.08980354713935,1195.4199543850073,3257.926162383804,550.2770832007358,1831.000651598645,3266.2502734557347,550.2770832007358,1831.000651598645,3266.2502734557347,0.03000000000020009,CH,L
DCB_se2_ag1_f_01_1,12079,AH0,4612,children,653.7440854616807,1690.4133021010477,1987.9687545983995,683.2599965960438,1719.05274363426,2010.6159282164397,626.6606789412568,1885.6164035066922,2029.219846315592,0.07000000000016371,R,N
DCB_se2_ag1_f_01_1,12082,AE1,4614,and,667.1694062700395,2315.4561193628992,2946.8401034089343,1044.2809578617243,1189.4172692822997,2473.7133348367033,689.9366587872757,2329.263403608656,3322.5301256750577,0.07999999999992724,,N
DCB_se2_ag1_f_01_1,12084,AH1,4615,um,886.2858001910496,1551.8468442956228,3303.2332718396865,891.045346536454,1682.4934889673711,2985.7878385553613,818.9766059278476,1979.698003996522,3120.9673446692536,0.17000000000007276,N,M
DCB_se2_ag1_f_01_1,12087,EH1,4616,help,818.3158967249999,1625.6193109306696,3241.9021552747454,841.4520599323829,1602.635871945074,3065.027337599134,785.0031634266683,1633.6239582797516,3275.597656273955,0.0500000000001819,HH,L
DCB_se2_ag1_f_01_1,12091,AH0,4617,them,596.5024447891868,1338.4190774911062,1897.9284161050407,596.9126923718555,1306.5155795663165,1995.7952225630013,511.5900707437501,1417.6484327897588,2943.7872012637363,0.029999999999972715,DH,M
DCB_se2_ag1_f_01_1,12094,IH0,4618,with,463.1875757365239,1359.240128073538,3004.831802697027,537.2164159072981,1452.1028592740522,3073.0650912195274,445.2707173034923,1567.4841415124906,3141.2422135919933,0.040000000000190994,W,TH
DCB_se2_ag1_f_01_1,12097,EH1,4619,their,589.2276834574711,2340.2984310048596,3029.610543235853,617.4898668039525,2239.3253856340298,2499.6760109984916,589.7545242850413,2461.609181604324,3049.7369187455015,0.05999999999994543,DH,R
DCB_se2_ag1_f_01_1,12100,OW1,4620,homework,758.7439029776918,1229.0482332058334,2500.5117593195187,796.1835746757099,1168.8970547387614,2009.8591799889462,758.2119077347293,1230.2575900096579,2458.0440782634537,0.08999999999991815,HH,M
DCB_se2_ag1_f_01_1,12103,ER2,4620,homework,615.27107806808,1437.6430153610152,1902.3387897597556,654.0089174816208,1189.6299834725144,1973.3698309152805,633.9456411290577,1563.3313753476343,1996.9834128029886,0.09000000000014552,W,K
DCB_se2_ag1_f_01_1,12105,AH0,4621,and,685.0835915846196,2109.2608313528203,2623.5541613493606,708.2711430644474,2141.4482948423993,2557.9759525339264,602.7371733320066,2236.7776779264896,2585.5699942014317,0.049999999999954525,K,N
DCB_se2_ag1_f_01_1,12109,AH1,4622,stuff,766.881910884251,1737.00725145339,2967.5567640638765,796.27517508432,1672.5593883844708,3118.631670204409,739.6973570853422,1864.0448781785226,2281.258983522027,0.10999999999989996,T,F
DCB_se2_ag1_f_01_1,12113,AH0,4624,and,611.5310998482237,2354.863039367882,3200.1507181844936,835.424146435077,1852.4754536818793,2948.5622099408592,610.7231133445664,2343.2616588430365,3180.3189893007084,0.029999999999972715,sil,N
DCB_se2_ag1_f_01_1,12116,EH1,4625,then,534.652942892065,1865.8366323786938,3110.5910811313115,599.91739176121,1864.394029024101,2968.601365536724,568.5537569188365,1873.3684650156254,3006.789494389644,0.029999999999972715,DH,N
DCB_se2_ag1_f_01_1,12118,OW1,4626,over,636.7418427677524,1244.1094814631624,3161.1342054349907,672.5688194307614,1388.0134574648005,3166.130379407758,670.5916640433697,1643.5055756446152,3083.3098655112217,0.07999999999992724,N,V
DCB_se2_ag1_f_01_1,12120,ER0,4626,over,579.9142493820323,1614.088415803386,2920.59936087866,674.4348883774636,1628.4301439813185,3018.4567670687634,596.6884110093307,1821.583574977361,3029.0322285350176,0.06999999999993634,V,T
DCB_se2_ag1_f_01_1,12122,AY1,4627,time,848.532268381145,1756.1667906743464,2919.1201181766005,907.8856553075257,1737.6919349288678,2718.2230922721437,862.1812187951662,1790.5868667775514,2731.4565397990705,0.13999999999987267,T,M
DCB_se2_ag1_f_01_1,12125,EY1,4628,they,544.4343914096221,2148.445140575328,2939.52280562871,562.9302944011471,2152.859976216141,2913.586978026034,551.3233205672192,2151.8089309727934,2925.2049193240982,0.040000000000190994,DH,W
DCB_se2_ag1_f_01_1,12127,ER0,4629,were,584.1940968781171,1884.8060650374136,3023.508717214239,614.0398715269611,1965.126800298337,3020.503510945806,614.0398715269611,1965.126800298337,3020.503510945806,0.049999999999954525,W,L
DCB_se2_ag1_f_01_1,12129,AY1,4630,like,835.4789797539987,1816.246308622052,2830.4207359999973,870.9009590547664,1752.9523681135495,2819.4388165033843,765.6792779344821,1916.6996018695838,3022.611189889317,0.05999999999994543,L,K
DCB_se2_ag1_f_01_1,12132,OW1,4632,oh,546.4548052969291,990.698080403715,3197.97977345519,813.5324071676222,1807.9141487183904,3021.0855235600015,736.7762785808194,1768.3631739364205,2841.8902243087323,0.19000000000005457,sp,W
DCB_se2_ag1_f_01_1,12134,IY1,4633,we,535.5901304908679,1558.6441012256123,2911.7159014391787,575.0571191959724,1596.292575087708,2902.7389010592265,479.10643792811436,2011.6076165137322,2738.8917751289423,0.09000000000014552,W,K
DCB_se2_ag1_f_01_1,12136,AE1,4634,can,686.3672418618843,2033.1857658480374,2853.0683964596465,691.2368858082541,2076.641164109949,3138.0244868024647,647.5220377738627,2248.785319877431,2888.033547208818,0.07999999999992724,K,N
DCB_se2_ag1_f_01_1,12138,IH0,4635,invite,726.4456864888797,1994.9009134758296,2865.4613347814234,730.1937492412828,1989.4474660295325,3142.997067209527,651.9955704858075,2040.684865263861,3012.95536038919,0.07000000000016371,N,N
DCB_se2_ag1_f_01_1,12141,AY1,4635,invite,795.7254582151943,1637.0904552598993,2135.6467142975143,870.1962455252966,1531.5147623679802,2262.192956423006,568.1169230227688,2086.1508594613947,2814.158083739418,0.10000000000013642,V,T
DCB_se2_ag1_f_01_1,12144,UW1,4636,you,523.0714127104769,1142.8817473119088,2714.885236018553,588.6869090372023,1159.929622370379,2562.6357603059146,541.9564621483008,1982.9695285534783,3719.5100620380467,0.029999999999972715,Y,IH0
DCB_se2_ag1_f_01_1,12145,IH0,4637,into,628.9197299173387,1548.5143131549823,3237.9923511616694,637.0721865290424,1431.121232387502,2239.831578679326,613.1859581546413,1892.8871415518308,3130.8062833350978,0.06999999999993634,UW1,N
DCB_se2_ag1_f_01_1,12148,UW1,4637,into,418.26065748048273,1616.194823920672,3103.5184677242114,519.307509188566,1496.144308171739,3081.109217785293,501.58165697276496,1808.6497707801464,3216.894404896772,0.05999999999994543,T,DH
DCB_se2_ag1_f_01_1,12150,AH0,4638,the,494.95172106731997,1819.054738914372,2980.396022233141,501.6329083800917,1835.2430062777514,2976.4585200048,414.08951713477165,1884.4206086587515,3626.235490948024,0.060000000000172804,DH,T
DCB_se2_ag1_f_01_1,12152,IY1,4639,teen,600.5147064676509,2598.2244782913244,3125.500124428397,628.0566649925688,2745.498357651072,3132.6922799670324,605.6384633908348,2618.7553055388225,3121.9679260570583,0.09999999999990905,T,N
DCB_se2_ag1_f_01_1,12155,EH1,4640,center,685.8574364163733,1895.0645733485405,3297.2907616419766,732.737286339377,1820.6679045937306,2981.8807127982564,684.4522538306196,1897.4923345427712,3299.105563354244,0.07999999999992724,S,N
DCB_se2_ag1_f_01_1,12157,ER0,4640,center,538.8499876551491,1952.8540790377801,2881.718751187286,679.4564059691372,1874.6101391321795,2859.3983217395676,539.2759840838193,1953.0774287031431,2881.7952312763086,0.03999999999996362,N,sp
DCB_se2_ag1_f_01_1,12160,OW1,4642,so,600.4315530874062,1516.722768925579,2932.9479208429484,618.9668506435355,1523.3919178062831,3063.2967020683163,553.6117265867604,1615.4789951422306,2909.719086190075,0.049999999999954525,S,DH
DCB_se2_ag1_f_01_1,12162,EH1,4643,then,603.0682824785496,1969.5751426887502,3095.962386072678,616.994843088368,2035.9982844578853,2686.4559646375947,616.1359009254608,2030.9670398283392,2741.1409216467305,0.03999999999996362,DH,N
DCB_se2_ag1_f_01_1,12165,AE1,4644,that,800.4581036371152,1956.0570344433377,2840.3530275455582,829.8964467315801,1875.9697485009701,2706.911059720113,651.9174426448704,2006.9214339671457,3026.7688822354594,0.07000000000016371,DH,T
DCB_se2_ag1_f_01_1,12169,EH1,4646,when,618.8977948458978,1472.4985374663463,2438.471499435064,626.0627433138067,1561.0455324485577,3099.2447693681324,619.8636898111904,1570.2590852512099,3054.034279434425,0.03000000000020009,W,N
DCB_se2_ag1_f_01_1,12171,AY1,4647,i,843.426192028697,1744.5594468989211,2593.9457043720536,932.5120374069936,1719.0525048085144,2578.1622603387495,749.6695841557365,1945.2385124022242,2666.278612786951,0.09999999999990905,N,S
DCB_se2_ag1_f_01_1,12173,AE1,4649,actually,963.5668182448908,1642.1448915853866,2402.5111660119546,977.186792197969,1628.5446664469648,2329.7195341700067,949.7098926784381,1797.2004636034233,2188.20116312201,0.11999999999989086,S,K
DCB_se2_ag1_f_01_1,12177,IY0,4649,actually,516.061922496682,1637.9890330785313,2513.951688892531,524.982624149317,1701.042797486369,2534.379512316377,431.01948377214774,2184.5586027052095,2615.8344563136525,0.05999999999994543,L,S
DCB_se2_ag1_f_01_1,12180,AA1,4650,started,758.5555840076662,1592.7948975095971,2514.331941615807,766.8318786609176,1601.9523189636016,2492.6165845288897,641.4592028231518,1687.693236124346,2698.700832278108,0.0500000000001819,T,R
DCB_se2_ag1_f_01_1,12183,AH0,4650,started,568.3393970681927,2130.7204928326687,2305.936041161316,603.6356277080208,1842.14481739223,2740.2936027219625,521.0748877768374,2230.884294721758,2812.8887535619288,0.029999999999972715,T,D
DCB_se2_ag1_f_01_1,12186,AH1,4651,coming,814.9915782135606,1548.8328137948065,2418.5685117296443,816.2181453722532,1544.9096082977553,2405.747048203365,759.0545439985879,1680.239726949865,2736.9473173903125,0.049999999999954525,K,M
DCB_se2_ag1_f_01_1,12188,IH0,4651,coming,550.4255703586114,1330.4667173818511,2380.4425273978145,617.376908459997,1503.595886558669,2316.0977591834076,573.9627854626484,1576.3074015211114,2148.914237510188,0.029999999999972715,M,NG
DCB_se2_ag1_f_01_1,12191,IH0,4652,to,489.562130393299,1694.205605590026,3187.503182082828,518.1244222807353,1701.4666961585287,3239.3444069685593,473.7218612912124,1795.3076514501877,3072.808590525837,0.029999999999972715,T,DH
DCB_se2_ag1_f_01_1,12193,AH0,4653,the,583.8571065588318,1121.5299442738062,3058.2148039965427,692.1064364070742,1499.0843352625957,3253.6341893203517,692.1064364070742,1499.0843352625957,3253.6341893203517,0.0500000000001819,DH,B
DCB_se2_ag1_f_01_1,12195,OY1,4654,boys,607.440220075271,1590.1872521951343,2813.592501011864,612.7048077009965,1478.088496985939,2891.1897532037333,559.2785836630303,2179.1338870116115,2713.7852512427035,0.09999999999990905,B,Z
DCB_se2_ag1_f_01_1,12197,AH0,4655,and,459.4614636470482,1689.5137466749482,2513.3808852577495,496.41438500167965,1765.5393664353858,2549.9073023815336,494.2586313458504,1776.302628975191,2385.0091888305474,0.03999999999996362,Z,N
DCB_se2_ag1_f_01_1,12200,ER1,4656,girls,622.5470649476881,1767.7747342817613,2631.0165079787976,624.2512305845845,1770.2303926248433,2669.8873342238053,529.7823472577369,1857.9467458578165,2880.8014450762735,0.029999999999972715,G,L
DCB_se2_ag1_f_01_1,12205,AH1,4657,club,531.3802588419512,1651.06738673571,3240.8670222912847,566.4289828599576,1620.817906839566,2740.984794814123,535.1080899548917,1728.2984075278964,3067.787201365579,0.03000000000020009,L,B
DCB_se2_ag1_f_01_1,12207,EH1,4658,every,746.5745260423191,1980.4991031511545,2490.753946496624,750.0336338512769,2030.5556802571468,2671.1775096776396,748.0111066927641,2038.7424868338626,2667.152192293902,0.06999999999993634,B,V
DCB_se2_ag1_f_01_1,12210,IY0,4658,every,485.18719861265157,2298.303749960765,2494.238506983426,484.913180426447,2281.7884586885434,2509.5533922804416,430.35150788000135,2387.968793596754,3104.1091478750573,0.049999999999954525,R,D
DCB_se2_ag1_f_01_1,12212,EY1,4659,day,618.7939046877763,1806.8238711489553,2866.2144345240695,708.8723435931184,1033.2165159903793,2248.281624545559,562.5977740430715,2507.115942260691,3131.488992742982,0.14000000000010004,D,sp
DCB_se2_ag1_f_01_1,12216,AA1,4661,cause,538.5812764140815,1931.333938143209,2941.5159125083396,736.9340008056099,1804.8189690487297,2551.113257794994,590.52530810231,1988.1737064274496,2666.191210648722,0.03999999999996362,K,Z
DCB_se2_ag1_f_01_1,12218,AY1,4662,i,762.8737834555515,1772.197952408564,2242.95985505741,763.2958110308784,1775.375135672861,2200.0428076155226,697.3663049216088,1865.7010774896191,2982.6898709845864,0.10000000000013642,Z,L
DCB_se2_ag1_f_01_1,12220,IH1,4663,lived,549.9010895404369,1684.4645722834757,2642.0068130630934,560.4020197591243,2048.6135829431373,3563.4735385099602,556.2566801600702,2032.307295427512,3677.403522919289,0.05999999999994543,L,V
DCB_se2_ag1_f_01_1,12223,AH0,4664,about,495.50133011053595,1514.5924688509742,3146.249407991488,599.7861476111875,1700.9479339738655,3450.06883973149,562.856646616363,1941.1358977821421,2305.0476381330964,0.049999999999954525,D,B
DCB_se2_ag1_f_01_1,12225,AW1,4664,about,830.203504965408,1324.1011600094578,2913.6730866991124,857.0179001232245,1463.399213108735,2728.7697346007976,849.4196177910709,1473.624815045487,2720.7202553396523,0.09000000000014552,B,T
DCB_se2_ag1_f_01_1,12228,AY1,4665,five,910.4668843640201,1704.6809870110283,2319.559337296007,883.2016876350269,1682.3046585398515,2672.7521216125447,877.7331457750734,1800.1790112539295,2665.162499686146,0.12000000000011823,F,V
DCB_se2_ag1_f_01_1,12231,IH1,4666,minutes,654.3092980727254,2087.762238817234,3081.131678662465,655.836135473085,2089.648837404112,3064.0030483510263,655.3254629177183,2089.017837586394,3069.731963171304,0.03999999999996362,M,N
DCB_se2_ag1_f_01_1,12233,AH0,4666,minutes,557.307436123799,1982.1408316678605,3087.192332435047,575.6589003715476,2037.746750652216,2901.9650604556095,548.8316139531727,2044.447562250519,2704.890070176266,0.029999999999972715,N,T
DCB_se2_ag1_f_01_1,12236,AH0,4667,away,596.3233423691895,1340.1078191761717,3080.006231279237,602.4516480714823,1441.585251467797,3131.481677309052,563.8196579931046,1678.9981878058268,3051.8531909177486,0.049999999999954525,S,W
DCB_se2_ag1_f_01_1,12238,EY1,4667,away,594.0578051232559,2520.354986304253,3216.820256895684,709.9280727339901,927.9872278912152,1936.4652835764336,576.2265293196804,2495.7187513163553,3073.4833128751884,0.2300000000000182,W,
DCB_se2_ag1_f_01_1,12241,IH1,4669,it,614.0567967305738,2046.3310239022046,3069.220725896888,1038.6175828699697,2096.460027387493,3140.0808899571907,929.0849613436487,2113.621071085618,3232.6694484397112,0.029999999999972715,sil,T
DCB_se2_ag1_f_01_1,12244,AH0,4670,was,482.3638656838674,1577.131327351163,3110.5982364859524,496.4954874882645,1382.3050424159544,2441.7881586519484,476.05342146220283,1593.642550299086,3102.729162175939,0.03000000000020009,W,Z
DCB_se2_ag1_f_01_1,12246,AH0,4671,a,583.3606687685239,1368.90209851457,3078.731422398762,586.3953433186555,1483.8908829102054,3139.868412807389,508.7757460895608,1621.7928200341166,3193.210299126442,0.05999999999994543,Z,sp
DCB_se2_ag1_f_01_1,12248,IH0,4673,it,498.0252776185712,1300.6742434202204,2649.612742182476,513.7021535275841,1597.595425417986,2915.972985096795,461.6685882202448,1629.259979407999,2683.79933005507,0.060000000000172804,sp,T
DCB_se2_ag1_f_01_1,12251,AH0,4674,was,494.199939327244,1531.7552089592905,3116.0264461684897,549.4863745351129,1519.6051682580694,2630.3433557561834,530.1651161836362,1571.9989814547873,2865.624515988755,0.029999999999972715,W,Z
DCB_se2_ag1_f_01_1,12255,AO1,4676,walking,719.317113371437,1021.2828505673301,3096.846869298307,722.1127155990727,1029.6820854279472,3076.566379659195,717.027763651472,1092.7149512004862,3071.3813800970015,0.10999999999989996,W,K
DCB_se2_ag1_f_01_1,12257,IH0,4676,walking,661.3852237322516,2273.8615946633167,3011.6088644435304,660.5709828330124,2270.0126005856832,3003.747315513638,652.5635462545046,2277.5175284521124,3012.763306192184,0.03000000000020009,K,NG
DCB_se2_ag1_f_01_1,12260,IH1,4677,distance,529.6211601946158,2069.311304664748,2912.5993790367475,689.8788009396812,1308.4071996509138,2888.9776280965257,508.5688116410454,2078.868889186285,2945.1557529203847,0.06999999999993634,D,S
DCB_se2_ag1_f_01_1,12263,AH0,4677,distance,669.5041844130825,1846.7411049141674,2840.1480776714034,828.1696568437634,1865.176750238248,2879.329441366857,715.1780943973741,1899.0727677454627,2897.3690148996734,0.03000000000020009,T,N
DCB_se2_ag1_f_01_1,12267,OW1,4678,so,640.674527306156,1594.8837826974384,2989.8882017406468,645.0919725041836,1626.8500372257074,2964.0368640783736,638.8015076215519,1668.2470376287808,3025.5039029685513,0.029999999999972715,S,IH0
DCB_se2_ag1_f_01_1,12268,IH0,4679,it,616.1864363988224,1336.3339429660223,3094.8145310350487,628.4922542131677,1320.020363283916,3108.423062212108,618.1331282596735,1391.4733231152784,3016.9812466346393,0.029999999999972715,OW1,T
DCB_se2_ag1_f_01_1,12271,AA1,4680,was,510.8653042802701,1508.8557465853328,2810.5663078804464,538.2733855193114,1448.1628777302421,3110.0030034642077,532.9910284814741,1614.8847616956796,2682.6869218411903,0.03000000000020009,W,Z
DCB_se2_ag1_f_01_1,12274,AY1,4681,like,756.8883180348722,1773.897948071995,2437.3168804727193,780.6294635360939,1673.1589074869407,2446.043185987068,748.8025904506178,1913.6826218234457,2405.198930140702,0.03999999999996362,L,K
DCB_se2_ag1_f_01_1,12279,AY1,4684,i,942.8454253801173,1458.7236904694407,2134.2454891657576,1221.7247453623022,1723.3836988346075,2253.3779422947537,1106.4956835194089,1975.6697227717787,3206.2279985313485,0.2799999999999727,sp,spn
DCB_se2_ag1_f_01_1,12282,AO1,4686,walk,622.6161837504368,926.3543869794091,3063.6433464498127,627.8825269079153,911.8960979773628,2972.1326955368704,620.7740068501596,974.0363494687141,2938.9748235305256,0.07999999999992724,W,K
DCB_se2_ag1_f_01_1,12285,AW1,4687,down,798.4562710018403,1328.2876780505292,1904.4745179117178,869.3834952270284,1286.6066033006098,1739.6927897333474,784.6905254639613,1900.1507952239626,2542.0379151849106,0.11999999999989086,D,N
DCB_se2_ag1_f_01_1,12288,EH1,4688,there,600.8287394174107,2178.8397366629165,2748.381032477526,640.9027877174385,2106.6836558919604,2674.7453863570618,595.2040174491017,2223.0840465021165,2765.1061393481177,0.07999999999992724,DH,R
DCB_se2_ag1_f_01_1,12290,EH1,4689,every,757.8802151183388,2014.9796288736277,2640.9621861722344,760.0949125544533,1990.0212390850095,2624.0158209208266,694.6044666403092,2140.1800019660636,2675.343791189401,0.06999999999993634,R,V
DCB_se2_ag1_f_01_1,12293,IY0,4689,every,453.426862536539,2518.1306735427215,2701.7449261065276,450.6560211159849,2416.858786252847,2848.6894972708533,447.1316421798864,2525.910495818348,2930.0670572096355,0.029999999999972715,R,D
DCB_se2_ag1_f_01_1,12295,EY1,4690,day,595.8254267675203,2524.615445260162,3110.119844600715,767.3758846301989,2023.7898645064802,2799.0058854267377,593.345772034075,2542.6517119711057,3067.642402373204,0.11000000000012733,D,AE1
DCB_se2_ag1_f_01_1,12296,AE1,4691,after,877.1034032975956,1961.235958646542,2484.87409398037,879.3705720289868,1976.3434120683983,2579.4572230831664,876.6813121725404,1958.423321932186,2467.265038764728,0.06999999999993634,EY1,F
DCB_se2_ag1_f_01_1,12299,ER0,4691,after,465.46797334759736,1733.4587422391116,2530.224226431053,565.2418568960544,1857.0535998984578,2722.820505767514,565.2418568960544,1857.0535998984578,2722.820505767514,0.029999999999972715,T,S
DCB_se2_ag1_f_01_1,12302,UW1,4692,school,513.3414068144054,973.1188334699875,3050.8525046118048,536.1689652328082,924.0534657051062,3077.155826173218,522.6746280155194,1061.2929721988442,2774.365888011967,0.03999999999996362,K,L
DCB_se2_ag1_f_01_1,12307,OW1,4694,so,582.6809851321215,1655.858687789159,3016.0370873434736,588.0018910842923,1657.0726105883107,3008.0017487830814,464.0586794843836,1716.7171459632118,3005.4208426251585,0.10999999999989996,S,K
DCB_se2_ag1_f_01_1,12309,AA1,4695,cause,533.1667316752437,1703.780535994505,2959.49045640013,567.8701220399531,1758.407302697747,2664.4746852036415,554.5195051850321,1801.9667826839063,2381.8994006047446,0.0500000000001819,K,Z
DCB_se2_ag1_f_01_1,12311,IH1,4696,it,468.0684720862983,1705.9105150379748,2838.8215670480467,500.7057537323889,1583.7591869234348,2835.3609260609023,469.36146890243367,1707.4277561270976,2842.907525304888,0.029999999999972715,Z,T
DCB_se2_ag1_f_01_1,12314,AH1,4697,was,647.8064613864566,1525.478096598036,3203.3609960983526,651.7051566308118,1445.796318860203,3188.020831274608,631.0597276372528,1611.6373153683226,3199.8939826898163,0.06999999999993634,W,Z
DCB_se2_ag1_f_01_1,12316,AO1,4698,also,676.6635047674625,1224.7158551000443,3140.7477577509303,700.4307906002898,1296.0438625758331,3115.1477063677626,656.5642447667375,1473.9283749696228,3035.298052339299,0.08999999999991815,Z,L
DCB_se2_ag1_f_01_1,12319,OW0,4698,also,615.8073266780717,1412.9039845195673,3047.445968723356,653.9318762203526,1375.166670776127,3102.9525921753666,608.9177850417414,1500.4010821211925,3152.2836844791186,0.03999999999996362,S,DH
DCB_se2_ag1_f_01_1,12321,AH1,4699,the,735.7096771702829,1971.325915925019,2906.0905077366033,873.5698087996445,1051.272120134424,1926.9336005276477,724.4372102328766,1972.548786762354,2897.455686254737,0.040000000000190994,DH,AE1
DCB_se2_ag1_f_01_1,12322,AE1,4700,after,998.363365750688,1812.5187430275184,2357.6402423140476,1010.1444155012299,1880.5418865414633,2118.7393914493678,902.1287134583636,1806.492405595197,2507.80464418697,0.11999999999989086,AH1,F
DCB_se2_ag1_f_01_1,12325,ER0,4700,after,512.3172205834054,1805.732557222503,2784.854152878427,597.999881287388,1754.9557165426577,2843.16336508702,495.0379169445695,1816.9502387452442,2771.3034425103892,0.03999999999996362,T,K
DCB_se2_ag1_f_01_1,12329,AE1,4703,after,881.4971479260938,1741.8140375633989,2299.3532471577623,1185.7964200018928,2246.3577754202042,3468.0707041468927,1185.7964200018928,2246.3577754202042,3468.0707041468927,0.09999999999990905,sp,F
DCB_se2_ag1_f_01_1,12332,ER0,4703,after,527.2086640455591,1952.6892421939551,2289.2329971252543,618.5464850381817,2146.7742539181913,2362.440113727548,618.5464850381817,2146.7742539181913,2362.440113727548,0.05999999999994543,T,K
DCB_se2_ag1_f_01_1,12334,EH1,4704,care,569.8407014524519,1315.201482812031,2409.9556961119033,588.1212400212274,2370.5549812397635,2895.224782131629,588.1668549672858,2375.1669908069025,2897.8654169696388,0.060000000000172804,K,R
DCB_se2_ag1_f_01_1,12338,OW1,4705,program,654.4418661933099,1232.7763889182145,2511.964482601426,750.62659555561,1267.7246774118616,2182.4904207499753,742.1675200116235,1274.9401984075685,1914.6968313427856,0.07000000000016371,R,G
DCB_se2_ag1_f_01_1,12341,AE2,4705,program,631.5293190221232,1920.3228979950238,2270.187181552317,699.651004879438,1754.886825129228,2061.079122291358,632.0030627353475,1929.1584158379048,2263.6665945540985,0.06999999999993634,R,M
DCB_se2_ag1_f_01_1,12345,OW1,4707,so,694.7344724486323,1620.8812859967188,2923.401524310992,797.6989604728961,1678.319565100162,2651.705891934915,796.1670755834248,1679.7301013135848,2659.4478864832067,0.03999999999996362,S,AY1
DCB_se2_ag1_f_01_1,12346,AY1,4708,i,849.4071435294251,1679.2891830355486,2049.022579028106,889.6410639073854,1441.7669680346607,1787.2568862166468,657.3855918811405,1958.4585220958052,2329.7930932518184,0.10000000000013642,OW1,JH
DCB_se2_ag1_f_01_1,12348,IH0,4709,just,454.1674042658771,1884.3831553646696,3094.133828370402,502.1211897685021,1893.3604584883558,3125.7972068906083,481.9763461370682,1900.6784581562408,3122.4368991976153,0.03999999999996362,JH,S
DCB_se2_ag1_f_01_1,12351,EY1,4710,came,636.81485492796,2092.3571240433002,2247.5102396362927,666.262587414895,2159.1537630595394,2641.468768942692,598.5878676994578,2295.599287836142,3066.11713186203,0.049999999999954525,K,M
DCB_se2_ag1_f_01_1,12354,IH0,4711,to,498.3397827925424,1754.7984561209153,2996.617361948728,537.7840771515391,1793.118050378525,3247.0245139891053,477.50176469580947,1816.4576715907344,2744.0291745474824,0.03000000000020009,T,DH
DCB_se2_ag1_f_01_1,12356,AH0,4712,the,471.8223822898609,1151.3807389397161,2640.5956971410264,533.3117791612962,1719.0117983638975,2539.1522823739947,533.3117791612962,1719.0117983638975,2539.1522823739947,0.05999999999994543,DH,B
DCB_se2_ag1_f_01_1,12358,OY1,4713,boys,549.9223086430378,1416.390065999293,2531.76494470351,552.0550822912404,1030.6718390901126,2667.480936373168,454.8225805066444,1774.5881675590638,2907.399858319227,0.08000000000015461,B,Z
DCB_se2_ag1_f_01_1,12360,AH0,4714,and,451.8459472705524,1669.9467843487012,3291.745487044654,525.3016505053351,1823.8942235142156,3082.075256091364,525.3016505053351,1823.8942235142156,3082.075256091364,0.03999999999996362,Z,N
DCB_se2_ag1_f_01_1,12363,ER1,4715,girls,637.0120019323738,1655.7360135561016,2672.3263925458427,637.2823229335365,1644.474981017119,2670.716026537165,584.192166568692,1776.4882393824882,2631.438070202668,0.03999999999996362,G,L
DCB_se2_ag1_f_01_1,12368,AH1,4716,club,585.4997466566194,1552.7001043204914,3119.3302486656567,604.3450811224028,1527.4178725446684,3106.308492488757,580.6157619862471,1592.3654627068431,3125.1887349422964,0.03999999999996362,L,B
DCB_se2_ag1_f_01_1,12370,OW1,4717,over,584.6608597817351,1054.4634446794837,3017.130451304121,622.8323506675497,1074.7417051216937,3050.5510732427365,585.5959673401178,1100.2225776382313,3093.4579325105938,0.05999999999994543,B,V
DCB_se2_ag1_f_01_1,12372,ER0,4717,over,556.400114762428,1750.1670579964496,2793.753126086279,557.6390412876921,1745.8477856149955,2826.995998605166,515.4610123797814,1780.4538297142287,2723.964754465365,0.049999999999954525,V,T
DCB_se2_ag1_f_01_1,12374,AY1,4718,time,872.3894211854551,1617.3290374692378,2263.199687698262,874.7994041985817,1612.9574783425662,2286.695450579564,868.9214145618306,1623.6197855468336,2229.3888845284264,0.029999999999972715,T,M
DCB_se2_ag1_f_01_1,12377,IH0,4719,just,512.9777470884101,1859.974526481691,2942.9434792628904,523.6305399091574,1846.4369580645578,2879.4192551189103,523.9015833816792,1959.8603259796819,2939.8856991498074,0.0500000000001819,JH,S
DCB_se2_ag1_f_01_1,12381,AA1,4720,started,782.6616850794865,1360.2104038603507,1941.0860948798654,797.8815383864033,1397.0077197123412,1860.234213650692,726.415018902732,1424.7357423145968,2079.1798619807564,0.03999999999996362,T,R
DCB_se2_ag1_f_01_1,12384,AH0,4720,started,564.4571430474448,1856.3834443985088,2262.7899888405805,567.2217824641026,2015.4680106190744,2648.6684924310084,567.8815980184528,2319.1279273291934,2373.8759273084634,0.029999999999972715,T,D
DCB_se2_ag1_f_01_1,12388,AH1,4722,coming,718.9320471084434,1457.196150431299,2222.992113609648,726.650519135729,1440.9223777943025,3115.7718763164357,718.6790625119334,1496.0339646834645,3164.3476722685255,0.049999999999954525,K,M
DCB_se2_ag1_f_01_1,12390,IH0,4722,coming,544.9225446536933,1533.23719295939,1922.9068994852707,628.4384601169556,1775.1840937060342,3299.7426554958315,627.538212472814,1785.998801038693,3270.2274505767323,0.03000000000020009,M,NG
DCB_se2_ag1_f_01_1,12393,AH0,4724,and,546.3937637035332,1224.923697161056,2136.163698166808,568.7286832473756,2010.404444069322,3092.0800778581547,566.6814437538018,2212.304893953958,2881.9999878766803,0.05999999999994543,sp,N
DCB_se2_ag1_f_01_1,12396,AH1,4725,coming,704.2668564543976,1611.5126437348445,2978.4135219860764,723.6832585058794,1564.4931331273779,2443.1905950413534,693.7515365644565,1637.4250858945725,1743.0144697057685,0.049999999999954525,K,M
DCB_se2_ag1_f_01_1,12398,IH0,4725,coming,451.65718522666253,1634.1535812181269,2653.772235195557,459.68832002743187,1654.964227898882,2732.5515162590336,442.3922430799754,1688.000441769224,2279.65955592846,0.029999999999972715,M,NG
DCB_se2_ag1_f_01_1,12403,IH0,4727,just,444.8746976183762,1818.047767371827,2874.5439266649796,469.8627399128597,1911.2322501812987,2846.0295990919394,468.5000305959896,1925.25514336069,2877.96785733,0.049999999999954525,JH,S
DCB_se2_ag1_f_01_1,12406,IY1,4728,being,548.0897773681352,2469.75314106072,2961.689976869486,600.5629484164336,2427.787875873182,3044.670148216427,586.4273066701289,2549.1791959492257,2913.6695756032855,0.060000000000172804,B,IH0
DCB_se2_ag1_f_01_1,12407,IH0,4728,being,617.0513010808454,2435.053893501854,3099.273118375434,627.0801702714507,2516.2980387842026,3111.0973030244836,626.6661573222128,2528.9080133207794,3114.6253275339523,0.029999999999972715,IY1,NG
DCB_se2_ag1_f_01_1,12410,IY1,4729,here,569.4617719989869,2275.1677311429535,2708.0478978525844,606.1060665394491,2549.017731298452,3045.2268986068802,583.4463851152573,2486.4912563978205,2915.388282654172,0.05999999999994543,HH,R
DCB_se2_ag1_f_01_1,12412,EH1,4730,every,703.854397762254,1643.1486805519482,2494.5353328726055,713.5381833373059,1487.5342889960177,2353.075438994447,689.3478213921661,1848.3154510188917,2601.8219728486447,0.060000000000172804,R,V
DCB_se2_ag1_f_01_1,12415,IY0,4730,every,410.07953099170027,2335.6054150321906,2816.167521252851,419.8493864549737,2266.9393106453394,2816.7631848840388,411.58721120014394,2335.445979999618,2822.6761723067207,0.03999999999996362,R,D
DCB_se2_ag1_f_01_1,12417,EY1,4731,day,572.5516492736884,2287.9660652346256,3100.6055634805925,831.7994318170755,1785.6678257314766,3092.678033862745,547.2960150573638,2376.119093214144,3074.5976086723217,0.1899999999998272,D,
DCB_se2_ag1_f_01_1,12420,AY1,4733,i,820.1981504211252,1960.0830155974884,3001.8626533414085,926.566325863451,1708.7592532724452,2959.9469838092805,676.7948941590388,2033.3668753716452,3168.2918302858434,0.06999999999993634,sil,sp
DCB_se2_ag1_f_01_1,12423,AH1,4735,the,683.9334373399992,1275.4745315964344,3263.726848864271,705.2874960847815,1437.8564599895724,3198.1938649645554,675.2476411217822,1824.6574651824258,3142.5480250655382,0.2999999999999545,DH,sp
DCB_se2_ag1_f_01_1,12426,AH0,4737,the,480.9359694000878,1338.9856337771,2888.2808100255943,634.5886988417465,1575.405130021096,2964.500846900265,570.0154132974566,1731.2810795781106,3068.334548599161,0.08000000000015461,DH,P
DCB_se2_ag1_f_01_1,12429,OW1,4738,programs,624.7619272317442,1260.8492888348078,2660.0752760835976,666.6705489530818,1313.075523220402,2233.5826372953247,658.3178753258983,1321.961220207981,2329.8226811464688,0.10000000000013642,R,G
DCB_se2_ag1_f_01_1,12432,AE2,4738,programs,666.7119397818341,2047.254342104455,2707.636772183295,706.6237496277697,1865.405164576527,1971.081898151357,641.3289019246814,2056.1927819674256,2348.3065231381124,0.19000000000005457,R,M
DCB_se2_ag1_f_01_1,12436,AE1,4740,and,662.5077563934499,2186.6045456117417,3020.486836524164,962.4644998046666,1780.6459598660017,3205.908597348235,681.4875909161287,2214.6065262490674,3052.6076618480975,0.09999999999990905,,N
DCB_se2_ag1_f_01_1,12439,AH0,4741,the,461.33188222683486,1642.3441439038318,3214.4453178618746,574.6770429402635,1529.0496832065405,3065.4194125481076,504.1537859203001,1870.38170398829,3218.063645264693,0.07999999999992724,DH,P
DCB_se2_ag1_f_01_1,12441,IY1,4742,people,530.3785720340733,2514.574339839652,2852.2656705939594,541.5276444155713,1718.0499149811528,2907.088460664795,518.5177284605576,2906.3756616086343,3093.975159773223,0.09000000000014552,P,P
DCB_se2_ag1_f_01_1,12443,AH0,4742,people,484.2500275143147,940.4194683862019,2969.4546911360667,874.2129835625498,2006.0404692033642,3120.6452862337296,874.2129835625498,2006.0404692033642,3120.6452862337296,0.049999999999954525,P,L
DCB_se2_ag1_f_01_1,12445,ER0,4743,around,581.5559023638004,1144.7507118359117,1730.2812605525232,799.890063549649,1494.669924576248,1996.3198211440579,799.890063549649,1494.669924576248,1996.3198211440579,0.09000000000014552,L,AW1
DCB_se2_ag1_f_01_1,12446,AW1,4743,around,830.4512984677126,1566.5173880285884,1834.8210103149795,831.3980206061138,1577.1811028162101,1793.3941217612007,830.7705914988944,1570.1138496302442,1820.8493112469691,0.08999999999991815,ER0,N
DCB_se2_ag1_f_01_1,12450,IY1,4744,me,462.0575616437096,1533.2626543122683,2916.3778472020103,509.63935262662727,966.1632538284119,2918.060810269647,503.97863461203633,2906.6396914207335,3073.364844983515,0.14999999999986358,M,sp
DCB_se2_ag1_f_01_1,12453,IY1,4746,people,484.6424372200468,2487.335634420459,2862.8619211798978,538.6676861764901,2718.8289759169825,3026.056824896563,489.3563122105914,2759.7713972992738,3338.644743139939,0.06999999999993634,P,P
DCB_se2_ag1_f_01_1,12455,AH0,4746,people,523.4572713223982,984.3285071025147,3090.47048759821,739.8210996834576,1735.7066072187295,2663.3294007387367,663.4584049971053,1812.8196898131805,2661.5385711531226,0.029999999999972715,P,L
DCB_se2_ag1_f_01_1,12458,IY1,4747,being,586.1384996323949,2483.428068628383,3377.9061158889176,610.239755804998,2451.4539985705337,3187.765847134358,597.712462249327,2517.366472586142,3357.3039984404154,0.049999999999954525,B,IH0
DCB_se2_ag1_f_01_1,12459,IH0,4747,being,590.9692218757866,2306.4052436779543,3344.288952624942,594.7197399893788,2327.6881733046453,3138.1500836349114,594.7197399893788,2327.6881733046453,3138.1500836349114,0.029999999999972715,IY1,NG
DCB_se2_ag1_f_01_1,12462,AY1,4749,i,929.3707851622422,1849.3412941202203,2300.972221607339,966.5636777649066,1792.1835224590413,2525.456650286469,936.3839728399139,2331.02953505518,2647.525921305903,0.13000000000010914,sp,TH
DCB_se2_ag1_f_01_1,12464,IH1,4750,think,531.8462493500155,2171.377736128924,3138.335949806118,567.1882501804332,2074.012820197847,3113.7430960762363,525.056561084554,2505.4558284830878,2755.278099505053,0.029999999999972715,TH,NG
DCB_se2_ag1_f_01_1,12469,IY1,4752,people,475.0679293276057,2321.499195663471,2900.4815863390613,508.96611192634896,2722.2778596180246,2894.274207133265,496.1878608824873,2790.2722527476644,2839.9377873323438,0.049999999999954525,P,P
DCB_se2_ag1_f_01_1,12471,AH0,4752,people,715.9295974412963,744.4500568642717,2674.677183580368,707.8273557879968,866.3774022691009,2613.79464627734,531.0682975370177,1514.34580576145,2602.344337658,0.029999999999972715,P,L
DCB_se2_ag1_f_01_1,12474,IY1,4753,being,498.3458598306787,2378.6662313059,2766.8029458185624,628.2749178716805,2290.9816610974885,3095.672610257359,500.8407901054592,2378.641493349883,2802.026386926177,0.08999999999991815,B,IH0
DCB_se2_ag1_f_01_1,12475,IH0,4753,being,614.7892294407047,2171.886744253024,2465.060993656814,614.7530668094865,2172.2789391822357,2458.989633909986,613.8176277107352,2182.4240657606365,2301.9383603038473,0.03999999999996362,IY1,NG
DCB_se2_ag1_f_01_1,12478,AY1,4754,nice,779.0274107566984,1975.4377622129814,2223.839762634911,980.348938799032,1624.5350230983406,2530.6129102626246,704.6517710022823,2067.767599268825,2843.7482175589885,0.12999999999988177,N,S
DCB_se2_ag1_f_01_1,12481,AH0,4755,to,584.153396677945,1886.821505121828,3068.7863644445447,601.1754223899665,1406.8361974483591,2239.9721758158303,555.8941061396375,1984.7429510372363,3060.2067510991687,0.03999999999996362,T,M
DCB_se2_ag1_f_01_1,12483,IY1,4756,me,449.2408033755224,1198.783365706625,2942.1427722647304,546.8779199633182,1637.1302859906739,2810.8485311988984,483.71628919297285,2816.522442278187,2859.645488317423,0.12999999999988177,M,
DCB_se2_ag1_f_01_1,12486,AH0,4758,and,593.4414956549657,2192.923707507089,3040.4518322994245,862.6715427732513,1955.5872423559606,2974.836542239144,618.2281938059535,2253.667131888825,3171.9153721095045,0.040000000000190994,sil,N
DCB_se2_ag1_f_01_1,12489,IY1,4759,people,529.0628574710594,2335.073242709671,3038.6071387825364,628.7112126682595,1107.1762439744873,3006.1709637218514,541.0527385440975,2540.308780681375,2920.7613633168967,0.05999999999994543,P,P
DCB_se2_ag1_f_01_1,12491,AH0,4759,people,514.2016250181731,911.4263313171238,3104.8319446580476,520.8360228610145,881.3729930945242,2988.6445142080292,486.96308209839736,963.6474391705877,3052.1281018206373,0.03000000000020009,P,L
DCB_se2_ag1_f_01_1,12493,AH1,4760,um,557.7015464616676,1475.8181149903116,2711.8653859685173,862.8994187661718,1477.2503023450952,2177.2888249793978,851.4769301922295,1499.043060048715,1644.2412689871771,0.2599999999999909,L,M
DCB_se2_ag1_f_01_1,12497,IY1,4761,treating,543.3843099459909,2525.4423022462643,2809.3259334717973,548.9066747285212,2444.9324370161066,2739.8054666471967,524.0520989539488,2609.678109577825,2765.3072101811676,0.03999999999996362,R,T
DCB_se2_ag1_f_01_1,12499,IH0,4761,treating,523.660508822533,1261.110489025876,2657.077658672767,542.5872249980292,1294.9158061185303,2660.44072754423,519.7781867271823,1402.9558878068347,2692.1061823504356,0.029999999999972715,T,NG
DCB_se2_ag1_f_01_1,12502,IY1,4762,me,483.39511670045846,2891.7048004716985,3162.5530337319606,638.4557326367338,2342.856752670521,3037.60029840574,503.8629671624058,3061.7980830999086,3117.7945856342917,0.14999999999986358,M,AE1
DCB_se2_ag1_f_01_1,12503,AE1,4763,as,496.4797076967934,1182.3433912971304,2179.153463922812,840.5001734575148,1785.7902979006599,2865.2747176370067,638.4557326367338,2342.856752670521,3037.60029840574,0.15000000000009095,IY1,Z
DCB_se2_ag1_f_01_1,12506,AE1,4764,family,674.5285514044572,2273.9092183873868,3111.5756561203475,715.6377023903124,2124.126437905807,2842.4006773865453,675.8294089828411,2273.7405971543444,3090.240458894075,0.12000000000011823,F,M
DCB_se2_ag1_f_01_1,12509,IY0,4764,family,462.9732065563459,2053.4802983103973,2972.5882775195214,468.1268676198595,1827.194663602428,2912.324564497025,459.276065420555,2102.7943981581284,2979.970253839516,0.03999999999996362,L,
DCB_se2_ag1_f_01_1,12512,AE1,4766,that,717.5422575190883,1990.5265274794801,2337.247428206659,718.9386275010118,1974.9223789579871,2222.8318684685933,712.6338841590908,1990.9664130218353,2346.332883111173,0.029999999999972715,DH,T
DCB_se2_ag1_f_01_1,12516,AH1,4768,what,624.7331105966249,1461.2057023314928,3298.2239207035104,627.4771479781863,1485.026445362781,3317.017645415426,614.7616422091472,1509.876885397841,3364.188920835113,0.029999999999972715,W,T
DCB_se2_ag1_f_01_1,12519,EH1,4769,kept,713.6734160027324,2066.3544207952427,2947.2805809452516,742.1744284934773,2157.40318643037,2918.579176448171,644.4865320720564,2307.717697626999,3203.2457022514595,0.06999999999993634,K,P
DCB_se2_ag1_f_01_1,12523,IY1,4770,me,423.6177833213121,2266.7812895014167,3067.755798364744,549.456781852775,2048.5362608925298,3122.39525771687,477.5409593956708,2667.636791018043,3061.475272697629,0.06999999999993634,M,sp
DCB_se2_ag1_f_01_1,12526,AE1,4772,that,716.3479501823342,1998.0553848459483,2943.817616398621,718.0194636571877,1969.4296381051506,2933.8010572381304,656.9939233246607,2052.1919461989232,3134.7302021487503,0.049999999999954525,DH,T
DCB_se2_ag1_f_01_1,12530,AH1,4774,what,485.16555489108157,1360.1502685408923,3287.461116280208,485.14653643931405,1361.823914792256,3293.8774214819045,465.70887348277694,1607.2848917738816,3405.2568558642643,0.029999999999972715,W,T
DCB_se2_ag1_f_01_1,12533,EH1,4775,kept,691.4166529879258,1913.2904620021377,2690.5365015532525,692.3401712757812,1868.4290723528068,2680.3571174748045,633.9246936168745,2087.343852324347,2962.658144615942,0.049999999999954525,K,P
DCB_se2_ag1_f_01_1,12537,IY1,4776,me,616.3281670319112,2560.5863961684413,3056.768213816218,653.1692617085802,1757.9835809178433,3014.5263994704474,529.3016260414041,2835.0710082388186,3002.7476192652894,0.07999999999992724,M,ER0
DCB_se2_ag1_f_01_1,12538,ER0,4777,around,508.65564200367,1125.4310642039025,2382.450303276036,686.3998096518551,1625.5880455366175,2622.91756550913,653.1692617085802,1757.9835809178433,3014.5263994704474,0.13000000000010914,IY1,AW1
DCB_se2_ag1_f_01_1,12539,AW1,4777,around,598.3989869312686,1739.9737170685623,2316.8496921749143,618.8778752842152,1723.2489097964385,2344.517021615181,618.3698463841953,1803.6614955429395,2537.049543978041,0.10999999999989996,ER0,N
DCB_se2_ag1_f_01_1,12543,AA1,4778,cause,597.1138015947847,1826.7887278659064,2860.0383700738275,733.8694506006568,1843.0214556873816,3024.7586520272207,615.4393125363805,1839.255559805078,2946.9950772379725,0.08999999999991815,K,Z
DCB_se2_ag1_f_01_1,12545,IH0,4779,it,494.7728137176255,1829.5601981140944,2951.89364436419,632.3538213770039,1674.7782484382626,2922.9864263374698,516.7592427383743,1846.48994259755,2956.3634877381733,0.05999999999994543,Z,T
DCB_se2_ag1_f_01_1,12548,AH0,4780,was,564.8724789608738,1490.0033332289818,2922.4352870099196,621.9980229891104,1535.332746012202,2966.0707617614307,620.7538542178376,1535.757020231,2963.4759757583984,0.03999999999996362,W,Z
DCB_se2_ag1_f_01_1,12551,AY1,4781,like,847.7752559557186,1737.7632667787161,2349.7645005224654,921.2617563379349,1675.2313899037824,2359.0932612082383,860.6971906826807,1863.380630244316,2421.53951160083,0.07000000000016371,L,K
DCB_se2_ag1_f_01_1,12554,AY1,4783,i,901.8410200034098,1588.3554679094048,2329.697380384509,986.4214974580709,1667.0835543605695,2665.599585510468,792.8129075348253,1982.0134759041573,2794.5965035989134,0.13000000000010914,sp,W
DCB_se2_ag1_f_01_1,12556,AH1,4784,wasn't,690.2037396050041,1585.115298793614,3137.582363895868,695.6918852641837,1559.1618369738824,3112.157147143172,658.2349870870504,1629.8160909013588,3075.065938907413,0.06999999999993634,W,Z
DCB_se2_ag1_f_01_1,12558,AH0,4784,wasn't,565.196448721386,1856.2218364299147,3559.7213548781892,622.1502141984004,1934.6424492046697,3521.3465587895184,615.8130900218974,1960.5153561065613,3458.5242247733863,0.049999999999954525,Z,N
DCB_se2_ag1_f_01_1,12564,AA1,4786,not,925.7841681059381,2008.965389457305,3147.389632364964,925.0420625338752,2005.6556857563232,3150.0270149005237,906.7628550080327,2020.5598894457867,3131.732602864444,0.049999999999954525,N,T
DCB_se2_ag1_f_01_1,12567,AE1,4787,that,733.0205578387624,1941.292355742382,3345.206815055968,737.8956144935426,1959.9228246241532,3387.1731703845558,735.0206816753243,1961.5033709238112,3410.3801624857283,0.029999999999972715,DH,T
DCB_se2_ag1_f_01_1,12569,AY1,4788,i,919.8881141171476,1606.2045057824591,2990.6563546751413,960.780014147599,1802.742961111935,2682.262188619068,953.9768452891043,1916.3717982032874,3231.735901983537,0.10999999999989996,T,W
DCB_se2_ag1_f_01_1,12571,AH1,4789,wasn't,746.5807653101908,1565.0514978746778,3392.7283601016215,746.6669853068146,1534.3261349243062,3341.788943058896,744.4110114443672,1618.8582712793022,3474.595513238169,0.07999999999992724,W,Z
DCB_se2_ag1_f_01_1,12573,AH0,4789,wasn't,542.2136571422847,1919.7484725033787,3300.5475699694293,542.1343881264837,1911.6686456331495,3300.4680477765455,497.4702939113398,2181.975696924328,3238.6563437665322,0.049999999999954525,Z,N
DCB_se2_ag1_f_01_1,12577,IH1,4790,getting,506.58177568095164,2488.748417625701,3488.9181766581296,572.5139045918057,2417.6118106979147,3527.304188008836,508.40192673009307,2652.8263675420035,3251.592047145067,0.049999999999954525,G,T
DCB_se2_ag1_f_01_1,12579,IH0,4790,getting,504.1550565530339,2018.5396058582103,3283.7438421926386,510.0943577135695,1559.2218886472888,2570.5548089912068,502.85881776549655,2014.4909423031036,3268.404379058727,0.029999999999972715,T,NG
DCB_se2_ag1_f_01_1,12581,IH0,4791,it,597.085386795175,2101.6141546524955,3343.0279473755054,602.6008522731701,2051.9690781411664,3403.746550230189,596.2130330943743,2104.369442203672,3336.2679898800952,0.049999999999954525,NG,T
DCB_se2_ag1_f_01_1,12583,AE1,4792,at,657.6103834347377,2078.3901792464258,3235.0226000392986,693.443306408253,1956.3060737237904,3079.153618537332,659.0926530018706,2078.707414604417,3265.6754470630112,0.05999999999994543,T,T
DCB_se2_ag1_f_01_1,12586,OW1,4793,home,632.1344595663742,759.0956794274892,1954.611633997641,751.8959730858946,796.6107187248836,1996.4119501403256,619.3720776014227,2273.271915350672,3709.993753414778,0.21000000000003638,HH,M
DCB_se2_ag1_f_01_1,12588,IH1,4794,it,531.9248277529799,2151.022274384786,3121.761842131097,575.0148675415935,2210.363310386673,3056.7433051978724,532.261675524894,2212.0652980885416,3119.3228709964214,0.03999999999996362,M,T
DCB_se2_ag1_f_01_1,12591,AH0,4795,was,515.2096132682071,1798.3408680945176,3129.1801156707543,515.1544674946296,1797.344544147691,3132.756422307423,508.5679287001324,1935.7385512953113,3503.6991524457767,0.029999999999972715,W,Z
DCB_se2_ag1_f_01_1,12594,IH0,4796,just,485.4970477438005,1813.1273162586804,3085.963995212478,500.0846233955029,1837.6977013868325,3080.804644415004,474.9080851549097,1890.3088149129817,2782.1133046040977,0.049999999999954525,JH,S
DCB_se2_ag1_f_01_1,12597,AY1,4797,like,687.9617684582034,1971.1059553528448,2800.062488020776,867.8798380269916,1725.2521756240367,2560.756017581858,557.1645271542392,2672.2336637565645,3000.1221614162655,0.09999999999990905,L,K
DCB_se2_ag1_f_01_1,12601,UW1,4799,u,379.81823178863715,1300.2747073202459,2531.0833158778,509.79021677236784,1424.8228457905757,2420.6506833921767,509.79021677236784,1424.8228457905757,2420.6506833921767,0.029999999999972715,Y,sp
DCB_se2_ag1_f_01_1,12604,IY1,4801,people,527.501738961297,2713.285295861242,3164.2853071491295,535.9638460792268,2690.327753661835,3075.0470973069714,520.6509883918206,2718.5201808360307,3183.8787622096115,0.08999999999991815,P,P
DCB_se2_ag1_f_01_1,12606,AH0,4801,people,513.4764280184353,914.3391710423612,2877.8944617134007,613.1120044574036,1358.4214698167336,2664.3984512554393,601.5691057583116,1392.5429119733722,2754.4080101421796,0.03999999999996362,P,L
DCB_se2_ag1_f_01_1,12609,ER1,4802,weren't,761.9679769966812,1759.6882894408675,2392.6731569744347,802.4270329883012,1533.9728929922035,2097.4010488027197,686.8398049330191,1981.351738036316,2223.413326589245,0.21000000000003638,W,AH0
DCB_se2_ag1_f_01_1,12610,AH0,4802,weren't,640.9002091771467,1989.2161025390365,2767.091981243459,640.739235744361,1984.82161949964,2651.519323323175,629.5999091198064,2066.0053213945175,2547.85934201153,0.03999999999996362,ER1,N
DCB_se2_ag1_f_01_1,12614,AE1,4804,at,763.4110388144617,2245.387048349964,3356.78989040847,1005.8003655312768,2092.791278458654,3147.5527907145415,769.2677214423586,2288.5994030834904,3402.9422645742784,0.17000000000007276,,T
DCB_se2_ag1_f_01_1,12617,OW1,4805,home,715.669268997906,1507.1370314804926,3738.0361969717733,913.752481079899,1070.6011727247953,1915.2342497275592,705.1689125708496,1570.1131865637744,3802.83017109933,0.20000000000004547,HH,M
DCB_se2_ag1_f_01_1,12619,IH0,4806,it,622.0137147173491,1677.8906804298363,3132.0269945810096,625.8101554549474,1682.3302751435817,3134.5447371029186,625.9305644893964,1682.850384642668,3134.748255655108,0.03999999999996362,M,T
DCB_se2_ag1_f_01_1,12622,AH1,4807,wasn't,733.1247562449477,1669.571459751722,3268.686937166845,733.3345045544326,1657.651432799769,3266.530446084909,659.8896637752443,1759.346290275577,3303.685026154435,0.07999999999992724,W,Z
DCB_se2_ag1_f_01_1,12624,AH0,4807,wasn't,483.9063638998402,1702.2019437841882,3122.570079849987,625.0361923074735,1709.687920474318,3404.5262724768486,504.87942947447283,1701.8317831838835,3139.3652040452266,0.029999999999972715,Z,N
DCB_se2_ag1_f_01_1,12628,AY1,4808,like,734.4301145495989,1902.419187421204,2584.395566341041,863.7916505765082,1827.4147713258765,2666.215502793328,593.1546972055373,2419.385449877977,2816.5369102925747,0.08999999999991815,L,K
DCB_se2_ag1_f_01_1,12632,IY1,4810,people,497.5614394092484,2362.6953921677873,3052.0604491252907,687.2088546705282,1758.6515904485943,2908.152844613641,434.7553186796596,2717.5282555856884,3253.8088259413853,0.06999999999993634,P,P
DCB_se2_ag1_f_01_1,12634,AH0,4810,people,478.25397395514995,983.5388951780271,2257.0745662251093,485.92979196146024,967.0158932731385,2285.1358631832836,450.34580854232956,1021.8507395213467,2648.166378598306,0.040000000000190994,P,L
DCB_se2_ag1_f_01_1,12636,AO1,4811,always,795.9615743528967,1184.9917625092785,2288.597951939895,805.3126979101992,1158.4706669095308,2291.4260141662476,755.4650400870644,1228.451821270243,2276.9420041261046,0.06999999999993634,L,L
DCB_se2_ag1_f_01_1,12639,IY0,4811,always,531.0327191210235,2174.553946892243,3081.6420905285017,623.4959177447959,1657.49417048644,3252.8238246139167,535.6257777009371,2169.0747730050243,3076.8708567475765,0.05999999999994543,W,Z
DCB_se2_ag1_f_01_1,12641,OW1,4812,open,561.7028455183543,973.2761107855838,3445.830068343827,712.2360654205223,1171.0142897629876,3403.2064432220136,712.2360654205223,1171.0142897629876,3403.2064432220136,0.10000000000013642,Z,P
DCB_se2_ag1_f_01_1,12643,AH0,4812,open,514.5886504538253,1453.3174368167593,2431.8861704033798,619.0808215083799,1759.3127057317442,3093.326801978553,614.0609448718762,1761.9460611590748,3119.6058821998545,0.029999999999972715,P,N
DCB_se2_ag1_f_01_1,12645,AH0,4813,and,652.3473678073515,1836.1604416406633,3424.4405594929694,651.8419677609485,1833.5225723528604,3424.548723857666,638.6034427537979,1844.1980977315732,3407.7401581417157,0.03000000000020009,N,N
DCB_se2_ag1_f_01_1,12648,IH1,4814,listen,637.3285169762078,2162.902490689702,3376.551370261697,679.1118165650571,2264.6502075790563,3363.328079056815,679.1039645690861,2264.7222164109207,3366.04304520223,0.06999999999993634,L,S
DCB_se2_ag1_f_01_1,12650,AH0,4814,listen,504.46229271099537,1819.2414911047138,3327.6226923306326,625.2469912500222,1948.5124587937598,3127.2715408100316,625.2469912500222,1948.5124587937598,3127.2715408100316,0.040000000000190994,S,N
DCB_se2_ag1_f_01_1,12653,AH0,4815,to,483.8534318300619,1232.3216698712883,3238.8133774952094,726.3092162325764,1779.2580756451193,2743.14435813313,726.3092162325764,1779.2580756451193,2743.14435813313,0.049999999999954525,T,W
DCB_se2_ag1_f_01_1,12655,AH1,4816,what,644.5841498044555,1462.49902690267,3204.773121423689,649.7270872174499,1612.953076300489,3224.705267597441,643.1614940034777,1698.3972205920343,3272.0932011256946,0.029999999999972715,W,T
DCB_se2_ag1_f_01_1,12657,AY1,4817,i,904.8138911515298,1481.60523042737,2338.3985644500285,914.1111156951588,1514.7038651654227,2310.2017282124043,865.1598988171856,1662.7808327573825,2382.747463679475,0.07999999999992724,T,W
DCB_se2_ag1_f_01_1,12659,AH0,4818,was,565.7736502960587,1356.51309900621,3233.394673165899,564.3941178348846,1347.675724894594,3197.702315240233,546.3695256451119,1701.8955448882596,3037.57856375813,0.029999999999972715,W,Z
DCB_se2_ag1_f_01_1,12662,EY1,4819,saying,815.1174077731229,2149.8757974122277,2953.2960829260687,823.0612967573906,2104.865477048027,2930.742642083757,758.6502112426138,2198.949154601825,3014.431560515591,0.06999999999993634,S,IH0
DCB_se2_ag1_f_01_1,12663,IH0,4819,saying,675.0423379662025,1312.3205299260503,2427.544497886304,730.0134377024755,1446.5497039121296,2662.1834457729797,700.153037896658,2300.1764886051014,3144.8579527744428,0.029999999999972715,EY1,NG
DCB_se2_ag1_f_01_1,12667,AO1,4821,all,647.1647341602438,990.5387894234682,2896.218854111521,1030.6035932005016,2196.2468773168744,3326.2180167356405,1018.5289528275949,2127.4725582140622,3278.099415972536,0.060000000000172804,sil,L
DCB_se2_ag1_f_01_1,12670,AH0,4822,the,524.2504704429413,1778.3250217700354,3024.901969626508,579.6014548021438,1717.7363780918415,3111.6747101452734,460.52468480445987,1903.8945531263023,3018.7767323261223,0.049999999999954525,DH,T
DCB_se2_ag1_f_01_1,12672,AY1,4823,time,756.0549924440397,1552.0141753305625,2815.826375094636,810.5081552988785,1847.7333130142151,2967.27306485998,755.7900814185006,2009.2514794222095,2579.866610386969,0.08999999999991815,T,M
DCB_se2_ag1_f_01_1,12677,OW1,4825,so,692.5680838121281,1314.4119991155972,3096.7318425852714,700.1782697570652,1349.975889460548,3144.1158040495366,666.4748173314913,1378.6968436914447,3274.513397626648,0.06999999999993634,S,L
DCB_se2_ag1_f_01_1,12679,AY1,4826,like,893.6661322975291,1880.1893417842,2606.5760878618653,1031.826334835865,1731.64106527864,2493.99558043436,694.3937400129922,1902.4634879378698,2412.224645285817,0.08999999999991815,L,K
DCB_se2_ag1_f_01_1,12683,AE1,4828,that,724.6028616314397,1915.859069921875,2921.577596914592,736.3601753570541,1874.407968559606,2764.0654719400436,685.9542923697846,1924.6370140769927,2973.0940844433508,0.029999999999972715,DH,T
DCB_se2_ag1_f_01_1,12687,EH1,4830,when,712.1206387400055,1512.833842216745,3115.84869272769,715.2217534656946,1503.4247498177342,3120.372922615518,651.2190749269658,1544.4438277121837,3063.9661210285403,0.03999999999996362,W,N
DCB_se2_ag1_f_01_1,12689,AY1,4831,i,907.6037117704075,1728.5010988787922,2482.5588927550784,909.2272597869561,1729.7565518309684,2481.857481438864,670.543074366887,1777.2132152643842,2496.004554552219,0.10999999999989996,N,S
DCB_se2_ag1_f_01_1,12692,AA1,4832,started,795.2216883926881,1404.1841878353296,2140.1263544164435,826.1783912174739,1439.8074966306324,2349.53510559043,677.6273267500069,1520.1155617946192,2502.1770434528753,0.03999999999996362,T,R
DCB_se2_ag1_f_01_1,12695,AH0,4832,started,612.8342305609357,1569.5569560799904,2893.294887907393,658.4386515214915,1780.6435181059155,2875.640877886576,654.2729020629009,1778.1873460010709,2873.976300554902,0.029999999999972715,T,D
DCB_se2_ag1_f_01_1,12698,IH0,4833,with,543.8481309724216,1022.9916579478214,2539.8186013429918,542.2146619960794,1018.7585008456526,2561.266876120116,450.2747916941194,1294.4118637459615,2605.308398300432,0.029999999999972715,W,DH
DCB_se2_ag1_f_01_1,12701,AY1,4834,my,994.7160940816937,1592.1044219095686,2318.6132846484898,1026.8810875743973,1632.4337723503306,2340.070269431762,891.9332221090085,1700.2408933298368,2631.299997414661,0.10999999999989996,M,sp
DCB_se2_ag1_f_01_1,12704,IH0,4836,with,667.5695491917031,1331.0174009247014,3154.736233270905,667.5311651326319,1330.9029117364853,3154.8506662140426,667.3640518955929,1330.4044584902235,3155.348874585288,0.029999999999972715,W,DH
DCB_se2_ag1_f_01_1,12707,AY1,4837,like,854.1489725389847,1830.010718314532,2566.890863944732,971.9586520812665,1571.4217283885512,2375.7754151489676,638.5383167973911,1996.1966797140458,2641.691305203618,0.07999999999992724,L,K
DCB_se2_ag1_f_01_1,12710,AY1,4838,my,1014.4200208235856,1605.9821162915543,2164.9146555616708,1030.611882876512,1642.0580425085,2337.375472601588,927.2492321396472,1711.5798209333452,2460.593557325194,0.07000000000016371,M,sp
DCB_se2_ag1_f_01_1,12713,UW1,4840,suicide,377.196630239978,1489.8317394211558,2917.034657498606,692.4983521728279,1590.91697923766,3006.6606194255155,692.4983521728279,1590.91697923766,3006.6606194255155,0.03999999999996362,S,IH0
DCB_se2_ag1_f_01_1,12714,IH0,4840,suicide,607.667618383391,1533.1893250393566,2623.9657620045195,634.104759890298,1590.9398756441235,2802.8199666433043,610.4168139605079,1826.1511998614446,3149.857620378602,0.18000000000006366,UW1,S
DCB_se2_ag1_f_01_1,12716,AY2,4840,suicide,1070.553548808548,1958.8843931794597,2738.1417057856406,1096.0133452898563,1978.2646460156489,2829.794276612855,1101.9762966452138,1984.1746750831826,2845.6044785453037,0.03999999999996362,S,D
DCB_se2_ag1_f_01_1,12719,AH0,4842,and,752.3180688296113,1509.5062182775207,2673.6816483980588,954.4015905586251,1912.8717211781652,2380.1292338430353,590.869876326213,2045.9669963313709,3125.1720095270784,0.10999999999989996,sp,N
DCB_se2_ag1_f_01_1,12721,AO1,4843,all,771.7892377793787,1166.1967821999453,3376.0870694850887,916.038236450282,1218.246747746561,2216.665112013687,794.6402834187886,1705.4615811003132,3342.999948678097,0.12000000000011823,N,L
DCB_se2_ag1_f_01_1,12724,AE1,4844,that,819.0699973418978,1052.0193593228053,2223.888892529493,828.5157236340318,986.3364386785557,2223.8565672236264,817.9373564848017,2221.3942208144385,3355.8570966793172,0.10000000000013642,DH,T
DCB_se2_ag1_f_01_1,12728,AH1,4845,stuff,707.108918516291,1653.6661610762294,3311.4655183767627,774.53263312086,1669.9950097900103,3264.437484591057,645.8475089577487,1742.4507215084743,3227.8843759806364,0.049999999999954525,T,F
DCB_se2_ag1_f_01_1,12732,AY1,4847,like,685.2231250013632,1897.7766693384426,2877.862864455607,769.848285153956,1824.3812489721995,3340.692769874524,650.9642582402535,2154.03677452553,3003.1562842708254,0.03999999999996362,L,K
DCB_se2_ag1_f_01_1,12735,AY1,4848,my,943.363335173416,1666.1017191171122,2213.307585356135,989.8025990690935,1651.3095554704032,2451.4213649248923,674.9657597136082,1944.632105018229,3080.294254605038,0.11999999999989086,M,sp
DCB_se2_ag1_f_01_1,12738,AY1,4850,my,804.6784918985481,1876.8834848704043,2508.6906801205873,979.6634778955618,1704.5306345840652,2578.297964420523,713.961978046132,1995.3977263156967,3025.987992315264,0.13000000000010914,M,sp
DCB_se2_ag1_f_01_1,12741,AY1,4852,my,657.7423864990759,1558.4982455760185,2397.3573512573957,727.1493763056766,1443.6744523721802,3383.975047936014,664.3320892697984,1618.386410270195,3220.9855404209666,0.07000000000016371,M,sp
DCB_se2_ag1_f_01_1,12747,AY1,4856,my,939.8447169357054,1762.9076037362136,2903.990954312939,962.9535381870471,1767.2815739095186,3084.0605993850722,912.4862964751161,1849.8078467753546,3113.9752422380543,0.05999999999994543,M,S
DCB_se2_ag1_f_01_1,12750,EH1,4857,skeleton,744.8340374939304,1713.6969957894296,1830.670159299962,813.4214968203013,971.8707162270733,1588.5421387851338,691.5212901142387,2058.1406049066304,3405.768091306545,0.05999999999994543,K,L
DCB_se2_ag1_f_01_1,12752,AH0,4857,skeleton,468.3082877071639,1790.6651703449616,3371.7098011563603,648.2283759431466,1752.0281987497171,3433.76926191754,516.0512777367621,1953.8865531854851,3438.6914724903813,0.07000000000016371,L,T
DCB_se2_ag1_f_01_1,12754,AH0,4857,skeleton,458.6643786156096,1836.987251848843,3219.3933320638953,954.1988019398963,2080.1183304450024,3172.250596855539,954.1988019398963,2080.1183304450024,3172.250596855539,0.029999999999972715,T,N
DCB_se2_ag1_f_01_1,12757,IH0,4859,in,502.94220703192246,1936.4167902419574,3100.015449136048,569.4357363856468,1814.672537898944,3036.3772014670362,502.99621971456247,1936.34873715514,3099.9242835977025,0.03999999999996362,sp,N
DCB_se2_ag1_f_01_1,12761,AY1,4861,my,592.7214994772828,1529.3055209459224,2825.6367011532466,659.523329654032,1432.7755019161646,2568.078295768988,579.1571757697589,1693.6909228350883,3042.2295571764853,0.03999999999996362,M,sp
DCB_se2_ag1_f_01_1,12765,AA1,4863,closet,734.102757930668,1401.271910093081,3042.796662573455,936.7653540390098,1501.3489323091667,3697.625815030936,681.3857225579319,1609.420174775689,3320.8083658063083,0.09000000000014552,L,Z
DCB_se2_ag1_f_01_1,12767,AH0,4863,closet,517.0765394196161,2005.9504249014453,3014.547520630601,611.596879759979,1833.599237287261,2885.0090333580447,531.8561300530342,2119.8952492212557,2966.5823296361573,0.049999999999954525,Z,T
DCB_se2_ag1_f_01_1,12771,AE1,4865,that,668.1346840955792,2029.0066836450603,3146.1032610739053,684.9924253811386,2008.93452892081,3037.982412292341,678.5279894299147,2042.6264458450291,3045.8140566071884,0.07000000000016371,DH,T
DCB_se2_ag1_f_01_1,12775,AH1,4866,stuff,686.7717388975644,1821.1370635386174,3198.492263220873,730.2521207682303,1719.6626640101617,2885.3435918351042,644.673069706381,1885.3139528783183,3285.8594647291316,0.07000000000016371,T,F
DCB_se2_ag1_f_01_1,12780,OW1,4868,so,644.4052699324405,1167.0770124157655,3077.8203957284877,704.5450803771615,1139.3337289594738,3241.9660742049327,655.0905702303667,1601.9453380848993,3212.46771968784,0.11999999999989086,S,AH1
DCB_se2_ag1_f_01_1,12781,AH1,4869,um,838.5988607210304,1326.1549036254078,3539.119471110526,870.7467847929286,1425.2953852021262,2107.898270185121,810.7471777136939,1472.6995416669172,2632.727145341279,0.25,OW1,M
DCB_se2_ag1_f_01_1,12786,AE1,4871,that,762.9478540693374,1566.654323223457,2089.5094823871095,771.9717172488014,1627.7525831674918,2308.936108113063,745.6746178218567,1956.7537136338015,2867.7600308187293,0.03000000000020009,DH,T
DCB_se2_ag1_f_01_1,12790,EH1,4873,when,650.5065997911615,1725.3047167509105,3505.99484474853,649.9673831236795,1726.916081437298,3486.835625946454,628.5930940022912,1738.4279413574257,3317.650878255678,0.029999999999972715,W,N
DCB_se2_ag1_f_01_1,12792,AY1,4874,i,855.3862592040649,1661.519502231846,2409.4353069910176,882.8486188997715,1675.4772505930757,2462.120074575672,718.8453879952056,1825.5452891833809,2079.8353432541626,0.09000000000014552,N,S
DCB_se2_ag1_f_01_1,12795,AA1,4875,started,844.9850722608935,1679.0445644990523,2385.7818454491235,860.2563941082665,1594.7937037005386,2113.3646793592925,814.6722334345875,1700.2420542432017,2366.8026486764575,0.03999999999996362,T,R
DCB_se2_ag1_f_01_1,12798,AH0,4875,started,637.6359477452105,1845.6696269357049,2991.396871069186,638.8134830378494,1850.5079529309307,3006.2451458106643,638.5876985723801,1849.7108779773748,3007.5961588250334,0.03999999999996362,T,D
DCB_se2_ag1_f_01_1,12801,AE1,4876,that,713.1733714103701,1999.737396021319,2756.826886876381,732.3226301935264,1950.1204330058422,2284.5133695246427,671.6324654380227,2066.0158371976586,3136.797857435988,0.03999999999996362,DH,T
DCB_se2_ag1_f_01_1,12805,AH1,4877,stuff,695.5606091040789,947.3138933534185,2178.780242557121,732.8061278412463,1764.0847330918732,3319.298439445889,698.5588069019054,2091.1632641046203,3319.447364222773,0.08999999999991815,T,F
DCB_se2_ag1_f_01_1,12808,AE1,4879,and,696.9811213779597,2260.1972431146182,3062.2634915594203,891.3125244574046,1488.27552458682,2508.9732235641895,626.7590994580191,2329.282421877672,3249.8654458078504,0.07999999999992724,,N
DCB_se2_ag1_f_01_1,12811,EH1,4880,then,584.6092739861215,2043.9528760233302,3016.4675984731925,628.0646022041414,2005.6990672355455,2950.3473193478712,550.6478928038465,2060.3937912481924,3042.061970877951,0.03000000000020009,DH,N
DCB_se2_ag1_f_01_1,12814,AY1,4881,like,876.9142612271213,1774.798453055451,2361.6973376563064,938.0539292852382,1684.5603991905753,1845.7373331063666,591.9892047322058,1793.577362619663,3214.9877454844373,0.06999999999993634,L,K
DCB_se2_ag1_f_01_1,12817,IH1,4883,it,606.5818534968053,1855.0077214427517,2678.1191195796723,783.1539573468759,1807.929385169976,2797.9749776660487,587.2447053998442,2273.388180502729,3190.1116383968806,0.05999999999994543,sp,T
DCB_se2_ag1_f_01_1,12820,AH0,4884,was,466.88627974055396,1452.9447909033236,3083.1725391982686,469.6900120867167,1453.6130332937782,3094.696096885806,430.9638080595625,1712.5902925285486,3115.15033223524,0.03999999999996362,W,Z
DCB_se2_ag1_f_01_1,12823,AY1,4885,like,808.337238243897,1908.6858753240674,2563.684540746781,863.7552670488916,1820.4952045897635,2426.157156594814,792.3806103475142,2035.2774113421679,2738.511809641904,0.05999999999994543,L,K
DCB_se2_ag1_f_01_1,12827,AH1,4887,coming,901.6452124625114,1686.4280078879447,1824.1710385987665,913.5071658318509,1744.4669866010659,2667.8815019889366,914.5639595806374,1748.9091071228356,3050.9612150267435,0.03999999999996362,K,M
DCB_se2_ag1_f_01_1,12829,IH0,4887,coming,649.5856371268603,2022.5170136678069,3272.888221984396,649.5060853703694,2020.2709237231643,3275.8955605156616,601.3086687161075,2129.2874976479106,3310.8786976168662,0.03999999999996362,M,NG
DCB_se2_ag1_f_01_1,12832,AW1,4888,down,756.7113682264926,1901.137238017847,2802.112032747181,780.2284572546225,1952.6872290951342,2497.472782482392,646.8824373142481,2178.5590684390495,2927.581177246189,0.13999999999987267,D,N
DCB_se2_ag1_f_01_1,12835,IY1,4889,here,519.7744918384802,2435.5912586353847,2673.673689864368,606.9947919876213,1300.986399124764,2446.976817437557,519.2632405769791,2533.951799624198,3688.7455977311956,0.12999999999988177,HH,R
DCB_se2_ag1_f_01_1,12839,IH1,4891,it,545.3263600753045,2255.1528608718622,2635.2969150615922,759.111667779766,1909.0450139044049,3051.625711744621,544.3657887079107,2258.9098417146183,2656.0613794559076,0.029999999999972715,sil,T
DCB_se2_ag1_f_01_1,12842,AH0,4892,was,525.8676832571305,1452.4020418704015,2894.4277049125517,527.9425682519312,1455.3535448849493,2910.30011562911,432.6178427950974,1886.2708574370304,3034.1083503718987,0.03999999999996362,W,Z
DCB_se2_ag1_f_01_1,12845,OW1,4893,showing,774.5808416750671,1216.2918915797654,2219.3131503706845,782.142319014778,1179.2709998034375,2073.322433658593,592.0169788075888,1595.6824549697353,3464.9178887150247,0.08999999999991815,SH,IH0
DCB_se2_ag1_f_01_1,12846,IH0,4893,showing,710.7706849447795,1153.1914475152992,2154.1089851450133,726.4758841857658,1142.5703239733834,2653.375637684459,712.4509361763625,1153.4236599959115,2150.0539202948953,0.049999999999954525,OW1,NG
DCB_se2_ag1_f_01_1,12849,IY1,4894,me,442.7787353489462,1196.4909455629136,2693.8434626820863,478.9703070004569,1345.908596204878,2748.690417721436,434.74361364609365,1577.0060134209714,2970.84607349713,0.060000000000172804,M,DH
DCB_se2_ag1_f_01_1,12851,AE1,4895,that,797.7548538671546,1252.8456212894464,2222.082361662826,798.0168177536623,1397.9920913769975,2372.266133863601,691.4421627544439,2158.3043694223998,3079.7433020711574,0.09999999999990905,DH,T
DCB_se2_ag1_f_01_1,12855,EH1,4897,there,602.3601400881548,1610.0748047429593,2381.2603391237776,618.980265073082,1787.5031308573066,2387.009349811724,506.5689907729127,2614.0594469490693,3349.3796058443872,0.14000000000010004,DH,R
DCB_se2_ag1_f_01_1,12857,IH1,4898,is,469.9504881210318,2579.968920703633,2967.664096002606,545.7598342172804,1603.4875473096486,2397.4030984850588,480.2485622237057,2672.5677181757565,3570.453042416366,0.16000000000008185,R,Z
DCB_se2_ag1_f_01_1,12859,AH1,4899,other,831.0213454581398,1710.0570496745877,3268.8371067897197,835.5659013125799,1718.7570117380403,3115.5723141313756,676.2403678674274,1856.388372190232,3125.0160043713418,0.14000000000010004,Z,DH
DCB_se2_ag1_f_01_1,12861,ER0,4899,other,458.87719362523836,2107.762776132792,2905.08763247063,493.24246384187165,1788.3088341107618,2871.542903604895,456.7758719928944,2109.6301710909,2903.51256175408,0.12000000000011823,DH,TH
DCB_se2_ag1_f_01_1,12863,IH1,4900,things,569.9460518981292,1348.844781016469,2555.584695990725,612.4954158277236,2027.7345435217717,3342.0006694208882,600.3259090226966,2363.9626987331403,3327.4508084218014,0.049999999999954525,TH,NG
DCB_se2_ag1_f_01_1,12867,IH1,4901,bigger,626.2651022633435,2271.22380467006,3241.989241783326,641.2864846883459,2318.077481118097,3138.6550324530376,641.4305972762816,2321.1136598855865,3137.812313936004,0.09999999999990905,B,G
DCB_se2_ag1_f_01_1,12869,ER0,4901,bigger,628.387708939677,1914.8863801542195,1950.435343856869,657.4032300100986,1829.3084940072995,2614.6837694766227,623.2704269233425,1984.0081180882157,2229.5468903207757,0.15999999999985448,G,
DCB_se2_ag1_f_01_1,12872,AE1,4903,that,678.5000981063389,2039.4970957962228,2986.248602095675,699.4408514913107,1823.988275867051,2891.276336451368,637.7626439219239,2053.6375822770697,3032.5320352846593,0.029999999999972715,DH,T
DCB_se2_ag1_f_01_1,12875,AY1,4904,like,858.9835723131433,1720.0840036956647,2457.6922730237147,895.8702184458492,1587.167582163076,2424.4449036510573,860.9982149150293,1720.267303269767,2454.048148712251,0.03999999999996362,L,K
DCB_se2_ag1_f_01_1,12878,AH0,4905,the,656.6786194298437,1709.1604064721712,3301.4740889144837,661.271245638184,1737.9880389161904,3274.186394019038,577.5827957300588,1822.2434359648685,3231.190582471599,0.05999999999994543,DH,L
DCB_se2_ag1_f_01_1,12880,IH1,4906,little,531.6151001284899,1150.0422763312579,3269.5541390299277,531.1228248329603,1146.795975400878,3267.2179549860107,501.60482937481635,1313.8782046484212,3317.2707241713715,0.040000000000190994,L,T
DCB_se2_ag1_f_01_1,12882,AH0,4906,little,510.3645251689025,1220.0967282648087,2955.247253168244,519.5509076213768,1287.652441301506,2821.8591281170234,483.2792021078206,1411.8653950961104,2948.855363367585,0.029999999999972715,T,L
DCB_se2_ag1_f_01_1,12886,AA1,4907,problems,997.1000333055413,1327.4170713957037,2179.8730486971026,1007.2329769729289,1295.5235294734632,2137.778006653157,809.8420815361641,1403.3571398990887,2518.9152309921046,0.11999999999989086,R,B
DCB_se2_ag1_f_01_1,12889,AH0,4907,problems,498.7062435450077,1222.5680063670957,2133.260799615886,561.333792627806,1002.8462642073296,1760.3285704553937,536.777824009998,1413.5253295220343,2355.9320249249663,0.029999999999972715,L,M
DCB_se2_ag1_f_01_1,12893,AH0,4908,that,640.2292138162542,1831.1907622344509,2171.0697275519046,656.2099215033769,1893.620628765994,2632.4996706767274,597.7211579919859,2106.788657367492,3142.7794835257164,0.049999999999954525,DH,T
DCB_se2_ag1_f_01_1,12896,UW1,4909,you,439.78750563493276,1919.9286610302918,3082.6611181844246,598.599911083162,1869.8913728782295,3375.47340493919,448.9719985776399,2324.776894331326,3563.830383529242,0.06999999999993634,Y,HH
DCB_se2_ag1_f_01_1,12898,AE1,4910,have,680.784323539598,2248.6730389084896,2891.6624304213033,694.2775440444632,2098.975189783276,3220.8774835336394,684.2270800283081,2264.5569837406474,3024.789996504942,0.09000000000014552,HH,V
DCB_se2_ag1_f_01_1,12900,IH0,4911,in,501.99902831939005,1460.1037755857637,2630.684955675032,530.1552689392405,1147.6448760967405,2022.4911879529,498.9281406721859,2549.983861986448,3057.86613994858,0.029999999999972715,V,N
DCB_se2_ag1_f_01_1,12903,UH1,4912,your,574.6529819681759,1918.079497395209,2607.4553981451604,596.2468530525092,1744.0540777730373,2611.543960823236,490.9006224237968,2390.5261763121716,2646.5329587203355,0.040000000000190994,Y,R
DCB_se2_ag1_f_01_1,12906,EH1,4913,bedroom,605.303140412398,2313.597571930405,2888.1518803493277,615.9665470915319,2242.7544177442064,2696.896852235701,603.9026370107778,2311.4237463050517,2886.0777642773114,0.09000000000014552,B,D
DCB_se2_ag1_f_01_1,12909,UW2,4913,bedroom,555.3720069068751,1116.1310233497018,2290.8469320437334,622.0156007923297,945.8518819725044,2226.6501843864066,546.7165475166371,1196.8101161933946,2429.2525693710177,0.03999999999996362,R,M
DCB_se2_ag1_f_01_1,12911,IH0,4914,in,586.7663662145002,1800.2690764404913,2990.612681041391,591.4676209459728,1796.3112091772084,3073.0294984481247,590.0174437778471,1806.7823384593555,3054.2338213621742,0.029999999999972715,M,N
DCB_se2_ag1_f_01_1,12914,AH0,4915,the,501.9145082135164,1380.1904922955573,2644.422812533796,659.2749379084992,1897.0405938651106,2729.5656333474158,654.6749856820272,1911.4649443670314,2713.352879883889,0.06999999999993634,DH,F
DCB_se2_ag1_f_01_1,12916,AO1,4916,four,637.4728369895207,893.6034503006222,3720.9380134293897,658.070158051207,911.3519965248466,3378.460297693692,658.070158051207,911.3519965248466,3378.460297693692,0.049999999999954525,F,R
DCB_se2_ag1_f_01_1,12919,AO1,4917,walls,645.3767832513798,1073.4899914737628,2994.7783668030766,645.4830316792292,1073.921214849896,3006.618773429186,645.5898854905215,1074.3548952552528,3018.5266444524323,0.17000000000007276,W,L
DCB_se2_ag1_f_01_1,12923,AH1,4919,of,771.1755352128858,1575.990523025587,2967.820384474237,809.8239118966325,1833.3422534691865,2662.3539807993848,788.2252313665314,2105.6982207815727,2963.7745730627394,0.08999999999991815,,V
DCB_se2_ag1_f_01_1,12926,AO1,4920,your,532.950280133519,1239.5406990864042,2430.4454207224153,571.1675424021855,1353.377401217553,2467.6754545924014,472.7229746330862,1784.5905808246662,2216.979035015665,0.07999999999992724,Y,R
DCB_se2_ag1_f_01_1,12929,UW1,4921,room,658.4885344548272,1327.660710977851,2383.883356484678,697.0870499435409,1366.5399113118176,2156.3455718616765,696.5882622472893,1371.2895129605108,2183.126053716205,0.08999999999991815,R,M
DCB_se2_ag1_f_01_1,12933,IH1,4923,it,705.5799196483529,2046.3802567526718,3085.2379971648297,892.6798543602598,1782.234437036777,2714.0482197355186,696.7428455692028,2041.815925099877,3086.2320529930676,0.03000000000020009,sil,T
DCB_se2_ag1_f_01_1,12936,AH0,4924,was,561.8061078688455,1770.7112229790987,3125.015519222756,602.5363622124245,1800.5127544238649,2949.7855892626367,587.7797044397515,1808.0538250488994,3056.458711591497,0.029999999999972715,W,Z
DCB_se2_ag1_f_01_1,12939,AY1,4925,like,644.1375972410972,1940.1290945679243,2962.7011867589,697.6510202152286,1890.267262679821,2971.6277069683733,569.4524409200018,2330.407761255857,2818.046064583071,0.08000000000015461,L,K
DCB_se2_ag1_f_01_1,12943,EH1,4927,there,618.565062394169,2385.2959868026333,2829.085395615219,624.9115648484245,2425.00096343408,3131.923972801564,617.382107400838,2467.169274287671,3057.4438299530448,0.13000000000010914,DH,R
DCB_se2_ag1_f_01_1,12947,EH1,4929,there,550.2702725798035,1947.8725693610265,2431.9928108283284,572.8529907008934,1823.9991114370719,2317.7922427084786,488.105324731753,2459.672248925594,2957.4509192596543,0.07999999999992724,DH,R
DCB_se2_ag1_f_01_1,12951,OW1,4931,hope,573.2294097992169,902.3674832990774,3387.6211668878245,719.6173229579828,776.1518399722146,3348.697416891431,533.8264794834503,1243.867854901002,3222.08879534715,0.14000000000010004,HH,P
DCB_se2_ag1_f_01_1,12955,AH0,4933,and,608.9853814768086,1735.9417546909992,2514.5864175880024,707.329703289039,1485.4130988753063,2441.208767554024,661.1841139942027,1906.2416029783608,3063.920106054114,0.09000000000014552,,N
DCB_se2_ag1_f_01_1,12958,AY1,4934,like,894.4833875265687,1793.0745653613833,2576.3202075507647,919.5894272150484,1633.1833292147378,2589.969799107421,706.7789978572712,1932.4289159022478,2552.3061944956107,0.10000000000013642,L,K
DCB_se2_ag1_f_01_1,12961,EH1,4935,there,605.4924723092901,2328.417766558143,2743.202489142021,618.3276413621377,2252.5814187768574,2801.9073367347323,475.76531163171893,2422.754966111253,2856.799816905969,0.11000000000012733,DH,R
DCB_se2_ag1_f_01_1,12966,EH1,4938,there,515.2168844427629,2313.2539069566174,3294.617307681186,580.600058871826,1928.832962600023,2623.50519553643,517.1488712848286,2328.533094493429,3501.050185201472,0.08999999999991815,DH,R
DCB_se2_ag1_f_01_1,12971,IY1,4941,reasons,542.9038320396843,2218.5209144799796,2711.9092334216775,598.8209149826666,2144.6348599030807,2732.0778414431798,551.4175819470333,2567.848106340809,2776.415107321144,0.08999999999991815,R,Z
DCB_se2_ag1_f_01_1,12973,AH0,4941,reasons,498.78507111489137,1844.32259368406,2642.126104152389,510.7729279710103,1885.4336629620384,1928.7417952348844,507.76544826742173,1915.6688179424043,2003.8035491882486,0.03999999999996362,Z,N
DCB_se2_ag1_f_01_1,12977,IH0,4942,to,487.73467877066884,1790.9764530300986,2415.8571678762364,528.370438308431,1838.7752976759314,3076.239408745717,503.1851401615099,1899.7688436085382,3052.1845317866705,0.06999999999993634,T,B
DCB_se2_ag1_f_01_1,12979,IY1,4943,be,538.9096977652794,2960.800044265616,3707.4831269449924,555.5739510499975,2988.59215399807,3764.476712084453,505.1339217129321,2992.7047810311683,3759.028968475827,0.05999999999994543,B,sp
DCB_se2_ag1_f_01_1,12982,AE1,4945,happy,1051.493368543491,1783.4001265833122,2193.810256291389,1138.0822943412832,2029.0425179192562,2543.476395799462,1110.0754407570137,2086.347842153683,2563.6378895386306,0.12000000000011823,HH,P
DCB_se2_ag1_f_01_1,12984,IY0,4945,happy,575.8974130199424,1607.3315312284037,2764.384869541925,620.3777733005221,1795.0950192443202,3083.0958785841744,512.1542324790198,2123.528020419916,3350.263123737144,0.06999999999993634,P,sp
DCB_se2_ag1_f_01_1,12988,UW1,4947,you,534.4275430728708,2094.9302004828614,3120.210750527476,568.4397774943296,1956.9424829100126,3219.232191643051,510.84054045774013,2520.442664140665,3174.5605325658175,0.049999999999954525,Y,N
DCB_se2_ag1_f_01_1,12990,OW1,4948,know,810.0081658335835,1680.989692580522,3408.9125523046664,1040.0742253860972,1515.01437099156,3625.935996648645,963.0368964329081,1765.2840428318195,3159.908702267771,0.20000000000004547,N,sp
DCB_se2_ag1_f_01_1,12994,OW1,4950,so,625.5490562742499,1214.1729748193006,3232.908686784595,792.6629015645731,1638.4517035347142,3136.832898008298,665.7653218120057,1643.3441182736224,3223.242815116335,0.2899999999999636,S,sp
DCB_se2_ag1_f_01_1,12996,AY1,4952,i,864.8468596536302,1702.2217462192912,2553.0846029604745,905.0721540289306,1790.6230464078742,2556.873462611154,661.2158579395289,1885.2104283228282,3060.0953511944904,0.13999999999987267,sp,IH1
DCB_se2_ag1_f_01_1,12997,IH1,4953,it,625.2615489472876,2043.4930257375802,2631.3627596835818,699.7926670546345,2376.92483072652,2732.959525924359,502.49417951235466,2704.3673675730643,2996.6404750716947,0.13000000000010914,AY1,T
DCB_se2_ag1_f_01_1,13001,IH1,4956,it,520.5626864921421,1432.413133697251,2849.3755930758357,569.2495265207435,2157.302756076751,2958.196211606086,477.8895535282703,2777.1691522273286,3169.405616748911,0.07000000000016371,sp,T
DCB_se2_ag1_f_01_1,13004,EY1,4957,gave,484.97600102336946,1488.819321475148,2745.4205403380834,502.3827108216213,1609.095884466549,2751.1105584548613,497.46139091522406,2565.990765761101,2885.8080616783877,0.07999999999992724,G,V
DCB_se2_ag1_f_01_1,13007,IY1,4958,me,548.3753730257743,2619.146604510479,3416.9450685311663,641.4406268350385,1897.6553421805352,2785.6815958091006,499.8166468534518,2812.5097314171844,3640.695047492187,0.09999999999990905,M,AH0
DCB_se2_ag1_f_01_1,13008,AH0,4959,a,588.146558408657,1371.185860915055,2801.875291958302,627.3518724394464,1778.0481542470422,2921.371666046322,625.3176053856057,2085.3900290885854,2988.6171935898005,0.060000000000172804,IY1,sp
DCB_se2_ag1_f_01_1,13013,EY1,4961,place,496.11542382989245,2330.8231416524436,3093.928382440747,690.8805943624296,1974.9134311819037,3331.451867048342,549.6310473565347,2526.3328845204733,3132.6802988079007,0.10000000000013642,L,S
DCB_se2_ag1_f_01_1,13016,AH0,4962,to,507.3681448308426,1796.0484712168086,3132.9013670050763,519.7879354052661,1857.5888485826224,3154.825109320123,484.16047649697595,1951.5004100218725,3224.84811611358,0.07999999999992724,T,B
DCB_se2_ag1_f_01_1,13018,IY1,4963,be,590.5471199840298,806.8829730900152,3049.0485478243286,598.8405699736189,1963.3542113115598,3416.408975937975,605.604651845527,2892.786674901309,3714.421987441841,0.13999999999987267,B,AE1
DCB_se2_ag1_f_01_1,13019,AE1,4964,and,499.03176112800713,1399.137977952058,2406.3167706193167,586.206103988804,2213.2324646501434,3155.8947289546622,562.1973209665342,2320.8170597375865,3161.7289015141223,0.060000000000172804,IY1,N
DCB_se2_ag1_f_01_1,13022,AH0,4965,a,584.7519626451282,1786.1377323694205,3113.285960312274,638.2241541979154,1873.7357429513365,3126.0650927839297,502.12790595808553,1847.4012363221495,3197.6389792275813,0.05999999999994543,D,P
DCB_se2_ag1_f_01_1,13025,EY1,4966,place,437.4205068522668,2482.943707020931,3049.4575902456763,623.1694986220505,1902.6101438759283,2801.7593778097457,436.73758496793175,2483.093420708748,3038.3380455223955,0.08000000000015461,L,S
DCB_se2_ag1_f_01_1,13028,IH0,4967,to,490.3240930401826,1926.2055567072375,3166.16275136917,508.62643177490054,1798.0382784631415,3094.113003494903,490.2813197903857,1926.2101217119434,3166.0107482762883,0.05999999999994543,T,F
DCB_se2_ag1_f_01_1,13030,IY1,4968,feel,502.4532327808349,1781.3768365258277,2555.8562051684594,548.6301984148764,1358.9308128178627,2639.0522589236402,496.1563910025812,1882.1578286532517,2710.6068098457727,0.06999999999993634,F,L
DCB_se2_ag1_f_01_1,13033,AY1,4969,like,902.2594953583247,1816.1930269174886,2647.7007023467663,977.8210171348571,1698.2595730344217,2558.320361101536,806.5250035883493,1978.5621719960943,2832.6718649056224,0.060000000000172804,L,K
DCB_se2_ag1_f_01_1,13036,AY1,4971,i,1073.5131027901584,1525.468110753123,2342.2897189917844,1097.5831133799186,1448.8896090623684,2387.808710072914,794.9100785895218,2100.4773710207655,3173.974189742792,0.14000000000010004,,W
DCB_se2_ag1_f_01_1,13038,AH0,4972,was,501.6409612895329,1328.5277412494186,3371.9038879317022,533.9825425971018,1311.1583950579086,3334.641681045424,469.01768260431606,1505.7121871396303,2769.8273979901096,0.03999999999996362,W,Z
DCB_se2_ag1_f_01_1,13041,AH1,4973,comfortable,867.9725580551175,1289.303788054816,1540.9140234901458,868.28676610049,1367.8007516140806,2085.3870606246164,839.6713906825718,1569.2176706904047,3578.6717766420106,0.03999999999996362,K,M
DCB_se2_ag1_f_01_1,13044,ER0,4973,comfortable,688.679602003804,1616.3578435277734,3003.3446799974827,784.682081329242,1498.9152705806362,2905.096082642951,696.9086941879675,1682.6284161974065,2426.901034176577,0.029999999999972715,F,T
DCB_se2_ag1_f_01_1,13046,AH0,4973,comfortable,504.6140352816208,1518.268603878158,2941.686029763174,541.0687452573948,1745.8051715410043,3376.9959863128533,540.2924208130165,1768.4245570478313,3439.0860787185647,0.05999999999994543,T,B
DCB_se2_ag1_f_01_1,13048,AH0,4973,comfortable,494.4594254326065,1282.1033134718948,2547.686712652146,774.1467629181818,1846.4416750328592,3485.1279746695595,759.0017143068162,1828.3663270206462,3454.763979824142,0.03000000000020009,B,L
DCB_se2_ag1_f_01_1,13051,AY1,4975,i,940.8818212025425,1707.5141890560103,2483.240783296558,1058.2203374287756,1737.7374772992068,2463.0859707393715,1040.1759045722195,1762.031668197103,2579.8524584179186,0.11999999999989086,sp,sp
DCB_se2_ag1_f_01_1,13054,IH2,4977,reme-,418.9046795711416,1564.1850759210463,2994.4746921442047,455.1893024202099,1553.362715934759,3422.5557918765944,430.118261475599,1653.733632798202,2593.4304056516953,0.029999999999972715,R,M
DCB_se2_ag1_f_01_1,13056,EH1,4977,reme-,792.2472504186745,1683.2667873443233,3004.850357449512,806.3897644705911,1706.631486438118,2996.4394051865893,805.6432400536743,1707.9138755340032,2999.0424439560375,0.05999999999994543,M,sp
DCB_se2_ag1_f_01_1,13058,AY1,4979,i,994.1202025126695,1650.06347889705,2587.196384789671,1008.8429233541195,1698.6152491617288,2593.4517173215604,800.9637994484518,1724.9846174071663,2977.787697218138,0.14000000000010004,sp,R
DCB_se2_ag1_f_01_1,13060,IY0,4980,remember,705.9169273547511,1404.5577003645067,2645.7150476768193,706.6608015916872,1371.9231353535436,2575.740545522125,702.1534989298176,1431.0767485496085,2722.59797968903,0.03999999999996362,R,M
DCB_se2_ag1_f_01_1,13062,EH1,4980,remember,807.3497281459181,1651.7235621827533,2581.9192089348026,856.9098316200173,1650.9570103491637,2509.344337261649,808.6215834497818,1671.7179404503709,2598.582290051157,0.05999999999994543,M,M
DCB_se2_ag1_f_01_1,13065,ER0,4980,remember,640.957755995723,1467.6221654600913,2559.410858004979,698.1072242656597,1629.232027372957,2307.7904542399597,390.04517268036994,2102.1780346935166,2713.330050772008,0.10000000000013642,B,K
DCB_se2_ag1_f_01_1,13067,AH1,4981,coming,768.4114955734073,1334.8541682017647,2327.238590966351,769.5519408758181,1336.3577128447976,2331.6623219072944,672.1547295262612,1843.313433692051,2333.557488831267,0.049999999999954525,K,M
DCB_se2_ag1_f_01_1,13069,IH0,4981,coming,681.0946109997438,1751.622343725243,3095.274428442314,687.4591791193665,1759.5961994562888,3118.9419095730464,686.5479096697813,1758.6385741931156,3120.76752918093,0.03000000000020009,M,NG
DCB_se2_ag1_f_01_1,13071,IH1,4982,in,643.1746195018094,1591.729004349948,2451.0812084142494,707.7388025103879,1485.9647103784703,2918.986501177928,670.1057436729517,2040.8776449527104,2701.4571551765425,0.06999999999993634,NG,N
DCB_se2_ag1_f_01_1,13074,IY1,4983,here,701.1299263311934,2288.8124564349455,3031.393944160306,706.0046267947531,2396.509135727251,3209.623286652726,703.2850759974137,2555.6746414685776,3191.5086761363227,0.03999999999996362,HH,R
DCB_se2_ag1_f_01_1,13077,ER0,4984,for,661.0794877247814,1366.8350388606216,2949.846647125379,663.847163248525,1402.3869284955697,2966.6308008031233,638.8027671385865,1582.7060105490234,3014.3417258874656,0.049999999999954525,F,DH
DCB_se2_ag1_f_01_1,13079,AH1,4985,the,645.0270602750818,1527.70355128639,3063.314644708945,648.2184646478609,1486.2541632522739,2303.440185756993,648.106573123849,1541.9308323621074,2425.539861439139,0.03999999999996362,DH,F
DCB_se2_ag1_f_01_1,13081,ER1,4986,first,730.2874691295779,1497.1908061380223,1900.3885245273286,769.2188267019427,1515.4302470198772,1810.1491477051034,618.3400403702516,1656.4384780080723,1942.7034836349721,0.10999999999989996,F,S
DCB_se2_ag1_f_01_1,13085,EY1,4987,day,712.46914446041,2083.723148348928,2294.7051077218534,865.422353235426,2190.6133398424736,3366.251462431664,504.87076662878405,2873.1872865156956,3072.4710361827533,0.2400000000000091,D,sp
DCB_se2_ag1_f_01_1,13087,AY1,4989,i,724.2619625337634,1519.9897539134115,1988.4657845305837,763.6768476261432,1093.5346170027487,1685.4622379964705,727.2616410299917,1499.0167354955256,2038.5447507837503,0.07999999999992724,sp,R
DCB_se2_ag1_f_01_1,13089,IH0,4990,remember,558.2972145026765,1254.9940762402823,1952.686295461587,604.8517791860303,1220.161254636996,1940.9287419250345,552.8789947430076,1352.2906175219207,2040.3414261750258,0.03999999999996362,R,M
DCB_se2_ag1_f_01_1,13091,EH1,4990,remember,805.0302848812572,1440.4642875426355,3110.3727839038834,811.0528977228178,1441.569379930107,3122.3261432069166,729.5708841682462,1464.8534075610623,3107.3360983244424,0.029999999999972715,M,M
DCB_se2_ag1_f_01_1,13094,ER0,4990,remember,523.4375311867864,1658.4941903524737,3039.704122265667,571.0756988214281,1801.7622945593857,2991.532625760159,571.0756988214281,1801.7622945593857,2991.532625760159,0.029999999999972715,B,DH
DCB_se2_ag1_f_01_1,13096,AH1,4991,the,653.3868613314905,1322.0510006479221,2863.069728571037,872.9784012799321,1530.582569296303,2826.947615602684,669.2362010412193,1680.7061350086253,2910.575553911697,0.12000000000011823,DH,F
DCB_se2_ag1_f_01_1,13098,ER1,4992,first,744.4250893548602,1655.5792605804788,2295.9783541429306,826.1922261868739,1564.7818055833818,2600.3169191789066,695.4856530323266,2069.179469985628,2438.680948587482,0.07999999999992724,F,S
DCB_se2_ag1_f_01_1,13102,EY1,4993,day,712.1773353478287,2188.639795521545,3147.1597512493595,751.9680831833001,2116.5341860846493,3215.812192823053,735.674168421632,2212.6113551212093,3253.6666668903877,0.06999999999993634,D,sp
DCB_se2_ag1_f_01_1,13106,OW1,4995,so,781.6031922624697,1513.1374730520633,3110.6700135767965,834.8205668688736,1557.1868187013338,3047.548904596686,627.2426925288356,1637.6168468485498,3193.3396963745145,0.049999999999954525,S,AY1
DCB_se2_ag1_f_01_1,13107,AY1,4996,i,835.9949520644352,1397.498506637781,3258.2020023525333,865.325067676637,1583.6322718345573,3236.064608628674,863.9863334439085,1582.164340807944,3232.502884775688,0.07999999999992724,OW1,W
DCB_se2_ag1_f_01_1,13109,AO1,4997,walked,625.4088594897391,1179.9117358358408,3664.938118903718,676.4253150914,1126.2849290610627,3602.9471652491775,585.1850984379471,1212.4843675561888,3091.142025233995,0.06999999999993634,W,K
DCB_se2_ag1_f_01_1,13112,IH1,4998,in,694.6809987701524,2187.061173635494,3388.063718992887,695.0603610721927,2194.1334585387294,3387.232343014929,651.9393844173089,2366.831377440517,3358.1026153967377,0.07000000000016371,T,N
DCB_se2_ag1_f_01_1,13115,IY1,4999,here,576.5023697921806,2408.5474406940907,3030.8031880561125,621.4255347170539,2629.1605782849706,3062.2570039936313,616.0240256738061,2709.8946205718585,3102.0199105094366,0.19000000000005457,HH,R
DCB_se2_ag1_f_01_1,13119,AE1,5001,and,701.8804674838287,2278.9826369135494,2968.245548828673,1155.6914510662323,2127.8428668416855,3356.2011150837775,764.4485610244537,2307.759702618923,3091.7069954690387,0.35999999999989996,,N
DCB_se2_ag1_f_01_1,13121,AH1,5002,um,903.3191908316231,1404.7487013825225,3416.8149127886513,918.7708246133487,1677.142632850929,2958.586572895366,863.4664754249333,1943.0383355028919,2850.686920928131,0.30999999999994543,N,M
DCB_se2_ag1_f_01_1,13123,AY1,5003,i,1002.4145061520219,1724.0897125743602,2352.5404955101208,1073.4804594998423,1677.9866537567175,2637.6934001546488,902.5210229027944,1885.772407993628,2020.4870374894722,0.15999999999985448,M,S
DCB_se2_ag1_f_01_1,13126,AY1,5006,i,1005.4125403205804,1777.3318727182052,2478.6170562748466,1022.0668089189695,1822.1015717925109,2441.705171466771,637.9534594075185,1927.6664123865048,2392.314686537773,0.20000000000004547,sp,W
DCB_se2_ag1_f_01_1,13128,EH1,5007,went,690.4202532461917,1433.271404781546,3210.80540352454,703.5339424854595,1360.6573127470263,2937.1053445404473,627.9332192117503,1551.9075730967038,3167.713260326707,0.03000000000020009,W,N
DCB_se2_ag1_f_01_1,13132,IH0,5008,to,546.6953173333186,1803.0920883640752,3184.689052736397,651.6440956257729,1902.4329087112637,3332.2566885114943,651.6440956257729,1902.4329087112637,3332.2566885114943,0.029999999999972715,T,DH
DCB_se2_ag1_f_01_1,13134,AH0,5009,the,653.3235102205699,1342.4887301635242,3267.708094038323,658.1045905388539,1349.0472009181526,2908.201878105512,586.5441904031978,1445.771741545476,2592.4476632326187,0.07000000000016371,DH,F
DCB_se2_ag1_f_01_1,13137,AH1,5010,front,755.7050590391733,1736.3886717361395,2721.9913634433647,805.7250562470509,1531.2247836742094,2375.476503960393,748.7004435346083,1908.7229889198693,2902.9917652604868,0.08999999999991815,R,N
DCB_se2_ag1_f_01_1,13141,EH1,5011,desk,690.3517573214766,786.7039299806104,2148.2595390359224,829.651900731943,2000.633871844891,3103.0540879129903,652.1095644444192,2215.1891098053516,3304.4171739439757,0.2400000000000091,D,S
DCB_se2_ag1_f_01_1,13145,AE1,5013,and,673.8728363988605,2236.222350975429,3547.598274437463,844.0499658557198,2279.679782934733,3444.499334880648,798.519388821498,2309.846918319648,3586.82236011173,0.12000000000011823,,N
DCB_se2_ag1_f_01_1,13147,AY1,5014,i,870.8817891306006,1605.9523117472077,2485.4731187927337,895.9537245374951,1944.093299355804,3269.2316821937006,829.9402387361279,1885.8433285307017,3090.9735768434202,0.14000000000010004,N,S
DCB_se2_ag1_f_01_1,13149,EH1,5015,said,588.9337506395534,2430.6637085407947,3337.8888014247523,654.1312840350622,2398.07962710789,3376.626488317384,590.8067474426123,2487.084398473116,3349.3064330876327,0.25,S,D
DCB_se2_ag1_f_01_1,13152,AH1,5017,uh,709.9000347412314,1576.3326167138111,3183.43787397517,858.393329613578,1485.1780293549061,3354.9456702386738,762.1301391571866,1737.9012539340117,2963.6454273494533,0.33999999999991815,sp,sp
DCB_se2_ag1_f_01_1,13155,UW1,5019,do,497.57133980316854,2060.0146383393853,3243.8796980813077,504.09557242972477,2356.724852751508,3330.578808223376,504.10425215519564,2359.8522864515803,3345.963727285104,0.03999999999996362,D,Y
DCB_se2_ag1_f_01_1,13157,UW1,5020,you,536.8205436834832,2489.2188189685203,2807.988981998901,545.1674034130011,2696.819514584534,2898.027625349948,544.6097940390812,2731.527909976663,2843.483424308746,0.029999999999972715,Y,HH
DCB_se2_ag1_f_01_1,13159,AE1,5021,have,860.0076283369913,1698.9686074389444,2005.3647430928856,988.4021668256258,1965.4403461709733,3466.9519989938276,795.8184333754295,2066.3048218246076,3225.157491616713,0.14999999999986358,HH,V
DCB_se2_ag1_f_01_1,13162,AH1,5022,someone,722.6381036130248,1536.582086392644,3326.471746830008,726.5378374085745,1494.9738111270342,3330.0935168664223,701.9570232938769,1693.1008704932076,3230.255755393142,0.03999999999996362,S,M
DCB_se2_ag1_f_01_1,13165,AH2,5022,someone,761.9221596153644,1424.263687665396,3451.235489904132,772.414396849038,1513.790494744097,3402.962486315663,740.3608991779827,1822.4119267033223,3321.903599837596,0.07000000000016371,W,N
DCB_se2_ag1_f_01_1,13168,IY1,5023,here,512.9975637699627,1211.6756029252492,2500.199795313122,601.8075330097215,2570.6317092298837,3305.0638063633105,553.4320784811501,2613.1326784233856,3408.2162493146216,0.10999999999989996,HH,R
DCB_se2_ag1_f_01_1,13171,AH0,5024,that,632.7784530830982,2106.6572816805724,3287.8319158065287,663.5587120550326,2136.2573168980853,3313.965457153824,622.8660389289271,2195.4855111303323,3151.4019562402,0.12999999999988177,DH,T
DCB_se2_ag1_f_01_1,13175,AH0,5026,can,547.749771383384,2203.233375940125,3329.3741312007196,772.8998713491735,2303.864442622959,2472.26356435173,515.9050555164478,2295.0550081901356,3348.666135350806,0.03999999999996362,K,N
DCB_se2_ag1_f_01_1,13178,EH1,5027,tell,689.0604280251607,1702.0323574923232,3102.1066296475715,717.7243985099618,1913.8871911568874,3288.349581112567,597.6920047999232,1974.8153408571472,3404.609304014266,0.05999999999994543,T,L
DCB_se2_ag1_f_01_1,13181,IY1,5028,me,558.0657490967152,1313.3137948628646,2503.9390492292146,629.2109773267828,1201.2699399868861,2277.232481834912,614.2706672976835,2323.8873941653005,3303.7489862531484,0.029999999999972715,M,AH0
DCB_se2_ag1_f_01_1,13182,AH0,5029,about,576.7141788971607,1440.8417543815365,2754.07913907886,625.196113352368,1477.7550917927024,2389.612542515653,618.0771517978578,1751.2285565615268,2554.7058520652295,0.0500000000001819,IY1,B
DCB_se2_ag1_f_01_1,13184,AW1,5029,about,842.299218849847,1583.3461301746047,2301.3359010806544,887.8784232754393,1665.6811444202933,2480.088050339018,883.8024204005989,1661.2553811115831,2450.4894160539675,0.049999999999954525,B,T
DCB_se2_ag1_f_01_1,13187,AH0,5030,community,659.9435790674709,1558.6229130651825,3327.0389161744756,750.3727231901181,1651.288799090413,2637.7412987412426,631.0502403226902,1881.1641334402668,3518.531814292875,0.060000000000172804,K,M
DCB_se2_ag1_f_01_1,13190,UW1,5030,community,552.8804342087035,1487.4682967204542,2918.0538995768006,562.2247959745578,1780.0666825852147,1923.62811207379,549.2057969665555,1761.981941671706,3236.9267872375376,0.029999999999972715,Y,N
DCB_se2_ag1_f_01_1,13192,IH0,5030,community,559.798775712561,1885.0452901479812,3344.42731506223,594.3447231582398,1928.5706355060554,3307.723700288297,582.5952306252125,1966.5193923780105,3299.2073639481405,0.029999999999972715,N,T
DCB_se2_ag1_f_01_1,13194,IY0,5030,community,453.30755495233257,2416.153869293785,2744.636230031901,576.2497693692762,2194.406368093388,3668.2759607765593,492.7405188889423,2435.4499358340886,2931.1818226988844,0.05999999999994543,T,S
DCB_se2_ag1_f_01_1,13196,ER1,5031,service,671.6564570932102,1685.303220441505,2123.749211673848,703.1290062192431,1720.5474501795852,2395.197318298189,678.7768507530641,1980.0082647864367,2042.4862986606404,0.11000000000012733,S,V
DCB_se2_ag1_f_01_1,13198,IH0,5031,service,504.8183768766765,1610.213029059404,2150.390998704571,534.9827551585789,1981.1250098117155,2108.783862898651,526.5033332021926,2037.840080890402,2073.982834960581,0.05999999999994543,V,S
DCB_se2_ag1_f_01_1,13202,AE1,5033,and,589.0365254836717,2449.473092498345,3121.220493424362,818.4610977521071,1857.3829001975425,3158.6483455189477,593.8867864515253,2675.349641388363,3403.39901996963,0.03999999999996362,sil,N
DCB_se2_ag1_f_01_1,13205,UW1,5034,you,597.6021910210522,2627.908463746575,3696.9795330834,602.6308683593356,2644.319116622211,3702.7991483422775,496.0030002460476,2754.415170602708,2792.9756921805106,0.049999999999954525,Y,N
DCB_se2_ag1_f_01_1,13207,OW1,5035,know,758.5162385481765,1537.4242807762753,3262.479017199823,839.3967408329802,1452.4068462473372,1597.920687104949,651.2954809133039,1710.6749436631135,3420.3442018791325,0.12000000000011823,N,AY1
DCB_se2_ag1_f_01_1,13208,AY1,5036,i'm,864.5607261617915,1310.2874784751039,1712.983020191267,868.8701277089559,1369.4495051004615,1591.5881499950194,865.143403759072,1448.052371345041,1577.4683088356105,0.06999999999993634,OW1,M
DCB_se2_ag1_f_01_1,13211,AH1,5037,young,758.2539750275107,1514.3601120015257,3404.557130011645,770.2148943611714,1507.3553738513272,3470.4530735924927,622.2126112148111,2182.151130419565,3195.7440745095887,0.11999999999989086,Y,NG
DCB_se2_ag1_f_01_1,13213,AY1,5038,i,803.2441941133992,1579.694031680791,2426.3412868480145,867.2488856153984,1438.6347130043616,2410.652590634784,579.2849219133216,1736.4318573727714,3282.7172299752756,0.20000000000004547,NG,sp
DCB_se2_ag1_f_01_1,13215,AY1,5040,i,824.2411995261617,1829.358994722713,2458.877518463829,1067.8274298090587,1809.514906240934,2379.2375752975463,730.3078616760592,1905.968987333104,2999.6704520794315,0.16999999999984539,sp,D
DCB_se2_ag1_f_01_1,13217,OW1,5041,don't,833.8210967139149,1265.2286083115878,2863.483624846427,965.1913646944251,1557.1996902617987,2762.050927076535,965.1913646944251,1557.1996902617987,2762.050927076535,0.0500000000001819,D,N
DCB_se2_ag1_f_01_1,13221,IH1,5043,really,560.8545274340194,1311.2444375346197,2589.47002325963,580.7283768140472,1372.3934944318635,2295.1233085090516,491.030746971866,1773.6728391262627,2613.397815213842,0.03999999999996362,R,L
DCB_se2_ag1_f_01_1,13223,IY0,5043,really,416.2417533274365,1800.301690947718,2940.241096347964,496.18867632385917,1688.8499281836225,2826.7231076861517,443.2890779422184,2131.541153891055,2611.8729178990457,0.07999999999992724,L,N
DCB_se2_ag1_f_01_1,13225,OW1,5044,know,565.7966798659504,1255.2956288280263,2651.0089847832214,581.3672689701528,1389.1694119296913,3158.0825776492375,555.3556454977219,1861.2755472624797,3320.116483058498,0.08000000000015461,N,W
DCB_se2_ag1_f_01_1,13227,AH1,5045,what,538.2512332082894,1221.5848632144084,2952.0990200828064,550.4348173862024,1440.0237894494446,2994.7681041825745,549.8331849531868,1492.4694181537675,2968.0115452357118,0.029999999999972715,W,T
DCB_se2_ag1_f_01_1,13229,AH0,5046,i'm,633.9316786832811,1562.6024509245435,2504.874481530883,708.2399344956041,1582.6652077949193,3255.1314621279503,678.3444529751472,1713.2315243963533,3293.0081829745845,0.029999999999972715,T,M
DCB_se2_ag1_f_01_1,13233,AO1,5048,talking,659.0266757302439,1228.0933677788723,3224.758674975436,692.6580288610115,1306.421681980273,3316.4840748541965,684.8639661604946,1317.4890887275826,3246.443925958415,0.05999999999994543,T,K
DCB_se2_ag1_f_01_1,13235,IH0,5048,talking,582.8866896154344,1394.5307609914219,2530.3840242618903,673.2928608951946,1473.6320279533552,2933.4060346688448,670.5041846883394,1517.739386561654,2974.5332100947935,0.03000000000020009,K,NG
DCB_se2_ag1_f_01_1,13237,AH0,5049,about,438.72076980901466,1683.866155199108,2250.73080024712,553.7905918734731,1500.1679661674964,2404.416259093486,447.7148708006247,1740.90929090818,2208.2355178691923,0.029999999999972715,NG,B
DCB_se2_ag1_f_01_1,13239,AW1,5049,about,811.7489051749922,1358.8516794522948,2799.627897315612,834.8690470006806,1394.496602810899,3019.4030387596326,799.4872264250611,1531.4765604416186,2738.7502992252207,0.08999999999991815,B,T
DCB_se2_ag1_f_01_1,13243,AH1,5051,but,645.2424754159416,1473.4739604201416,3105.575200860617,698.2318601563363,1631.5053834608873,3110.289260841976,694.0299360394773,1636.9724361888045,3125.3521624216874,0.03999999999996362,B,T
DCB_se2_ag1_f_01_1,13245,AY1,5052,i,834.505714350651,1646.5891970278076,2422.801029811676,891.9214397300742,1720.292565313301,2757.431631114808,862.1829821581962,1777.9520664479749,2760.6127817208467,0.11000000000012733,T,W
DCB_se2_ag1_f_01_1,13247,AH0,5053,was,601.2446282551124,1452.142262928641,2884.0682903125617,687.424612262451,1535.7601116717774,2875.050865592653,687.424612262451,1535.7601116717774,2875.050865592653,0.029999999999972715,W,Z
DCB_se2_ag1_f_01_1,13250,AY1,5054,like,654.9004152141823,2155.9256134248144,3163.846541990633,657.1087789894187,2062.8841138676057,3158.197413414015,549.2847404805648,2264.310635349488,2955.1426211118346,0.03999999999996362,L,K
DCB_se2_ag1_f_01_1,13254,UW1,5056,do,511.26643279312464,2457.4965908900863,3211.428503757394,535.2254900927542,2471.5800246405556,3202.8069966019166,463.6324376278576,2652.103280219137,3194.04103763498,0.03000000000020009,D,Y
DCB_se2_ag1_f_01_1,13256,AO2,5057,y'all,819.959263998173,1739.347088296074,3315.518291146914,970.8061607213363,1697.8280736066101,3246.8169709139147,688.5916455818594,2243.828459354531,3701.519072100205,0.05999999999994543,Y,L
DCB_se2_ag1_f_01_1,13259,AE1,5058,have,703.3185527246085,1945.6452753874298,2856.0536006987068,751.6460284441,1451.8981011478302,2025.6815727536136,721.3341865267482,1996.717610546695,3165.1068742412554,0.029999999999972715,HH,V
DCB_se2_ag1_f_01_1,13262,AH0,5059,community,532.6528000077966,1804.814649410044,2982.1729047315694,1056.5932299361377,1874.6913507124113,2814.1854231639786,1056.5932299361377,1874.6913507124113,2814.1854231639786,0.029999999999972715,K,M
DCB_se2_ag1_f_01_1,13265,UW1,5059,community,536.9976578488387,1803.9748269453496,3014.421867672641,553.2359152711707,1815.5623284599778,3085.4846872840594,553.2359152711707,1815.5623284599778,3085.4846872840594,0.029999999999972715,Y,N
DCB_se2_ag1_f_01_1,13267,AH0,5059,community,519.0716585917733,1769.9702217107492,3016.4924318864255,529.1992744055232,1793.5337101650136,3039.392221512527,529.1706418864424,1793.4676127963178,3039.46630966346,0.029999999999972715,N,T
DCB_se2_ag1_f_01_1,13269,IY0,5059,community,499.264448716962,2026.0442119932097,2258.6747882656905,1100.7273807557176,2183.0424597009514,4040.8772761274067,517.797375645205,2210.9365850374193,2876.334037740837,0.03999999999996362,T,S
DCB_se2_ag1_f_01_1,13271,ER1,5060,service,705.6891904466526,1533.0213980811875,2061.9416912704296,706.5088787777756,1529.5374731167963,2064.835293171933,647.5833192557614,1766.958913508524,2088.732226704598,0.08999999999991815,S,V
DCB_se2_ag1_f_01_1,13273,AH0,5060,service,540.5048300396755,2010.4650222724117,2180.9827876783847,548.0794354739915,1964.8223270051576,2336.076908374272,534.4061298272449,2023.6212276409017,2177.635633920149,0.049999999999954525,V,S
DCB_se2_ag1_f_01_1,13276,IY1,5061,here,467.0314513055414,2433.621297615658,3104.9753826362494,540.281358690659,2430.0692709536406,2982.829268348124,442.79710429295125,2488.172293348301,2944.5289944373735,0.10999999999989996,HH,R
DCB_se2_ag1_f_01_1,13280,AE1,5063,and,723.5687473888637,2478.742671791891,3527.0045279745223,1162.460132997126,2128.468700238274,3336.905827635396,633.1545143449284,2361.1769186343313,3406.264215422031,0.36999999999989086,,N
DCB_se2_ag1_f_01_1,13285,EY1,5065,they,526.2046885988829,2593.3558062432367,3034.6012747866325,527.8816366393863,2655.573165998546,3026.107461423001,527.8867425518753,2655.6242963786353,3026.032501270924,0.07999999999992724,DH,S
DCB_se2_ag1_f_01_1,13287,EH1,5066,sent,513.6333060688147,2131.9693169638913,3096.8653417940873,601.5868879284068,2137.3944913825067,3212.8538686539096,548.8934630123764,2145.3357901572604,3132.382583224814,0.03999999999996362,S,N
DCB_se2_ag1_f_01_1,13291,IY1,5067,me,496.67735080336547,2719.178891373335,3218.972756622977,628.3184067816532,2272.0452288501783,3319.085333054414,520.2905123734467,2829.8994071631573,3152.487616515023,0.09000000000014552,M,IH0
DCB_se2_ag1_f_01_1,13292,IH0,5068,into,651.0110249546752,2102.507987096079,2920.854846198111,651.1317633269498,2084.5221307201764,2911.195909091269,628.3184067816532,2272.0452288501783,3319.085333054414,0.029999999999972715,IY1,N
DCB_se2_ag1_f_01_1,13295,UW1,5068,into,455.51845511429866,1783.700335885474,3135.240238544193,495.716828339291,1919.92807158483,2921.9105599551785,495.716828339291,1919.92807158483,2921.9105599551785,0.06999999999993634,T,DH
DCB_se2_ag1_f_01_1,13297,AH0,5069,the,506.9687350158175,1933.6042280002637,3227.8342841648023,602.3897054655017,1959.641000668264,3317.9134567310994,575.2527159561633,2006.673080193736,3285.8876353568544,0.05999999999994543,DH,T
DCB_se2_ag1_f_01_1,13299,IY1,5070,teen,549.9870225833178,2005.8577904074189,2505.3448095107474,642.3396965969065,2435.1241632836472,3086.453510904169,555.5203538718882,2654.7322370165784,3075.0135904324425,0.08999999999991815,T,N
DCB_se2_ag1_f_01_1,13302,EH1,5071,center,648.9900553124962,1932.1539558714837,3008.158127380451,656.0397127237476,1972.2838136471648,3095.1799343078023,657.9657476416274,1985.1022774307053,3121.9527236427166,0.03999999999996362,S,N
DCB_se2_ag1_f_01_1,13304,ER0,5071,center,648.4678593083546,2040.9194695713918,3097.1502593926325,648.4402569886385,2036.6537125029643,3140.5450006519427,633.7687942039828,2126.002625566727,3200.7911518118917,0.029999999999972715,N,AE1
DCB_se2_ag1_f_01_1,13305,AE1,5072,and,713.3751355019411,2104.543118844605,3075.9824005789555,755.0963363522765,2212.5386249380117,3075.0715817486653,688.0634833567939,2215.857848334337,3077.794750784964,0.13000000000010914,ER0,N
DCB_se2_ag1_f_01_1,13308,IH1,5073,miss,560.71731977737,2126.7861232449063,3263.1947337492115,586.9497187939737,2084.016452145882,3078.539971935849,562.8931854544984,2126.447515400112,3259.6215155925192,0.08000000000015461,M,S
DCB_se2_ag1_f_01_1,13314,AH1,5077,was,621.1121685770546,1539.2177657628802,3212.4602443219605,627.4325089326164,1635.4417694226763,3326.282100871361,613.132206733202,1641.1109256888064,3274.9563093674683,0.049999999999954525,W,Z
DCB_se2_ag1_f_01_1,13318,IH1,5078,still,552.5198911100811,1905.9416851093201,3115.930838292173,563.0555939394745,1863.2774460673431,3166.8068599334956,520.300610578467,2026.4757277708202,3215.5133707941213,0.05999999999994543,T,L
DCB_se2_ag1_f_01_1,13321,ER1,5079,working,657.6653843023739,1510.588313017435,1832.963774232661,667.7003207764161,1365.5971161881153,2324.3856643791028,588.5154500108519,1626.7139696747215,2129.5563618004458,0.07999999999992724,W,K
DCB_se2_ag1_f_01_1,13323,IH0,5079,working,610.6117891381487,2618.7170631630333,3605.1876115213154,643.3429531186067,2681.6511923031558,3649.6599748953467,568.5498732081998,2693.087361069748,3171.8804594190365,0.10000000000013642,K,NG
DCB_se2_ag1_f_01_1,13326,IY1,5080,here,485.06673233422055,2061.3791062254822,2953.982303291579,578.3096526030266,2615.3820836824843,3211.4736743619183,501.92538787654314,2784.680908649235,3211.482398471301,0.11000000000012733,HH,R
DCB_se2_ag1_f_01_1,13330,OW1,5082,so,631.3860168907097,1692.1925914207668,3296.2179065634614,638.7514940028004,1760.6076157070142,3211.0701694077866,607.8722980099221,1805.4579634712509,3288.0792677939685,0.040000000000190994,S,DH
DCB_se2_ag1_f_01_1,13332,AE1,5083,that,712.2281282048527,1823.3805924424214,2760.328030125927,787.0054658199858,1733.0527573369877,3224.695980548322,705.5408756314723,2024.9830187353346,3122.1378448071,0.03999999999996362,DH,T
DCB_se2_ag1_f_01_1,13335,AH0,5084,was,459.9914223069647,1534.2630829824934,2998.4884243354823,644.4339741731173,1690.16930047501,3263.1108666307982,644.4339741731173,1690.16930047501,3263.1108666307982,0.03000000000020009,W,Z
DCB_se2_ag1_f_01_1,13339,AE1,5086,that,717.7026592465647,1900.6367057063935,2983.4092141395945,753.607854698929,1830.6317185826858,3174.2549711601414,720.8501571047287,1902.9940522896597,2994.5741861494853,0.029999999999972715,DH,T
DCB_se2_ag1_f_01_1,13342,AH0,5087,was,540.6921954634199,1535.0988062083245,3227.4363379543124,633.4145658258423,1543.279371116611,3249.6033154762426,626.6270412302517,1562.3519392241708,3236.8858522387955,0.029999999999972715,W,Z
DCB_se2_ag1_f_01_1,13345,AY1,5088,like,804.673790380653,1819.431766601329,2717.938903318398,810.7659503767735,1801.2561059012492,2637.3156136093617,777.6490880502404,1931.0363763871458,2880.8672337069074,0.029999999999972715,L,K
DCB_se2_ag1_f_01_1,13352,AY1,5092,five,1178.159125689778,1902.0437023568704,2494.320084669315,1182.6315815708099,1894.8914577153996,2459.133824015562,1084.7445942197103,2370.48078618624,2595.727680161994,0.20000000000004547,F,V
DCB_se2_ag1_f_01_1,13355,IH1,5093,years,559.5239607512915,634.9481831058489,2479.9343287741,856.1042670179776,2206.266397993737,2368.793990327727,505.01479664910346,2597.2086168720984,2935.9702239716703,0.14000000000010004,Y,R
DCB_se2_ag1_f_01_1,13358,AH0,5094,ago,437.6425107522033,1894.281724192973,2246.5692037431295,699.5368615581782,1967.0652343437805,2430.6132577880076,537.2881863057203,2084.4471374186214,2819.5385619759104,0.12000000000011823,Z,G
DCB_se2_ag1_f_01_1,13360,OW1,5094,ago,782.5468700311795,1603.4356791648681,3050.3070926288683,858.1940981900781,1664.4769227825188,3018.719384743025,687.0378529186681,1838.0368101122062,2867.2086321027186,0.15999999999985448,G,spn
DCB_se2_ag1_f_01_1,13364,AY1,5097,five,1136.5257528884777,1648.5158562218962,2151.287593652456,1156.4025108188687,1903.2781585681462,2102.16582309697,1118.4241170214011,2049.7149440298667,2082.1479749932896,0.1899999999998272,F,V
DCB_se2_ag1_f_01_1,13367,IH1,5098,years,460.5304765239783,1161.438660098847,2364.393992893811,544.5915250298502,1008.3205665798583,2253.4480525733675,398.71583004682475,2628.637167846381,3002.4262728569997,0.09999999999990905,Y,R
DCB_se2_ag1_f_01_1,13370,AH0,5099,ago,526.3411016860834,1509.4434219006844,2908.1818337460727,532.1039050993822,1550.702192778535,2908.664651038754,482.4030567283163,2194.033062568391,3044.5670009700975,0.049999999999954525,Z,G
DCB_se2_ag1_f_01_1,13372,OW1,5099,ago,669.0289535675745,1671.561810886789,2932.073878243213,720.4482973507377,1677.1312717521075,2626.049585862389,555.714982560839,2004.414683178294,2966.122796836213,0.13000000000010914,G,sp
DCB_se2_ag1_f_01_1,13377,EH1,5101,when,521.4073922827882,1563.4206963624804,2864.434935595323,551.7097797941269,1454.7918662654058,3083.8621631250994,521.9797369184228,1565.1595033206827,2937.0203296796876,0.03000000000020009,W,N
DCB_se2_ag1_f_01_1,13380,IH1,5102,miss,570.0875942041663,2056.1939955826497,3119.4383749259914,592.5037436013118,2148.6549805178506,3120.7154181184446,594.9950285634352,2163.925749798212,3122.7367596339905,0.05999999999994543,M,S
DCB_se2_ag1_f_01_1,13386,AH0,5106,was,444.37730199754134,1665.4176986405776,3227.1182371911113,464.01962862650623,1671.8619390847707,3247.0664659613694,436.50492541848416,1759.5903665271856,3047.132074320615,0.029999999999972715,W,Z
DCB_se2_ag1_f_01_1,13390,IH1,5107,still,630.19560518275,1904.8927446066693,3427.8647091290804,629.7483203064739,1909.4942796312316,3423.6599346612657,625.4152324379326,1936.32146552807,3391.650382095545,0.03999999999996362,T,L
DCB_se2_ag1_f_01_1,13393,ER1,5108,working,610.461006136857,1502.1580941040324,2115.2367470277295,635.9600070629274,1486.5913727630368,1633.2358468618625,613.8355297512761,1523.5983995964841,2005.6107148948186,0.07999999999992724,W,K
DCB_se2_ag1_f_01_1,13395,IH0,5108,working,467.4319441922063,2552.0409587372314,2669.445760352012,558.5563997567692,1619.2290106322682,2526.6494474820397,477.54374452620823,2558.505542061249,2650.527491423585,0.029999999999972715,K,NG
DCB_se2_ag1_f_01_1,13398,IY1,5109,he,479.85701715943907,2033.4596645803254,2790.4560570596045,588.9399734113583,1833.070325451474,2633.0157898913185,476.7969749789947,2265.0922943834357,2597.405561114126,0.06999999999993634,HH,
DCB_se2_ag1_f_01_1,13401,OW1,5111,so,493.05711449589535,1785.3610908675753,2964.722834872257,563.5510755045234,1760.998879487981,3148.963019548343,529.8426363452854,1814.505866093598,2938.1976035192747,0.029999999999972715,S,SH
DCB_se2_ag1_f_01_1,13403,IY1,5112,she,550.7617525043095,2550.6003286958153,3247.5404908991054,550.7179541239184,2556.162549921113,3249.426559387694,550.559277980438,2576.3137930797384,3256.2595534718753,0.060000000000172804,SH,K
DCB_se2_ag1_f_01_1,13405,EY1,5113,came,594.2171269996861,1916.9391486570516,2551.8693634012934,749.9224371918397,1474.3166845588607,2538.9419216962183,592.7158963519043,2526.354027313046,3574.0458056992143,0.12999999999988177,K,M
DCB_se2_ag1_f_01_1,13408,IH0,5114,to,533.072521971085,1818.7245712108856,3213.8953436483143,578.9733971538901,1127.58630123408,2676.3789595462345,528.8841988179778,2000.9903546672954,3169.415890321851,0.05999999999994543,T,M
DCB_se2_ag1_f_01_1,13410,IY1,5115,me,531.1350546788367,3033.0037247550194,3382.757818023077,551.256401300997,3183.8370546096166,3812.5116030706376,532.209266001879,3251.600568924897,3370.5309730594636,0.12000000000011823,M,W
DCB_se2_ag1_f_01_1,13412,IH0,5116,with,544.2374627734777,1545.562011994848,3068.9126545657987,598.9950029699185,1615.1169829646058,3386.308416093077,598.9950029699185,1615.1169829646058,3386.308416093077,0.029999999999972715,W,DH
DCB_se2_ag1_f_01_1,13414,AH0,5117,a,476.4662372888014,1530.5561360694112,3194.785189160173,628.98737598284,1697.9323909552463,3216.423571286877,620.6254245832637,1754.6956507489601,3174.0461720209273,0.11000000000012733,DH,B
DCB_se2_ag1_f_01_1,13416,IH1,5118,big,510.427067444256,2383.08044822027,3544.3499235931604,540.6526193093662,2272.8539285100223,3338.261309168772,516.8195742889243,2433.1341782922527,3365.668035982641,0.049999999999954525,B,G
DCB_se2_ag1_f_01_1,13418,OW1,5119,old,720.3983005994704,1372.3370046020746,3373.199733756378,730.5200156267047,1434.7995807135387,3361.230812571258,614.0242649535707,1587.8800543208768,3320.8676044964373,0.12000000000011823,G,L
DCB_se2_ag1_f_01_1,13423,AY1,5120,smile,917.0704191397733,1890.1205867273466,2963.1651047673863,995.8208532010151,1835.350162645052,3148.855234935381,972.7945233015525,1897.3895264642492,3220.546211564603,0.03999999999996362,M,L
DCB_se2_ag1_f_01_1,13428,AY1,5122,hi,970.3122817788064,1500.7726923396567,2679.376942387028,1022.7325226900418,1512.9627894833084,2824.195072558902,678.9420053967641,2817.663249903635,3299.6182916550197,0.30999999999994543,HH,sp
DCB_se2_ag1_f_01_1,13431,UW1,5124,who,476.6546079835348,742.9384482384004,2061.5852501819923,708.6402250364599,957.7632641714476,3283.112354837129,688.9294232434684,1048.080469064525,3193.3355666746334,0.10999999999989996,HH,AA1
DCB_se2_ag1_f_01_1,13432,AA1,5125,are,796.4804454783061,1159.9289013449572,2395.138845561141,911.0336249683052,959.6522563332675,2448.9567298960083,820.1907010694422,1224.5026834677535,2380.692933423837,0.12000000000011823,UW1,R
DCB_se2_ag1_f_01_1,13435,UW1,5126,you,548.9399454412636,1083.5748574132642,2853.908471415086,619.1402040706729,2810.4485090389144,3196.6076076793506,619.9561430179986,2844.8920139529423,3188.091522956114,0.08000000000015461,Y,sp
DCB_se2_ag1_f_01_1,13438,EH1,5128,welcome,814.6326280656584,1427.775101439751,3448.326414231642,835.0567033642349,1398.836674339538,2851.722603467855,825.1814968598767,1436.1330525475355,3365.018278418021,0.05999999999994543,W,L
DCB_se2_ag1_f_01_1,13441,AH0,5128,welcome,716.4690861456656,1644.431543142121,3493.016595081966,750.9868971457446,1523.8145827787246,3489.6676547318693,611.4559818512093,1792.2642793102334,2947.789944642253,0.07999999999992724,K,M
DCB_se2_ag1_f_01_1,13444,AE1,5130,and,555.3078192831238,2305.0079581199125,3080.1690599554186,583.0324037992624,2329.263680181668,3154.4965464485726,561.0539759705282,2419.363768515438,3216.307232462047,0.11000000000012733,sp,N
DCB_se2_ag1_f_01_1,13447,EH1,5131,then,617.6316759847608,2334.7670708993824,3205.589777268009,635.0988397237028,1659.9018325095067,2298.707195761395,581.0976228594352,2352.219618131265,3211.4209352542125,0.08999999999991815,DH,N
DCB_se2_ag1_f_01_1,13452,IY1,5133,she,509.2755399119856,2207.3681819165013,3000.426895812648,760.5733934442068,2099.9056561619846,2421.3744376139025,509.5121944981683,2305.153103499463,3213.6294174276572,0.049999999999954525,SH,S
DCB_se2_ag1_f_01_1,13455,AA1,5134,started,782.2689780619098,1689.3841815841977,2752.0861799004165,800.7869034630098,1724.467987989208,2763.7119812130427,755.69665185892,1760.4514363801818,2743.4962510470036,0.040000000000190994,T,R
DCB_se2_ag1_f_01_1,13458,AH0,5134,started,664.3723829516003,2092.4843038354047,3114.1492451796935,666.0899871402986,2100.3293150747227,3144.118487786385,665.7635251149022,2098.838227503269,3138.422286236952,0.029999999999972715,T,D
DCB_se2_ag1_f_01_1,13461,AO1,5135,talking,713.9574345483575,1185.0270661840052,3042.174034590034,716.0265565516048,1190.54492421563,3041.426010279377,685.5005879872677,1271.0302841488483,2930.766509614435,0.03000000000020009,T,K
DCB_se2_ag1_f_01_1,13463,IH0,5135,talking,533.7492976437096,1426.9898407409419,2850.687870120748,801.3690555834689,954.7715259102007,3122.9506246841675,555.303750303922,1625.1667405734006,2999.7570440682994,0.029999999999972715,K,NG
DCB_se2_ag1_f_01_1,13466,AH0,5136,to,574.997592706816,1835.5638822568953,2367.3058809250497,642.9741434753739,1767.4127187075353,3123.201987588957,591.8188164954888,1890.3303394461757,2731.6271579802997,0.049999999999954525,T,M
DCB_se2_ag1_f_01_1,13468,IY1,5137,me,549.16330090513,2578.59074313605,2774.2401976936717,647.6967350844168,1889.8553736560264,2762.679466197691,560.7614186848673,2705.4846033318086,2802.0738366037563,0.07999999999992724,M,AH0
DCB_se2_ag1_f_01_1,13469,AH0,5138,about,583.817415500962,1368.1471498569801,2916.009543033656,647.6967350844168,1889.8553736560264,2762.679466197691,647.6967350844168,1889.8553736560264,2762.679466197691,0.06999999999993634,IY1,B
DCB_se2_ag1_f_01_1,13471,AW1,5138,about,816.7880981778343,1413.1657587793127,2335.5351441108687,817.3383376380452,1405.7456284505051,2218.3684830405523,785.6768627771755,1560.4861715603781,1644.7216805799458,0.07999999999992724,B,T
DCB_se2_ag1_f_01_1,13474,AH1,5139,what,621.0898999966066,1283.9705764988792,3286.6698786826946,637.3007383249895,1293.7307437619868,3238.861632228198,630.1198984904871,1305.6812846635003,3268.0290179455274,0.029999999999972715,W,T
DCB_se2_ag1_f_01_1,13477,AH1,5140,what,606.5679236916399,1472.2595010229643,3242.798602833448,609.9563371495008,1553.1586875101018,3323.368885027966,587.3717315424833,1722.5394428569514,2817.7171472262517,0.029999999999972715,W,T
DCB_se2_ag1_f_01_1,13480,EY1,5141,they,543.7039427590803,2566.1156342171744,3254.236704181654,646.5073129223734,2319.9755454791134,3298.070233567758,518.0106634761521,2598.1199597584473,3066.816990436808,0.08000000000015461,DH,HH
DCB_se2_ag1_f_01_1,13482,AE1,5142,have,646.4544470566661,1379.9033635117562,2328.8031382348936,692.126007529306,1416.418914153152,2377.3713783736553,646.8943658236562,2159.104503249751,2672.5906560547955,0.15000000000009095,HH,V
DCB_se2_ag1_f_01_1,13485,EH1,5143,there,586.2729504475839,810.8562010241635,2421.244851817619,606.6514212661305,1886.3602649018758,2474.9011807228344,572.7320151241792,2256.7046153273204,3179.3008243753125,0.11000000000012733,DH,R
DCB_se2_ag1_f_01_1,13489,AH0,5145,and,585.2532364090462,2311.3136244169136,3198.663480291238,941.6274631006622,2215.9470308476352,3374.0367623894444,585.200308551592,2341.3373542726076,3266.5127938493774,0.03999999999996362,sil,N
DCB_se2_ag1_f_01_1,13492,EH1,5146,then,491.22191178311306,2107.7423368910327,3121.722842136039,516.5023395830915,2083.3755172313054,3026.4778367356785,489.40448598910183,2114.198261010829,3214.707572621745,0.03000000000020009,DH,N
DCB_se2_ag1_f_01_1,13495,EY1,5147,they,532.6350430238044,2621.6160138985806,2982.845160642984,656.36367412177,2397.6509028614573,3247.213386812561,516.463167010381,2667.257590658237,3057.8570998855444,0.08999999999991815,DH,T
DCB_se2_ag1_f_01_1,13497,UH1,5148,took,537.5990389159837,1846.896741331423,3355.2330277395886,630.0232094721836,1993.1680748362933,3121.151075225913,560.1495892032195,1998.4126591146467,3283.7529804437127,0.049999999999954525,T,K
DCB_se2_ag1_f_01_1,13500,IY1,5149,me,500.59381020333643,1679.9757821730861,2892.871506193124,638.2071958435239,1809.2203443765754,3231.8294174312,499.9597081315441,2519.474666527484,3729.0720717166555,0.049999999999954525,M,AO1
DCB_se2_ag1_f_01_1,13501,AO1,5150,on,642.9707810383995,1402.0946850344674,2626.0889164173773,647.5937777154227,1379.684755801842,2773.65520135271,635.5673690610716,1735.602697531812,3224.0882375793644,0.0500000000001819,IY1,N
DCB_se2_ag1_f_01_1,13504,AY1,5151,my,955.028684164409,1521.8183890048952,2264.587193678401,994.2258994560539,1538.013279474646,2580.7895193785907,801.6108560363621,1598.5505369702382,2384.7039557580833,0.10999999999989996,M,F
DCB_se2_ag1_f_01_1,13506,ER1,5152,first,633.6219761012595,1661.159252260566,1882.9809499760606,682.5776202359111,1399.1917485706347,1871.7488610092446,496.5422506558501,1918.6926352367673,2086.246716193357,0.08999999999991815,F,S
DCB_se2_ag1_f_01_1,13511,IH1,5153,trip,648.4720074613214,1703.6564859837208,2527.2886194002144,676.1276195300605,1913.0921537020831,2484.7840654622696,552.652995216836,1959.6107000500804,2514.8689196627633,0.09000000000014552,R,P
DCB_se2_ag1_f_01_1,13514,AY1,5154,like,852.8251958046129,1646.3602601164037,2951.411553059639,956.2567880839392,1582.0244203056143,2811.0487662551727,744.5837857813153,1801.2976005122543,2157.937059501607,0.08999999999991815,L,K
DCB_se2_ag1_f_01_1,13517,AH0,5156,a,697.2086893644267,1020.237268386199,3236.119298124325,888.0987000309391,1566.2878909780875,2445.4836825517755,820.5740366048736,1588.5853378595918,2788.991924462833,0.13999999999987267,sp,W
DCB_se2_ag1_f_01_1,13519,IY1,5157,week,535.3683347243568,2109.197128486486,2733.3186050092986,590.7060960859358,1600.132709514867,2699.355212419937,524.8676892991035,2192.5533716807986,2750.4839450681284,0.07999999999992724,W,K
DCB_se2_ag1_f_01_1,13522,EY1,5158,later,511.6662895536822,2415.5358372934847,2905.7778395242453,660.0368620409996,2072.1843226353553,3081.818270854285,553.1041971145485,2706.670919610548,2847.7295111412736,0.11999999999989086,L,T
DCB_se2_ag1_f_01_1,13524,ER0,5158,later,561.8315157571432,1705.7355737735281,2015.822227797715,616.0551795494634,2055.2159060643644,2285.9733908046574,613.8849868028416,2049.839171325962,2515.3143576790653,0.16999999999984539,T,sp
DCB_se2_ag1_f_01_1,13527,AO1,5160,for,602.6041795446939,1133.5447497592838,2596.8026606090584,645.9881520560153,1316.2255743276846,2685.5775304363224,645.9881520560153,1316.2255743276846,2685.5775304363224,0.029999999999972715,F,R
DCB_se2_ag1_f_01_1,13530,IY1,5161,keystone,551.9932123929983,2402.1073306714707,2953.012659712903,759.6326273935641,2184.766029300705,3161.18946876484,525.1985900194386,2671.2653315054217,3150.5546028881968,0.07999999999992724,K,S
DCB_se2_ag1_f_01_1,13533,OW2,5161,keystone,625.0781942687656,1241.264294390255,2169.6971614774134,688.7202096623398,1473.2996851137675,2960.725505257442,676.8070890857607,1681.887848379257,2990.446614606295,0.15999999999985448,T,N
DCB_se2_ag1_f_01_1,13536,AH0,5163,and,651.5459197477052,2173.400038045964,3383.8969143362333,706.5595206902399,1916.5742955673354,2937.8539181230926,652.5514638282258,2173.2886049051376,3386.5069799096323,0.040000000000190994,sp,N
DCB_se2_ag1_f_01_1,13538,AY1,5164,i,856.1200584855376,1599.302538832941,2919.5878810054533,902.5466365103753,1775.861667301413,2405.449913942375,899.6123752703242,1820.6753876290925,2164.92014024199,0.049999999999954525,N,W
DCB_se2_ag1_f_01_1,13540,AH1,5165,wasn't,605.7969155083243,1563.1295133683127,3325.1110069779425,607.1885195852384,1515.0920714070044,3304.5637701824726,562.0787485527236,1651.0529371648502,3386.182357836794,0.060000000000172804,W,Z
DCB_se2_ag1_f_01_1,13542,AH0,5165,wasn't,552.6499621348794,1603.729551004849,3332.609202202541,576.7389115949444,1650.7967395249034,3294.181534567713,570.6706469169111,1649.394320794616,3304.6534770012117,0.029999999999972715,Z,N
DCB_se2_ag1_f_01_1,13545,IY1,5166,even,531.9423275850444,2663.005919165318,2869.085821543451,551.7070689173174,2249.17409446098,2936.1435802276596,522.563975234424,2740.8970341814534,2866.6143730159124,0.029999999999972715,T,V
DCB_se2_ag1_f_01_1,13547,IH0,5166,even,602.262078242677,1460.8741225456656,3134.9749747535366,653.5556276331938,1469.8328813872963,3119.294523351793,613.0077231271167,1488.3491247088734,3164.065990063817,0.03000000000020009,V,N
DCB_se2_ag1_f_01_1,13550,OW1,5168,old,617.5937375195538,923.3508271667365,3368.378426334088,810.1970651478396,1644.4437366860868,3001.327706011267,790.2188482844213,1660.6075874434023,2918.2673097388874,0.14000000000010004,sp,L
DCB_se2_ag1_f_01_1,13553,IH0,5169,enough,538.5841917597513,1745.5531398080805,3283.408127107724,558.1133811393165,1798.3622794127486,3311.6818183643086,557.9160579177798,1800.9748688420357,3308.6400385010356,0.029999999999972715,D,N
DCB_se2_ag1_f_01_1,13555,AH1,5169,enough,680.1229289080424,1633.6514927015025,3353.4773965236554,751.6664089189095,1693.781383552524,3203.4482611637472,656.5310970286054,1807.2164508112246,3302.139816160177,0.07000000000016371,N,F
DCB_se2_ag1_f_01_1,13558,AH0,5170,to,440.36964165441344,1569.9899155480912,2946.0793842256094,498.0665382113588,1808.0862216032294,3296.9855196969984,471.615860382864,1869.0254818910607,3114.8198193118187,0.049999999999954525,T,B
DCB_se2_ag1_f_01_1,13560,IY1,5171,be,433.7474240840159,2521.996815657541,3290.2678799565765,490.81083154177674,2531.6368374090925,3474.5517438271863,465.00818660537044,2617.6362875393816,3019.6523550722154,0.06999999999993634,B,IH1
DCB_se2_ag1_f_01_1,13561,IH1,5172,in,508.3950260240747,2852.3137993480145,3307.6099652830035,511.4000715889956,2641.2081462994133,3384.42796057333,505.18375773690497,2893.45535428758,3792.277909721285,0.029999999999972715,IY1,N
DCB_se2_ag1_f_01_1,13564,IY1,5173,keystone,590.6114408262579,2337.264927122425,2912.4222603588014,601.732302252413,2301.3033586118545,2906.4600692898257,532.6781036236366,2751.339987788794,3358.56255101024,0.06999999999993634,K,S
DCB_se2_ag1_f_01_1,13567,OW2,5173,keystone,605.6477572746705,1299.0924054442557,3463.7934192935204,630.4757694413685,1617.5883564379105,2675.068086409213,616.9007374027149,1672.2495246532865,2652.9567152812533,0.10999999999989996,T,N
DCB_se2_ag1_f_01_1,13570,EH1,5174,yet,679.2481197851505,2108.8693328936124,3231.0678523303864,692.0028966353768,2075.8104593143885,3026.7967819085975,567.3326825774037,2454.600536364258,3021.5688881196543,0.13999999999987267,Y,T
DCB_se2_ag1_f_01_1,13573,AH1,5175,but,515.1890421860593,1438.8074460365185,3010.0806123996017,553.5489101718299,1740.1482087357106,3131.5222552649134,549.1777247221286,1735.436605977057,3132.439614512699,0.029999999999972715,B,T
DCB_se2_ag1_f_01_1,13576,EY1,5176,they,422.8691925034808,1755.8897798921844,2769.5611925071507,492.7921235150367,2044.403067559613,3122.9939944806733,485.3460410887467,2282.635609067186,3188.8491711139877,0.06999999999993634,DH,S
DCB_se2_ag1_f_01_1,13579,IH1,5177,still,555.1793446752481,1714.8625501652332,2844.573658691727,573.9798330867818,1515.2358099846288,2904.541847899098,560.2487426821343,2015.5431152084243,2775.273385980271,0.03999999999996362,T,L
DCB_se2_ag1_f_01_1,13582,UH1,5178,took,532.1826276749348,1528.3136530621998,3382.5657436325187,835.5867916797966,1745.6065384469657,3160.5717248578344,513.995567406109,1749.3503567330738,3150.3070878327094,0.06999999999993634,T,K
DCB_se2_ag1_f_01_1,13586,IY1,5180,me,529.8578225711027,2586.9752152686647,3068.3940079775734,605.150508372022,1670.1883192630971,2738.840113434626,537.0504161643447,2690.937948161551,3330.789613273496,0.03999999999996362,M,AO1
DCB_se2_ag1_f_01_1,13587,AO1,5181,on,661.1634217718228,1380.5136343497381,2601.0546833363765,662.3431661019167,1414.480566498521,2576.775357453471,605.150508372022,1670.1883192630971,2738.840113434626,0.05999999999994543,IY1,N
DCB_se2_ag1_f_01_1,13590,AH0,5182,the,422.7900468154715,1843.4007853241474,2216.363929035283,505.24686475867577,1812.342334901358,3089.298689593988,442.3837279744629,1876.6777653140766,2492.1451002314316,0.049999999999954525,DH,T
DCB_se2_ag1_f_01_1,13593,IH1,5183,trip,619.5691692774682,1871.546461081939,2298.0617638107497,660.2678453560487,1922.0990101187367,2232.7283597638834,656.0497335043175,2037.2163690124987,2243.129962939152,0.10000000000013642,R,P
DCB_se2_ag1_f_01_1,13598,AA1,5185,cause,530.288132737372,2106.296037636306,3068.0659338052496,662.9581048759977,2054.364741358433,2549.8288449959505,552.7674860904079,2154.2355449752895,3148.0024665643855,0.049999999999954525,K,Z
DCB_se2_ag1_f_01_1,13601,IY1,5186,she,538.2463040928144,2132.432405615061,2937.422406986261,541.1707680514323,2165.8930655758004,2837.0259956168993,528.5995300326897,2250.030781354404,2426.5296475971745,0.03999999999996362,SH,W
DCB_se2_ag1_f_01_1,13603,AH0,5187,was,516.0072550708867,1806.0056024399473,3083.8781496055267,543.1833647350363,1873.4448644579443,2890.987535291825,543.1833647350363,1873.4448644579443,2890.987535291825,0.03000000000020009,W,Z
DCB_se2_ag1_f_01_1,13606,AY1,5188,like,670.0149767577,2016.6202762003354,2425.7541210066506,680.4656734705383,1998.6980057454498,2370.9403314766287,572.351919504398,2209.715074061665,2743.356308682904,0.03999999999996362,L,K
DCB_se2_ag1_f_01_1,13609,UH1,5189,your,511.3236079267012,1912.583505148944,2584.5068515116845,616.4276164531626,1641.4354891249573,2763.935786146198,479.20229326318935,2343.593220162432,2541.9169724456065,0.040000000000190994,Y,R
DCB_se2_ag1_f_01_1,13612,AH0,5190,maturity,572.0644524545462,1816.031432575494,2270.506433003324,585.0570640670959,1686.718961394512,2558.163763707922,539.8785541276604,1972.2415159699085,3137.028241888227,0.06999999999993634,M,CH
DCB_se2_ag1_f_01_1,13614,UH1,5190,maturity,578.6549396643924,1363.3662117267468,2073.6858067043836,640.2631947249948,1353.2041610762678,2412.9215133524094,566.6911971445578,1744.755721926249,2710.6488590927192,0.03999999999996362,CH,R
DCB_se2_ag1_f_01_1,13616,AH0,5190,maturity,632.3891030011343,1620.6939718930046,2800.212940378197,648.8533656812391,1524.4747825149445,2900.989478503781,600.1650079706968,1692.9302440041256,3001.5441811498054,0.029999999999972715,R,T
DCB_se2_ag1_f_01_1,13618,IY0,5190,maturity,584.4615412724326,1883.345641749715,2586.9627962499544,583.1301917199038,1910.7154554190997,2567.58483400998,550.5278756208456,2276.232591600905,3109.4429476487626,0.07000000000016371,T,L
DCB_se2_ag1_f_01_1,13620,EH1,5191,level,702.9521127882862,1769.8399910863814,2388.5430801981634,734.1149862015875,1745.3254249647637,1769.9182190451056,707.5891577460021,1770.1896385517227,2214.180940046351,0.06999999999993634,L,V
DCB_se2_ag1_f_01_1,13622,AH0,5191,level,504.570301885922,1201.5337427441946,3044.6243261150103,537.3829561552564,1114.950615875492,2309.9096330603074,527.0313310472484,1321.0570546941663,1968.107119226433,0.029999999999972715,V,L
DCB_se2_ag1_f_01_1,13625,IH1,5193,is,606.79146934034,2111.1905318189274,3088.898364017379,969.4349426900117,2061.026913348219,3132.8307885233917,628.6988864167125,2334.7527169330574,3107.9514352444285,0.05999999999994543,sp,Z
DCB_se2_ag1_f_01_1,13628,IH1,5194,really,573.2026223578063,1711.104657078633,2784.1759279637677,573.987797701395,1708.2422288847706,2787.5340515054054,550.9439964370553,1733.0586529364882,2826.5535939618694,0.05999999999994543,R,L
DCB_se2_ag1_f_01_1,13630,IY0,5194,really,417.64351057245597,2377.3649653074017,2854.1413703698336,598.5110864438328,1963.6530910329948,3263.686483009751,413.87827910772523,2430.597918039656,2826.537374025673,0.09000000000014552,L,HH
DCB_se2_ag1_f_01_1,13632,AY1,5195,high,959.4006308978023,1620.1123745472376,2427.6848641344686,1031.460645818335,1277.6208173979114,1871.2890464363054,843.4378801158836,1809.9198672728035,3062.0402165868595,0.18000000000006366,HH,sp
DCB_se2_ag1_f_01_1,13635,OW1,5197,so,776.7643201365038,1819.1191647786347,2117.521063467434,886.7408158128737,2066.611379496976,2357.9609207072253,887.0123656098876,2069.6200989736253,2354.610485171507,0.18000000000006366,S,AY1
DCB_se2_ag1_f_01_1,13636,AY1,5198,i,777.8425492958493,1428.6665726630613,2487.774029933762,813.6925471504838,1532.0284629938465,2491.955105457343,731.5405987125005,1598.3470368187295,2317.0651585481487,0.06999999999993634,OW1,sp
DCB_se2_ag1_f_01_1,13639,EH1,5200,went,699.0422187157102,1635.463976131977,3105.633239981345,719.2590567772417,1420.5034865701073,2503.8454564252106,642.7324264731045,1895.3312285812883,3391.480639981606,0.03999999999996362,W,N
DCB_se2_ag1_f_01_1,13645,IY1,5202,we,545.7899790378078,2102.96714305155,2916.3687104182322,675.178145971377,1749.2390207770288,2947.629666429138,536.6992853455506,2239.0524578615127,2920.57164439941,0.08000000000015461,W,W
DCB_se2_ag1_f_01_1,13647,EH1,5203,went,652.9486864343961,1770.5458089515957,3215.127165607366,740.5302800447124,1183.197804056546,3125.6074619770384,646.5906349167445,2178.7421956598732,3192.398109109872,0.08000000000015461,W,N
DCB_se2_ag1_f_01_1,13652,UW1,5205,to,509.8490015550752,938.8776116036042,3054.3027718622734,644.5462939855839,1835.028569993202,3001.8732048121756,644.2696746693227,2750.348493141056,3117.325032584663,0.2599999999999909,T,sp
DCB_se2_ag1_f_01_1,13655,UW1,5207,do,561.3085215758616,920.6262462220751,3138.7619329355525,644.2663399671197,899.2880161954555,3160.321313427167,420.2283246065209,2032.814421841674,3184.5760729279477,0.17000000000007276,D,AH0
DCB_se2_ag1_f_01_1,13656,AH0,5208,a,635.4136513246124,1327.1216047210137,3167.778819385781,670.5650408430761,1396.2169082002433,3061.6726273142895,670.5703975657054,1396.2363438630412,3061.739507938138,0.08999999999991815,UW1,K
DCB_se2_ag1_f_01_1,13658,AH0,5209,community,619.7633306870872,1138.5145973789515,2624.254514224924,663.345376308482,1838.790190508845,2962.690425649497,659.5297343384315,1888.6256801381744,3019.3956575161883,0.060000000000172804,K,M
DCB_se2_ag1_f_01_1,13661,UW1,5209,community,559.1358217204246,1793.3577702642674,2854.945234131622,567.9427876815272,1773.0109883940781,2987.5102463323624,551.0166613264047,1830.4376670292909,2834.8208839075555,0.029999999999972715,Y,N
DCB_se2_ag1_f_01_1,13663,AH0,5209,community,579.6622476229351,1788.932044230878,2970.1189913935527,591.722052760074,1748.9990755868305,3030.557996832653,581.5747691735418,1815.6409089037465,2985.5853792750117,0.03999999999996362,N,T
DCB_se2_ag1_f_01_1,13665,IY0,5209,community,546.3100319888151,2383.8799217309265,2792.5881640367807,568.827648657503,2427.85423117236,2768.9216131510125,568.9344459180784,2428.066428585991,2768.5491205054695,0.060000000000172804,T,S
DCB_se2_ag1_f_01_1,13667,ER1,5210,service,658.7195174168801,1766.6044909285247,2148.4386122655606,742.4884361104936,1406.9663492548277,1958.940929953457,675.2113257812499,1863.6258116478389,2357.5291339176783,0.11000000000012733,S,V
DCB_se2_ag1_f_01_1,13669,AH0,5210,service,639.5385747318938,1608.7541004532457,2465.0724906419023,717.6759833959418,1942.7446957620223,2770.8821060723944,654.1309512480315,1933.8970555542953,2720.6949208290125,0.049999999999954525,V,S
DCB_se2_ag1_f_01_1,13673,AA1,5211,project,968.2191465500609,1586.8691572154748,2358.510198811501,1007.5599289173949,1894.8743293156788,2258.8922081595583,905.9113009904858,1977.741107410126,2615.86092067306,0.09999999999990905,R,JH
DCB_se2_ag1_f_01_1,13675,EH0,5211,project,799.3629196951148,2038.7619665942989,2752.350737132878,823.8423054357366,2030.80985923527,2532.1856536305677,749.2007374252584,2198.181137844055,3071.7140234231597,0.12999999999988177,JH,K
DCB_se2_ag1_f_01_1,13680,AH1,5213,uh,763.0307243779388,1600.3232364467212,3264.157356499263,898.8740006828148,1922.0003182874163,2952.4467131196247,898.8740006828148,1922.0003182874163,2952.4467131196247,0.20000000000004547,sil,AO1
DCB_se2_ag1_f_01_1,13681,AO1,5214,on,636.3429436271142,1227.0204630865292,1859.1529946657001,754.2510584787922,1671.0616737448847,3177.78901203274,667.4065412407392,1853.3777615428412,3491.4972211052427,0.16000000000008185,AH1,N
DCB_se2_ag1_f_01_1,13684,AH1,5215,the,619.0684110694469,1261.5353627983577,3069.6421716894424,651.9721766072703,1647.7636028264392,3074.6063968972285,651.9721766072703,1647.7636028264392,3074.6063968972285,0.060000000000172804,DH,sp
DCB_se2_ag1_f_01_1,13687,AE1,5217,national,647.4971668078477,2140.3012302788347,2439.430057420975,671.9808695601126,2135.0378014597786,2144.4612827673177,630.0858247260196,2231.0560730185775,3155.611035311692,0.09999999999990905,N,SH
DCB_se2_ag1_f_01_1,13689,AH0,5217,national,477.44196714126167,2188.6952687877415,2669.6200479395898,645.8842744933246,1857.757815363184,3143.35992205058,479.29094704030894,2188.225321538024,2699.8694109013113,0.029999999999972715,SH,N
DCB_se2_ag1_f_01_1,13691,AH0,5217,national,450.95694256413384,758.3608015536221,1967.998210836421,583.6121899522983,693.7383725084089,2142.307514599693,542.0377361213096,1649.531309060643,2936.306044367725,0.03999999999996362,N,L
DCB_se2_ag1_f_01_1,13694,AO1,5218,mall,625.6336799212576,948.9108822332203,1996.4617391865565,718.0113380466986,983.8286865058343,1594.8557367286296,613.5842260268399,1018.5190043238631,1904.2480112123249,0.13000000000010914,M,L
DCB_se2_ag1_f_01_1,13699,AH1,5220,yup,701.0470422735751,1801.7862102884915,3055.062848348252,736.0340333747938,1605.23982910208,3049.2353411137506,651.2347054058096,2003.5935846924326,3121.5695650283988,0.06999999999993634,Y,P
DCB_se2_ag1_f_01_1,13703,IY1,5222,we,464.43411807204336,2787.988599540993,3317.6754683342097,532.7450871198163,2589.452651585336,3296.0357471892107,480.37295437799327,2798.660118427016,3252.7832991513715,0.060000000000172804,W,D
DCB_se2_ag1_f_01_1,13705,IH1,5223,did,527.7933988349685,737.7723528234021,2720.5024713806483,533.1344073145638,1310.1637450399721,2476.6195872072108,514.6189630117802,2611.717387436254,3248.698365858339,0.13999999999987267,D,D
DCB_se2_ag1_f_01_1,13709,AE1,5225,yeah,586.1712042780393,1407.4928874536247,2599.5708571146793,657.2224038449392,1875.6298313296356,3101.0376535095543,576.8706577198232,2508.3986452195295,2939.7350872107013,0.049999999999954525,Y,sp
DCB_se2_ag1_f_01_1,13711,AY1,5227,i,929.275342497743,1575.0277370137399,2542.576786325181,930.5348019894469,1567.1726892007287,2576.366249856848,781.1927153089889,1783.6763490722183,2659.4262846786255,0.13000000000010914,sp,R
DCB_se2_ag1_f_01_1,13713,IH0,5228,remember,449.84291261509054,1467.2473600958474,2428.0768930117924,506.571890276606,1429.2682258158613,2475.5275605243864,454.34162422753815,1513.9781493439475,2323.776525438083,0.049999999999954525,R,M
DCB_se2_ag1_f_01_1,13715,EH1,5228,remember,565.6257938948163,1491.88531042512,2776.659583232293,571.942555941075,1498.7787851111857,2637.2540612345065,560.8482115696719,1524.8640712468084,2508.559567619159,0.03999999999996362,M,M
DCB_se2_ag1_f_01_1,13718,ER0,5228,remember,524.3214904251347,1605.3106586238346,2698.1103627665248,574.2280874657641,1670.2832260950224,2555.409575264563,577.3484185091014,1676.0319330861503,2602.337513146266,0.029999999999972715,B,DH
DCB_se2_ag1_f_01_1,13720,AH0,5229,that,612.1117780891425,1881.1578127321143,2800.2052277198704,628.9653896722428,2037.4960675417224,2918.9180154507494,618.7789171952022,2059.2181003089545,2939.6743037020656,0.049999999999954525,DH,T
DCB_se2_ag1_f_01_1,13730,AE1,5233,yeah,556.8122596738136,2387.363654798238,3082.334000273175,611.3792307476239,2422.3917702886147,3052.9159229713723,611.3792307476239,2422.3917702886147,3052.9159229713723,0.029999999999972715,Y,sp
DCB_se2_ag1_f_01_1,13734,AA1,5235,probably,997.1891929394139,1732.012092627734,2373.560840274674,1001.2252920518719,1737.9118753239911,2395.421055613828,999.0727262927278,1738.2574933749943,2343.070001907862,0.08999999999991815,R,B
DCB_se2_ag1_f_01_1,13737,IY0,5235,probably,410.9051988986605,648.1433640659858,2710.7047168082204,621.7671216658293,2288.3655876872976,3524.508185246833,576.0959858221796,2712.321540872512,3348.612318456641,0.07999999999992724,L,EY1
DCB_se2_ag1_f_01_1,13738,EY1,5236,a,608.1929270643466,1538.4807782048133,2555.230555504796,647.5225819508929,2535.037555870901,3306.5562841023043,647.3128427492699,2534.726871971983,3303.1550211534254,0.05999999999994543,IY0,sp
DCB_se2_ag1_f_01_1,13741,AY1,5238,like,781.2981010216612,1765.817284572151,2121.3380434182786,822.7559114193031,1608.194671387188,1942.7189329985738,597.5790811462523,2013.3901992330184,3526.4457528036537,0.049999999999954525,L,K
DCB_se2_ag1_f_01_1,13743,AH0,5239,a,700.8038067381393,1258.3051446136656,1500.4459166209056,727.8164895242603,1655.791208156415,2219.004740597565,695.1181865685692,1650.6131332681616,2548.449881231484,0.06999999999993634,K,M
DCB_se2_ag1_f_01_1,13745,AH1,5240,month,740.2675028180313,1393.8019062002788,2081.5035424103603,785.5037608874187,1336.8868785567347,2066.416526948112,686.4396226465118,1525.5143685474204,1543.5145490292962,0.15000000000009095,M,N
DCB_se2_ag1_f_01_1,13749,AE1,5242,after,1048.3669891430695,1916.5649373326917,2416.6240457154854,1061.4302950685326,1910.2758847982157,2399.9332044660755,850.4954798480769,2015.5149120497858,3167.19695621038,0.290000000000191,sp,F
DCB_se2_ag1_f_01_1,13752,ER0,5242,after,570.0994796653811,2000.135223170854,2346.833259093353,698.8989123008458,1975.6354450156844,3098.2889347405194,639.1026761073776,2097.2933488186054,2222.377148820538,0.029999999999972715,T,D
DCB_se2_ag1_f_01_1,13754,AH1,5243,w,547.4873508397884,1355.5716488633927,2174.0195411758523,610.0202088930619,1408.2629268038138,2145.9877065254564,583.8721512225869,1425.496252709867,2131.4896164042816,0.029999999999972715,D,B
DCB_se2_ag1_f_01_1,13756,AH0,5243,w,485.42250998129555,1255.0724957211646,2034.6002000483527,584.3481080905104,1286.9571623523323,2061.092098158787,538.9675993384236,1386.5416761735219,2725.2258996453106,0.029999999999972715,B,L
DCB_se2_ag1_f_01_1,13759,UW0,5243,w,419.02607619971684,1315.8420702931803,2293.0031151904163,430.0370017537346,1277.063415685261,2407.008020725843,415.8015658214966,1459.610961831785,2253.046928482361,0.029999999999972715,Y,L
DCB_se2_ag1_f_01_1,13761,AY1,5244,like,780.3588308139068,1683.496707631689,2198.9819600277697,841.4085539913112,1784.0453177108025,1866.8093163116691,637.7949698597512,2002.3007308926408,2738.8730544256437,0.03999999999996362,L,K
DCB_se2_ag1_f_01_1,13764,EH1,5245,when,718.0942907409205,1428.0182773095037,2396.9602112621383,791.5315245902159,1577.1028274030418,2310.2993742058293,790.0896389911914,1597.4720312162337,2348.672786245536,0.03999999999996362,W,N
DCB_se2_ag1_f_01_1,13766,AY1,5246,i,889.2370801429407,1630.8889538668666,2180.3136596294935,992.9216511126763,1682.962805384717,2316.816004801002,825.7669642416412,1854.4292060013365,2429.0175272477622,0.07999999999992724,N,S
DCB_se2_ag1_f_01_1,13769,AA1,5247,started,776.7263868438391,1352.1805625181105,3141.883461739006,854.9548423004854,1447.7794988476246,3015.183324816593,812.489735803204,1669.433633664541,2491.0688289531554,0.09999999999990905,T,R
DCB_se2_ag1_f_01_1,13772,AH0,5247,started,610.1138043676675,1500.0218688706598,2577.4356380552576,687.7480203136812,1850.6292755793556,2732.6399595295593,678.4438758017382,1897.4205360071621,2861.2870734506414,0.060000000000172804,T,D
DCB_se2_ag1_f_01_1,13775,IH1,5248,really,630.2080771429196,1815.5786091306675,2815.330019944826,635.8676913398202,1865.4660729987208,2931.248707364308,604.619216407464,1914.469954690458,2956.1850363416193,0.049999999999954525,R,L
DCB_se2_ag1_f_01_1,13777,IY0,5248,really,604.2821167791413,2975.4406281211095,3076.895649111883,630.5269279860087,2537.481988763713,2937.85793373533,596.5022998465415,2972.4505542349816,3059.9809623140454,0.08000000000015461,L,N
DCB_se2_ag1_f_01_1,13779,OW1,5249,knowing,577.7918376911821,1603.7377214085177,2151.3144603769274,768.9092752430433,1049.2619739663517,2390.3689923214047,620.9734950042027,1894.4277191762094,1995.3897585105196,0.14000000000010004,N,IH0
DCB_se2_ag1_f_01_1,13780,IH0,5249,knowing,685.1312995192978,1572.5041900004953,3309.5990550600773,761.6845267493879,1091.810478879069,2418.157854888111,618.3632124916853,1635.0348344674621,2485.6871294896787,0.07999999999992724,OW1,NG
DCB_se2_ag1_f_01_1,13783,IY1,5250,people,520.8427655337823,2847.6971570471105,3079.545265034272,570.0250027747678,2837.4267137479846,3275.42624276892,550.2052445804276,2895.724536512911,3090.361522316011,0.049999999999954525,P,P
DCB_se2_ag1_f_01_1,13785,AH0,5250,people,472.348376842051,977.6171103478877,2983.4597902390647,990.5749427183724,1822.5530164856339,2873.778069642534,990.5749427183724,1822.5530164856339,2873.778069642534,0.049999999999954525,P,L
DCB_se2_ag1_f_01_1,13788,AY1,5251,like,771.6835913071801,1750.620678955033,3286.682033650649,796.3354993723808,1541.5729739868796,3297.4101268325117,754.5208062383343,1783.4359803672585,3317.6039116470465,0.029999999999972715,L,K
DCB_se2_ag1_f_01_1,13791,EH1,5252,when,631.7843189936709,1460.96981995637,2570.2787613094606,632.0688086503797,1511.4265951696427,2603.8225738994843,598.41205802232,1547.795824668124,2436.9234911096733,0.03999999999996362,W,N
DCB_se2_ag1_f_01_1,13793,AY1,5253,i,767.3595766392644,1534.2344653287457,1993.3366111747273,962.4779008594389,1773.3275287980543,2185.1438376412366,962.4936533700618,1780.6984811783407,2011.4619232236812,0.07999999999992724,N,sp
DCB_se2_ag1_f_01_1,13796,IH1,5255,really,549.8629897745211,1710.6904041340138,2581.2887227181795,549.0329965569385,1697.0278862536727,2554.884714543304,520.0975424223765,1820.8434505231014,3003.673445432956,0.040000000000190994,R,L
DCB_se2_ag1_f_01_1,13798,IY0,5255,really,507.4052742406803,2239.3103514424474,3112.766983008401,521.0963988782801,2244.705038098646,3131.076166636668,402.4037033009669,2311.6469163194242,3037.743481090862,0.06999999999993634,L,S
DCB_se2_ag1_f_01_1,13801,AA1,5256,starting,752.8799575329047,1492.0495084876238,1852.5732713867994,808.7706943125779,1603.5354809502803,2018.9614951921023,653.1540357808269,1734.9328955686658,1841.690576453866,0.03999999999996362,T,R
DCB_se2_ag1_f_01_1,13804,IH0,5256,starting,600.1734790880398,1779.284241916165,2820.322976657518,661.0439198434846,1811.7517771337264,2439.926123266736,584.9553966122006,1817.3345238787417,2867.405496763075,0.029999999999972715,T,NG
DCB_se2_ag1_f_01_1,13807,AH0,5257,to,397.20198346986035,1714.630038595498,3058.6357822417967,583.0700139348969,2052.452029821155,3036.445354553515,581.3117341578521,2096.602504450487,3017.1405081131265,0.12000000000011823,T,G
DCB_se2_ag1_f_01_1,13809,IH1,5258,get,495.7370469831683,2154.748148026532,3076.3291937793147,552.9874894873834,2153.985947214085,2968.9386745943393,442.8972229994801,2253.187084686838,2974.2870331904037,0.029999999999972715,G,T
DCB_se2_ag1_f_01_1,13812,IH0,5259,to,531.280324629546,1971.9144397405926,3024.054030826749,530.6166561912881,1998.4919828142029,3005.4430638878075,513.7753469924398,2132.0559182707143,2938.72417901415,0.040000000000190994,T,N
DCB_se2_ag1_f_01_1,13814,OW1,5260,know,598.776893918749,1373.6599346854696,2544.0039797129866,633.7953447765454,1531.4474012435232,1766.5641137711616,609.1146573315694,1747.177109708797,2363.027393505439,0.07999999999992724,N,P
DCB_se2_ag1_f_01_1,13816,IY1,5261,people,551.9003042300084,2570.6689342847417,3027.7696667822147,551.4601985783784,2594.6703510687785,3005.038891134082,539.172610898112,2560.349991044781,3076.9635875254926,0.040000000000190994,P,P
DCB_se2_ag1_f_01_1,13818,AH0,5261,people,501.15521769177053,1930.1700335830658,2898.598865889526,534.7609851713358,1145.8177374835323,2822.7564210815713,510.9474780944247,1992.4711279442156,3118.9462519134117,0.029999999999972715,P,L
DCB_se2_ag1_f_01_1,13820,AH0,5262,and,623.8024872984942,1894.3646122079572,2989.634267387527,634.8866464046774,1975.6851029818986,3002.374211094595,620.5531598616253,2106.9803656288777,3012.5118659931354,0.03999999999996362,L,N
DCB_se2_ag1_f_01_1,13823,EH1,5263,then,589.271153743595,2048.9908673013297,2087.7389459846536,590.6757659448882,1982.3266983552446,2067.07980489238,561.0758839718446,2157.4629177686284,2373.3327454702985,0.03999999999996362,DH,N
DCB_se2_ag1_f_01_1,13825,AY1,5264,i,779.5943546453253,1761.510899852958,2556.0979245666804,784.0168882806952,1846.9856484628654,2558.942761899487,783.5417816433913,1849.3206475777404,2598.3754827079506,0.05999999999994543,N,S
DCB_se2_ag1_f_01_1,13828,AA1,5265,started,820.026904209947,1548.1418331975774,2128.6238163019734,823.1416488490609,1525.8080655159044,2116.069861528054,734.6545202284656,1684.9040387772543,2368.115928979958,0.029999999999972715,T,R
DCB_se2_ag1_f_01_1,13831,AH0,5265,started,589.5203118237495,1846.754026405677,2856.385744113013,598.7804750900449,1856.6539817574246,2729.541366371211,597.0496461991391,1857.4940664777237,2764.9080090501952,0.029999999999972715,T,D
DCB_se2_ag1_f_01_1,13834,IY1,5266,seeing,615.5620847717079,2140.151581636788,3060.959576397192,616.6054117322041,2150.685724353093,2884.2246151791965,594.1988672686628,2243.187412672758,3290.936169280888,0.049999999999954525,S,IH0
DCB_se2_ag1_f_01_1,13835,IH0,5266,seeing,595.2334014355469,1797.377839787313,2644.3983671931023,595.4886450548736,1735.5949188863497,2677.6706670525614,587.5878574441576,2146.748478270803,3017.349136659101,0.029999999999972715,IY1,NG
DCB_se2_ag1_f_01_1,13838,IY1,5267,people,554.3084666469884,2042.272404551143,2920.209513985758,564.5246489469228,2556.743174190595,3104.3466156890618,562.7923960980652,2545.4962441418656,3053.9065619377757,0.0500000000001819,P,P
DCB_se2_ag1_f_01_1,13840,AH0,5267,people,550.469870798157,722.5892371152049,2367.7437970777137,619.995840238753,1530.5208462633657,2498.364998944465,619.995840238753,1530.5208462633657,2498.364998944465,0.03999999999996362,P,L
DCB_se2_ag1_f_01_1,13842,AO1,5268,on,626.3073524137895,1115.3258670912958,2973.3311720385095,629.9293389807431,1076.8806552870515,2319.277684285197,597.6442220218578,1308.9933401333533,3151.824142408639,0.03999999999996362,L,N
DCB_se2_ag1_f_01_1,13845,AH0,5269,the,509.5247609697348,1287.5069119841205,2907.925109313029,686.0509237710054,1533.692376678886,3016.404720771675,674.062286535422,1631.170468505597,3012.57834887681,0.08999999999991815,DH,B
DCB_se2_ag1_f_01_1,13847,AH1,5270,bus,811.2444036636471,1636.15530594395,3120.703037682211,811.8091138038129,1631.3512188374323,3127.714752838673,658.7738944705037,1792.7376361572751,3258.3586110084207,0.16000000000008185,B,S
DCB_se2_ag1_f_01_1,13849,AH0,5271,and,626.224226423163,1846.387754568623,2090.663454810114,884.4122544942771,1942.0951731888122,3338.6117988007513,611.1574331127701,2037.9022949271366,2705.71280040895,0.060000000000172804,S,N
DCB_se2_ag1_f_01_1,13852,AH0,5272,the,541.0797929782808,1861.0808365291853,3133.922199903526,606.1305496990576,1949.2782254902784,3051.1737401508626,564.0331121241302,2036.8475836597217,3124.3915682053284,0.07999999999992724,DH,T
DCB_se2_ag1_f_01_1,13855,EY1,5273,train,614.7886209463885,1385.4090497517095,2460.7401800663765,657.6201450814642,1569.3122013526656,2187.5040141100426,623.5724148687957,2580.218805234893,3210.340978349532,0.15000000000009095,R,N
DCB_se2_ag1_f_01_1,13860,AY1,5275,like,631.7717674992136,1972.399579364293,3478.2499316306184,638.2417379721013,1907.7473709980818,3423.689055520717,625.5299309335135,2015.2996833957907,3506.445014503929,0.029999999999972715,L,K
DCB_se2_ag1_f_01_1,13862,AO1,5276,on,615.3835747729257,1164.63253550644,3420.747208597294,740.4195855813813,1350.9445339086958,3401.3639004660263,734.4030246176985,1358.2329033439264,3372.8436176761875,0.049999999999954525,K,N
DCB_se2_ag1_f_01_1,13865,AY1,5277,my,992.7192326105506,1436.2249470091438,2834.535170838743,1056.7207292626467,1543.3249699842434,2896.876224026758,1053.5186294309851,1541.6148585119386,2870.497816264798,0.08999999999991815,M,W
DCB_se2_ag1_f_01_1,13867,EY1,5278,way,582.9641232380868,2367.6487584338743,3153.359263645314,643.7752293343983,2392.730505842027,3132.9455304784437,634.7614710867618,2401.99637389449,3142.7228087019294,0.10000000000013642,W,T
DCB_se2_ag1_f_01_1,13869,UW1,5279,to,571.5022691912427,1259.3968749009032,3298.2776968518274,759.857381365085,1894.2230830464584,2981.14397065492,746.385836707058,1897.8889875717039,2988.129081091439,0.15000000000009095,T,AH0
DCB_se2_ag1_f_01_1,13870,AH0,5280,and,625.114320367039,1421.2406579194549,2371.902552669284,636.5611562629499,1346.1819856940615,2294.0118239562153,620.2263547273528,1432.841331330986,2396.7209768345324,0.029999999999972715,UW1,N
DCB_se2_ag1_f_01_1,13873,ER0,5281,from,630.7922304776941,1289.659661081709,2009.5566307419997,673.1774374805808,1356.3241648704673,1826.7795723752747,471.2475758543005,1526.394232303569,2300.8516444634015,0.11000000000012733,F,M
DCB_se2_ag1_f_01_1,13877,UW1,5282,school,497.42887603015856,1175.5928821060672,3243.614882277966,515.6450754768151,1276.559091565191,3183.006189327939,474.54987165675027,1325.7992914899762,2935.579926313454,0.08999999999991815,K,L
DCB_se2_ag1_f_01_1,13881,AH0,5284,and,704.5120752432993,1683.1581242433977,2706.2318284119315,1004.79616359907,2022.2471943549522,2936.0321942384226,570.6849441542148,2185.71586151739,3159.502963584693,0.06999999999993634,,N
DCB_se2_ag1_f_01_1,13884,EH1,5285,then,578.4720366607766,2198.9067482615787,3221.3296055527935,582.8422121188191,2181.3382770729454,3178.4150486476,574.489912293604,2204.7209588416745,3225.0699766068697,0.049999999999954525,DH,N
DCB_se2_ag1_f_01_1,13887,AY1,5286,like,859.4692424334509,1952.1109475612118,3305.7064442529477,955.2767844134509,1324.2910065045978,2330.370041910366,614.1418406531003,2174.003466685923,3023.85175689517,0.09000000000014552,L,K
DCB_se2_ag1_f_01_1,13890,IH1,5287,when,631.4760608167729,1801.8386487315033,3177.92737947235,659.7774536483462,1504.1099623982282,3197.2431843715217,586.3871451364134,1924.1621828953203,3283.9970042007203,0.03999999999996362,W,N
DCB_se2_ag1_f_01_1,13893,EY1,5288,they,497.5406621970588,2496.747198674136,3055.7653565029036,669.6154184455667,1732.7982669424346,3055.8594380149757,494.06070790632225,2518.4454715757415,3053.6441006121195,0.10999999999989996,DH,W
DCB_se2_ag1_f_01_1,13895,UH1,5289,would,471.88440651538974,1331.3010744357503,2939.1016138292484,475.1455011650983,1346.023880251442,2928.1922488149085,424.5943735003688,1578.319391975689,3047.0477590992023,0.029999999999972715,W,D
DCB_se2_ag1_f_01_1,13899,IY1,5290,speak,567.7709473723302,2831.653594154386,2873.7753627999464,577.4549805936547,2692.5547152391878,3222.6775174582754,572.7615877201335,2819.9675454868297,2903.361487034561,0.12000000000011823,P,K
DCB_se2_ag1_f_01_1,13902,IH0,5291,to,506.52718865513305,2030.8826803576483,2977.2359988422,517.7504049289026,1799.577747410573,2901.174656518258,509.5875739661801,2073.6092553451476,3166.6746130944543,0.03999999999996362,T,M
DCB_se2_ag1_f_01_1,13904,IY1,5292,me,580.7302872469103,2514.9138994615846,3066.2753081752408,656.8950398474369,2094.961052269109,2249.620485557837,498.43811422237974,2679.4094619006833,2987.077170761973,0.06999999999993634,M,AY1
DCB_se2_ag1_f_01_1,13905,AY1,5293,i,867.4619785809449,1566.0897142447143,2487.8021235100837,922.0143877659809,1617.539730928091,2505.9455219347665,656.8950398474369,2094.961052269109,2249.620485557837,0.09999999999990905,IY1,W
DCB_se2_ag1_f_01_1,13907,AH0,5294,was,537.0977093508474,1710.5957225328555,2684.913416835577,599.7465564199732,1595.6463877927056,2267.865260013914,523.5360775781855,1747.4640819349304,2768.4024608122545,0.029999999999972715,W,Z
DCB_se2_ag1_f_01_1,13910,AY1,5295,like,757.7773906466746,1787.1924468208106,2531.7305823472348,783.6244929496693,1835.383625982059,2725.4832624101355,743.6081231344946,1931.6609522278745,2754.4348251216884,0.05999999999994543,L,K
DCB_se2_ag1_f_01_1,13913,OW1,5297,oh,594.2679719712703,1240.4690052047497,2542.1838145685615,798.4671362212497,1041.8318122627022,2234.4574337844947,583.705864656188,2108.3940980504844,3477.3997521483752,0.7300000000000182,sp,sp
DCB_se2_ag1_f_01_1,13917,EY1,5299,hey,583.9832149977387,2600.778164649592,2953.536709413327,731.5412480303,1354.575341140426,2490.8940399681237,570.5203840262806,2890.8201120054036,3328.7861221589865,0.5199999999999818,HH,sp
DCB_se2_ag1_f_01_1,13919,AY1,5301,i,950.7634842869155,1917.9853674660103,2541.6675411832666,1020.2351977923684,1831.750722943147,2503.2971751832692,995.2010565291679,1969.3464013436749,2590.2836720425676,0.13999999999987267,sp,R
DCB_se2_ag1_f_01_1,13921,IH0,5302,remember,603.244403993873,1315.6082088260544,2399.4530022736762,603.5001313212282,1318.1859282304138,2381.683496305334,549.1508626494343,1416.047445572074,2153.8105346912,0.029999999999972715,R,M
DCB_se2_ag1_f_01_1,13923,EH1,5302,remember,616.7209901626684,1753.7315477870816,1951.0502620726982,620.5482863983817,1709.9632982954897,2891.5143687234104,616.2818059034504,1754.2676545627246,1909.6361391718494,0.03999999999996362,M,M
DCB_se2_ag1_f_01_1,13926,ER0,5302,remember,570.9706211784238,2339.220518110143,3161.5240696633623,575.1163114109817,2241.0226193610274,3190.576737002085,533.7449147692123,2542.4962137453326,3195.9651808593353,0.03999999999996362,B,Y
DCB_se2_ag1_f_01_1,13928,UW1,5303,you,472.3384772008696,1339.7916560302904,2381.25977320678,523.7218530201164,2575.114920783718,3097.480013835527,508.09195437015313,2574.383248863528,3031.3814804644257,0.37000000000011823,Y,sp
DCB_se2_ag1_f_01_1,13932,UW1,5305,you,493.21489037627236,2396.0560594910307,2864.3857285410213,504.8836690704339,1674.6416782695403,2614.266363951244,488.30245119289407,2411.547833042736,2836.9817500291156,0.03999999999996362,Y,K
DCB_se2_ag1_f_01_1,13934,AH1,5306,coming,650.4361544488552,1468.4861998234094,2470.403851912648,660.9748210630859,1450.9365378600287,2613.598389992331,600.7768938983187,1803.0127946542743,2332.380074168091,0.03999999999996362,K,M
DCB_se2_ag1_f_01_1,13936,IH0,5306,coming,593.5961956928579,1661.8543870603137,2361.8477985298837,593.2238303000987,1663.7088762500703,2366.352642330084,573.8797018400576,1754.1363662044512,2471.3411102868863,0.029999999999972715,M,NG
DCB_se2_ag1_f_01_1,13939,IH0,5307,to,577.5640468244424,1671.9609370882201,2944.4996977439023,584.6691406380397,1733.5263696115285,3187.53365164127,573.2821682505784,1795.5713419018148,2387.713954802474,0.03999999999996362,T,DH
DCB_se2_ag1_f_01_1,13941,AH0,5308,the,543.1605920438789,1873.2118374712268,2850.2381398913176,551.1599787521841,1690.4105047657222,3041.9104119508074,541.320313192397,1914.2106762532298,3143.842414496563,0.049999999999954525,DH,K
DCB_se2_ag1_f_01_1,13944,AH1,5309,club,681.8346111634845,1714.450120197358,2658.573627537412,684.9838999846883,1714.271191333601,2730.3866796456414,677.0566810335944,1714.7215813613818,2549.622761209396,0.060000000000172804,L,B
DCB_se2_ag1_f_01_1,13947,AH0,5310,today,474.7785031270089,1470.0420805586205,2614.890578889937,521.66511777716,1621.8355187279533,3012.863120045972,521.66511777716,1621.8355187279533,3012.863120045972,0.029999999999972715,T,D
DCB_se2_ag1_f_01_1,13949,EY1,5310,today,578.6833327678806,1975.3001959562334,2511.961144361392,654.0338390607462,1883.5963104311872,2350.2602456051177,572.6354145426352,2349.615269766682,3163.6759435446875,0.11000000000012733,D,sp
DCB_se2_ag1_f_01_1,13952,AE1,5312,yeah,849.2227827588189,2152.35364864221,2878.158774112845,887.2810850567429,2165.3259122521295,2804.290807724947,792.9197249792435,2376.2817940742166,2968.5943814706025,0.08000000000015461,Y,AY1
DCB_se2_ag1_f_01_1,13953,AY1,5313,i'm,822.7800296250088,1584.0052375092278,2640.4608749398813,862.7409627496886,1812.1231904225726,2430.3393836712403,862.7409627496886,1812.1231904225726,2430.3393836712403,0.05999999999994543,AE1,M
DCB_se2_ag1_f_01_1,13956,AH1,5314,coming,697.2128568265838,1401.002143550941,2593.0296439736953,761.1180690305423,1653.1110611068343,3202.4488920047734,761.8783226572783,1678.2965648998056,3192.6050806960293,0.03999999999996362,K,M
DCB_se2_ag1_f_01_1,13958,IH0,5314,coming,636.1590868199464,1485.4158755905066,2875.808952083869,637.4863027787704,1497.0377383628372,2870.499773142549,618.5642661779642,1780.9289810863868,2038.6044877251475,0.029999999999972715,M,NG
DCB_se2_ag1_f_01_1,13961,UW1,5315,to,516.9213628932785,1786.0006819769396,2817.231827828705,616.9736928518831,1769.8859994162158,2784.4942680005083,465.9473930746692,1884.7162613015587,2932.0596787791724,0.03999999999996362,T,DH
DCB_se2_ag1_f_01_1,13963,AH0,5316,the,654.3182199697874,2125.646053158467,3308.6316286478054,818.8896976273952,1921.3802338036496,3369.8105277324253,655.5962554049229,2126.1404188376864,3311.8208669682044,0.049999999999954525,DH,sp
DCB_se2_ag1_f_01_1,13967,AH1,5318,club,675.3654611609852,1624.9987700463291,2870.160664678881,705.9745584205324,1629.2681400573,2859.3033288767865,649.4705314333763,1716.8020208038556,2871.925574447268,0.12000000000011823,L,B
DCB_se2_ag1_f_01_1,13970,AH0,5319,today,637.5583886375703,1828.6943295271406,2784.0427229609218,639.4689628296525,1845.4825466310058,2796.017835166774,588.0831605323932,1884.5497492180161,2799.6411650710775,0.05999999999994543,T,D
DCB_se2_ag1_f_01_1,13972,EY1,5319,today,627.4417909549948,2127.7170131967932,2582.9662859244195,801.6672288760332,2170.0751520038416,2455.881443566469,711.3353215423234,2232.627515012329,2255.891685144609,0.06999999999993634,D,spn
DCB_se2_ag1_f_01_1,13975,AY1,5321,right,701.7018450875897,1745.9954105847485,2628.7617495795744,983.1269999588995,2534.876084762886,2647.793232784197,944.2048304981802,2444.198635560224,2649.474857136964,0.029999999999972715,R,T
DCB_se2_ag1_f_01_1,13978,AY1,5322,right,487.95538958959236,2509.527108440919,2612.1543969525696,636.7732355882545,2569.502530491012,3218.932959808584,492.98796785089644,2532.106264631437,2615.8084011519572,0.03000000000020009,R,T
DCB_se2_ag1_f_01_1,13981,AH1,5323,yup,1219.4684782769941,1898.628499507762,3397.978352527601,1242.9334373129957,1933.593762800724,3294.682175507512,613.8247364780259,2014.1302148415555,2683.906970654901,0.14999999999986358,Y,P
DCB_se2_ag1_f_01_1,13985,AY1,5325,i,1271.7842806894275,1702.8684258950134,2399.3158470499166,1315.0063189443852,2017.8753880874476,2824.5235917390223,958.0806055429837,2357.158446482104,2904.2154440934455,0.22000000000002728,,S
DCB_se2_ag1_f_01_1,13987,IY1,5326,see,454.6738011635171,2026.6278648701693,2420.065285234535,705.3470508982479,2108.800950426742,2970.651752788915,408.24425730728393,2658.2160131406545,2950.378897895101,0.2400000000000091,S,Y
DCB_se2_ag1_f_01_1,13989,UW1,5327,you,703.740251486929,2244.441364378584,2246.7704284773254,708.4245917830712,2246.574513191554,2268.681296568654,709.3091180785193,2252.0270094595335,2254.7693597264797,0.029999999999972715,Y,DH
DCB_se2_ag1_f_01_1,13991,EH1,5328,there,669.9904212638917,2288.925515213064,2882.554735535989,705.0664739091756,2189.0392657726165,2868.0233218218054,614.8493246939407,2447.9283849392227,2463.778019081694,0.05999999999994543,DH,R
DCB_se2_ag1_f_01_1,13995,EY1,5330,later,622.0514499658697,2421.0903089575195,3101.830698014296,656.5798030498512,1949.7751127737436,2970.2271471457248,631.2719194014908,2478.101458704675,3106.1284133222903,0.05999999999994543,L,T
DCB_se2_ag1_f_01_1,13997,ER0,5330,later,642.613494881948,1667.6451510729564,2755.6889878694974,709.0397901531512,1565.6305163759507,2683.404388583308,626.3906098698134,1774.8524290355197,2848.039035033408,0.029999999999972715,T,AO1
DCB_se2_ag1_f_01_1,13998,AO1,5331,on,554.1451222027604,1028.6148131873447,2275.9684722959514,763.2222104002836,942.0792772424835,2776.091545727403,705.3174111052284,1532.7427032724881,2698.669008379242,0.2300000000000182,ER0,N
DCB_se2_ag1_f_01_1,14002,AO1,5333,four,628.8384882429195,972.159254294996,3026.5600769592543,640.5164458670589,998.7885693844827,3056.5939591946917,616.0667280605502,1092.3729727210114,3148.5106694943283,0.09999999999990905,F,R
DCB_se2_ag1_f_01_1,14004,AH0,5334,o'clock,669.8365798631048,1099.5217775844928,3264.7057870235117,687.228944539007,1097.9699074176067,3204.674806342488,575.8954590200696,1115.9041092671557,3224.0057728568568,0.029999999999972715,R,K
DCB_se2_ag1_f_01_1,14007,AA1,5334,o'clock,983.4746273008586,1578.6758239595156,2651.7645447439468,1052.6142562126356,1511.9870902027847,2828.141278291075,1011.9854922465734,1606.163773278359,2703.842739619254,0.10999999999989996,L,K
DCB_se2_ag1_f_01_1,14010,IY1,5335,see,534.8908386378066,2151.9742935066547,3191.9971195684757,555.2009878413265,2134.243489185655,2853.949343213707,538.3028108930353,2791.297485191105,3629.0257210361237,0.19000000000005457,S,Y
DCB_se2_ag1_f_01_1,14012,AA1,5336,ya,458.7191063740485,1866.0489783044688,2855.5110096447424,485.9704244822585,1775.591675006871,2820.2161495536247,432.6793103087491,2032.5275287733496,2834.244049646525,0.029999999999972715,Y,sp
DCB_se2_ag1_f_01_1,14018,IH1,5340,pretty,532.8315488567147,1957.7997827598524,2474.235092665411,579.5505554551651,1736.2822602045553,2205.0342102557147,519.3088424443623,2046.0575163535952,2516.6138109780745,0.029999999999972715,R,T
DCB_se2_ag1_f_01_1,14020,IY0,5340,pretty,503.8871930605475,1835.578577645823,2482.454863826114,521.9628647068317,2052.495489026703,2503.4572219823935,513.7043656375437,2117.199909563547,2497.533741284385,0.029999999999972715,T,M
DCB_se2_ag1_f_01_1,14022,AH1,5341,much,732.1137040759716,2000.78727928081,2219.1665963546166,860.5908814147414,1958.2344290807375,2245.11412870101,715.6541056400179,2107.743985473109,2646.1049601033724,0.08000000000015461,M,CH
DCB_se2_ag1_f_01_1,14025,EH1,5343,everybody,736.656062685036,2143.5197954442765,2559.81946949677,877.5077375109305,2279.9077918656876,2945.9008716455332,709.521967642842,2364.987137729333,2897.6213988945483,0.12000000000011823,sp,V
DCB_se2_ag1_f_01_1,14028,IY0,5343,everybody,505.42518322575717,2139.138467054179,2398.105107748502,533.6854625251481,2138.1145704123046,2418.548363836683,523.636734872836,2193.737330649444,2392.7625050066295,0.09000000000014552,R,B
DCB_se2_ag1_f_01_1,14030,AA2,5343,everybody,798.5940214729189,1938.6604399569624,2316.530100958544,860.863234436791,1578.9790197853097,2047.1137150349161,839.1207483336187,1938.0078182891345,2773.990379057245,0.11999999999989086,B,D
DCB_se2_ag1_f_01_1,14032,IY0,5343,everybody,492.3242512218159,2399.8803471376696,2788.6730310093917,504.15097627569867,2143.831644577686,2737.5187519586107,502.7329895256172,2534.0164785285506,2860.35461097904,0.07999999999992724,D,DH
DCB_se2_ag1_f_01_1,14034,AH0,5344,that,624.0210959224222,1806.0538995802383,2171.68994145905,634.9145114419019,1578.7994001283755,2107.542063191706,589.6232038500887,2061.2095170030043,2957.538274453637,0.06999999999993634,DH,T
DCB_se2_ag1_f_01_1,14039,IH1,5346,still,532.6299511795994,2038.4556568676637,2900.018682031204,576.359680420458,2085.7242243604087,2762.4280399652894,520.0791111521219,2106.315455380563,2824.238581048482,0.10000000000013642,T,L
DCB_se2_ag1_f_01_1,14042,IY1,5347,here,462.71928900071134,671.2756640283636,2501.1621733897246,512.9781485011094,2442.5843579448774,3111.3782673543183,463.7656590977911,2454.263491737511,2802.882010983076,0.06999999999993634,HH,R
DCB_se2_ag1_f_01_1,14046,AH1,5349,um,817.6164633648161,1611.7433463437858,3146.304998853613,1017.6223907846044,1965.6802274211423,2987.4160067969074,996.9139270064568,1945.241253711843,2989.7638959764186,0.2300000000000182,sil,M
DCB_se2_ag1_f_01_1,14050,AE1,5351,and,669.7693643226887,2319.658845764064,2923.349124317651,1142.2788185250274,2218.18071822638,3122.7546558533645,632.5133550017022,2413.4093655322563,2994.633113316753,0.09999999999990905,,N
DCB_se2_ag1_f_01_1,14052,IH1,5352,it,546.4929127122213,2076.9563970565832,3217.953121070955,553.8996381602711,2061.970648173595,3061.781675740798,542.773867976685,2081.4207926704203,3198.672395566768,0.06999999999993634,N,T
DCB_se2_ag1_f_01_1,14054,IH1,5353,it,565.2024840287384,2145.063602334395,3165.222712923984,571.4798168268303,2178.778116902326,3167.5863107547566,568.7576252391834,2188.0889925146516,3159.6271938180384,0.03999999999996362,T,T
DCB_se2_ag1_f_01_1,14058,AH1,5355,funny,896.9014910486453,1551.4540516046118,3230.006686874386,926.7770158394355,1617.2457465758657,2787.6367079151128,814.0720799261996,1819.6470004353496,3164.6375692438264,0.05999999999994543,F,N
DCB_se2_ag1_f_01_1,14060,IY0,5355,funny,514.9593757003578,1675.7251384773274,2687.892308481588,559.2755173383977,1737.1357515159011,2492.7390966240296,547.8255144098185,2592.0270314655118,2746.4957643462194,0.08000000000015461,N,B
DCB_se2_ag1_f_01_1,14062,IH0,5356,because,545.8372849389181,1275.4944399432966,2718.2046875617634,556.384962699335,1230.396726803415,2763.6511912652377,458.42959381843644,2288.2340944854745,2468.350902909155,0.05999999999994543,B,K
DCB_se2_ag1_f_01_1,14064,AH1,5356,because,668.2636424495164,1732.1595543109265,2167.2528768505963,682.3971060333768,1756.201352752789,1863.4611486999602,674.6208930377934,1782.3386657427955,1940.7029163279844,0.08000000000015461,K,Z
DCB_se2_ag1_f_01_1,14066,AY1,5357,i,1030.6586064665064,1805.1160660264616,2642.9471551781844,1033.0722986826859,1810.5540098321462,2658.7341887894117,902.367422727959,1888.5271950152278,2881.6322649968856,0.11999999999989086,Z,R
DCB_se2_ag1_f_01_1,14068,IH0,5358,remember,522.7336011259865,1401.9781387277935,2289.503599207266,562.2459558190062,1299.455663794159,2264.446476095484,519.7912093111892,1403.2233514855072,2301.474228151283,0.029999999999972715,R,M
DCB_se2_ag1_f_01_1,14070,EH1,5358,remember,661.8876805776291,1495.8105290110243,1727.0357715523687,671.9972351773872,1504.1364735974132,1788.0617733851545,671.5243678400118,1504.1762727339278,1773.2363243540585,0.03999999999996362,M,M
DCB_se2_ag1_f_01_1,14073,ER0,5358,remember,619.8973021378449,1537.0836769167602,3106.702237978421,677.0097318587787,1628.9491612638226,3052.9875597445625,677.0097318587787,1628.9491612638226,3052.9875597445625,0.05999999999994543,B,AH1
DCB_se2_ag1_f_01_1,14074,AH1,5359,um,775.431452900815,1582.6741626625912,3010.5568768465077,833.2846024476232,1671.248481000848,3217.0455108719,746.6505225921863,1739.0485876881994,3058.1123890513572,0.21000000000003638,ER0,M
DCB_se2_ag1_f_01_1,14077,IY1,5360,me,453.20163479790483,3033.4221478661702,4200.0104794525105,638.028970505528,2278.316098211449,3199.677283167591,413.77413741111087,3025.9310524788907,3846.998760452044,0.22000000000002728,M,AE1
DCB_se2_ag1_f_01_1,14078,AE1,5361,and,628.2577328153684,1680.4424231296202,2311.8116531124883,668.9635473680656,1141.708528432271,2462.6469867355945,631.834319967054,2375.437129093993,3220.9695203841848,0.08000000000015461,IY1,N
DCB_se2_ag1_f_01_1,14084,ER1,5364,girl,633.9660301968543,1677.7685268729958,2290.684846787551,643.0784824562792,1512.729471447579,2182.332962368834,629.0914842142078,1687.5364688892496,2468.8687392475126,0.049999999999954525,G,L
DCB_se2_ag1_f_01_1,14089,EH1,5367,well,601.2404888770267,1355.4252056796486,3303.388748540838,608.422198526582,1341.1049877642067,3352.8395223838365,594.2711956162971,1362.1737467219396,3324.3456407752656,0.029999999999972715,W,L
DCB_se2_ag1_f_01_1,14092,IY1,5368,we,507.3315932245426,2576.747128364182,2923.832136843004,583.4817294640675,2595.2159755295224,2700.754362334801,578.6599353885165,2573.0189631576054,2759.1080827669844,0.11000000000012733,W,W
DCB_se2_ag1_f_01_1,14094,IY1,5369,we,549.6610630727042,2659.0683659276906,3042.1030534483302,699.3308796482264,1641.6758306026973,3245.069623544969,540.0030957781757,2773.356032371534,3048.9169198360732,0.14000000000010004,W,AA1
DCB_se2_ag1_f_01_1,14095,AA1,5370,are,870.9356147596857,1562.2250989774068,1933.4663692303861,919.2987795637112,1556.388827794956,1775.369782468976,699.3308796482264,1641.6758306026973,3245.069623544969,0.10999999999989996,IY1,R
DCB_se2_ag1_f_01_1,14098,AY1,5371,like,846.7422251522139,1240.67323135893,1982.080427349658,970.93198031914,1714.005381312125,3060.053508779759,688.6213834555801,1998.1757178980483,2793.6912676853653,0.08999999999991815,L,K
DCB_se2_ag1_f_01_1,14101,AH0,5372,the,566.1245488293437,1777.5491340489828,3052.0805836698582,615.3283423282846,1882.665263677593,2418.849933011046,592.8399151818089,1913.1153709659209,2777.9976152891,0.12999999999988177,DH,K
DCB_se2_ag1_f_01_1,14104,OW1,5373,closest,618.0864965160798,1164.3607723217233,3401.5806830004994,644.6653440953846,1262.3780816834142,3373.0934003089505,638.5198537705987,1286.5180607451146,3302.974832882567,0.09000000000014552,L,S
DCB_se2_ag1_f_01_1,14106,AH0,5373,closest,538.8339153754546,1816.493492194013,3009.374962475431,539.518537253548,1823.535160586557,3000.750547041814,534.3202556400572,1838.6477013857275,2951.4879677873537,0.029999999999972715,S,S
DCB_se2_ag1_f_01_1,14110,AY1,5374,like,747.1103671908204,1855.2825230564058,2473.142661867417,778.3063169965371,1901.4782306527418,2650.9120802217544,777.8083057370181,1900.6766002376287,2648.870977270775,0.060000000000172804,L,K
DCB_se2_ag1_f_01_1,14113,IY1,5375,we,574.689284370482,2092.1300273487564,2837.24857226238,853.4155488518986,2010.3868191668296,2970.350208421517,544.2668029941544,2235.77483282867,2811.404909462677,0.060000000000172804,W,K
DCB_se2_ag1_f_01_1,14115,AO1,5376,call,693.7189301093433,1244.9869192683973,3140.2695860511626,721.0633194602174,1189.366270065625,3254.11452506986,694.5383681880705,1462.2926022077818,3338.3621457974514,0.07999999999992724,K,L
DCB_se2_ag1_f_01_1,14117,IY1,5377,each,525.820833242476,2369.6757609622628,2673.2885209027063,543.321130844018,2305.3965186794467,2962.8438875440615,543.2426459870125,2315.131607276081,2991.2748396337815,0.049999999999954525,L,CH
DCB_se2_ag1_f_01_1,14119,AH1,5378,other,704.2536269526291,1864.980319967544,3117.334142164068,730.8157720041071,1935.3050486990048,3161.3792031904827,731.6739699969996,1953.1920625673138,3177.910127057756,0.049999999999954525,CH,DH
DCB_se2_ag1_f_01_1,14121,ER0,5378,other,484.4203692185109,1946.7887499341562,3100.1916277631926,557.9957619226362,1938.9716059248606,3080.5696414309073,502.10477179146557,1969.3690852025961,3088.1352681634094,0.06999999999993634,DH,S
DCB_se2_ag1_f_01_1,14123,IH1,5379,sisters,543.333825240664,1842.4383058904943,1882.9590356044896,577.0473714099065,1816.4937468384298,2302.1381819607586,576.9384668937365,1813.2307367450394,2372.9964961568344,0.08000000000015461,S,S
DCB_se2_ag1_f_01_1,14126,ER0,5379,sisters,537.9128890965204,1697.675112662084,3105.3132508323283,547.2287878342602,1706.2956235792878,2821.732198809693,540.0409425922654,1713.3736441626322,2751.1892352307564,0.03999999999996362,T,Z
DCB_se2_ag1_f_01_1,14129,AW1,5380,now,687.7693230495215,1886.5433972719004,3080.5116067068593,738.089114879084,1733.686881090746,3227.472593675215,657.3518772472191,2023.58420025926,2695.679071140436,0.14999999999986358,N,sp
DCB_se2_ag1_f_01_1,14132,AH1,5382,but,614.465427166641,1429.0724749972383,3084.4417800601846,619.5668252922719,1431.1717805792136,3085.1074091095675,619.6822524730165,1435.2147548594883,3087.9903450548,0.029999999999972715,B,T
DCB_se2_ag1_f_01_1,14135,EH1,5383,when,566.1131287307094,1218.250591091244,3081.3634742151075,618.4926333167643,1016.8137138248916,2840.598452837854,569.4077241306838,1228.5113780834283,3103.4378295851725,0.029999999999972715,W,N
DCB_se2_ag1_f_01_1,14138,IY1,5384,we,565.0537931683815,2605.8596303837326,2896.370727746039,1319.0264879545634,2561.198410002964,3693.6573501230396,550.8101119193194,2617.1294512013606,2839.1724859125247,0.11000000000012733,W,F
DCB_se2_ag1_f_01_1,14140,ER1,5385,first,639.1141931335981,1768.3840856925137,2015.6516944865025,687.8360829824462,1441.491688907613,2033.8051665189312,576.9780267794912,2037.1665499053595,2303.5563578432475,0.07999999999992724,F,S
DCB_se2_ag1_f_01_1,14144,EH1,5386,when,648.9409846570768,1525.3970549944495,1831.4989198655196,656.6143184952945,1554.7272630767336,2076.8085208718817,656.181454901343,1553.527576737074,2088.082937498517,0.029999999999972715,W,N
DCB_se2_ag1_f_01_1,14146,AY1,5387,i,945.7475825113313,1629.292027359455,2426.1713160952168,994.5582722664635,1638.1528869040303,2508.519590434941,843.071960877508,1793.8155149319748,2538.0781128360504,0.13000000000010914,N,F
DCB_se2_ag1_f_01_1,14148,ER1,5388,first,628.7214801159703,1506.471211094262,1752.443366632937,659.235831438909,1386.5220800635002,1818.8896416066214,528.9836590169346,1665.7793742735373,2348.2438742120003,0.11000000000012733,F,S
DCB_se2_ag1_f_01_1,14153,AA1,5389,started,858.8975061097774,1639.7698316789358,2601.330107563658,907.0064932741129,1636.4516139616328,2479.7164703736794,791.2146681686103,1659.864323620177,2587.155912604324,0.0500000000001819,T,R
DCB_se2_ag1_f_01_1,14156,AH0,5389,started,594.9436969925105,2021.0379450287849,2997.92998853049,606.9439849074427,2007.8039397801977,3024.022181988179,473.6757420799953,2366.3996653362283,3103.1983529179465,0.029999999999972715,T,D
DCB_se2_ag1_f_01_1,14159,AH1,5390,coming,784.8981907306247,1554.2317750099287,2064.22956539551,810.083717438357,1561.5390063422612,1650.7447512306087,722.9071538548061,1773.0827268964956,3269.604217789761,0.03999999999996362,K,M
DCB_se2_ag1_f_01_1,14161,IH0,5390,coming,584.790685336072,1734.4745604005534,2165.509762004673,592.4288335069356,1941.4871335822995,2654.4009313493298,592.2230818409313,1935.7601795156952,2584.390680907747,0.029999999999972715,M,NG
DCB_se2_ag1_f_01_1,14164,AW1,5391,down,733.4318181528795,1574.920850757355,2231.170524387866,734.0087151067955,1618.0643993519238,2403.914789282884,651.8888415957731,2059.0229862814563,2956.540637489128,0.14999999999986358,D,N
DCB_se2_ag1_f_01_1,14167,IY1,5392,here,501.4153943491701,2552.65367459199,3026.364746360348,532.13761044893,2362.9212309939703,2925.4102567968903,507.6076990819862,2528.7828371556093,3019.376143509461,0.09000000000014552,HH,R
DCB_se2_ag1_f_01_1,14170,AY1,5394,i,914.8077131399851,1650.7915787501888,2778.9313819322847,1083.0883738601847,1948.964844326047,3092.3030620785576,832.7870537397379,2039.6252414392177,3129.9137449239533,0.13000000000010914,,R
DCB_se2_ag1_f_01_1,14172,IH0,5395,remember,853.9504935942401,1670.954054557022,3148.121404188346,890.8164570951228,1775.127929025105,3155.9244073759855,908.2913492715874,1875.4966282626326,3113.855614264689,0.029999999999972715,R,M
DCB_se2_ag1_f_01_1,14174,EH1,5395,remember,481.00122035659786,1275.1847197804377,2185.363602600236,486.757101023265,1248.2946438896363,2061.25103531186,465.37342220003916,1308.663184520358,2175.514081281189,0.029999999999972715,M,M
DCB_se2_ag1_f_01_1,14177,ER0,5395,remember,672.8964774247735,1938.1206542458597,3100.3197739428124,719.7022531383219,1851.341806339439,3053.4495822596864,688.0535073943582,1953.3667948687983,3114.4730581003478,0.03999999999996362,B,sp
DCB_se2_ag1_f_01_1,14179,EH1,5397,every,930.4204133322107,1071.7903493451076,2317.2518760335847,993.3623982424052,1546.1772601827342,2186.2682784771637,903.1032425878817,1960.4728543894225,2320.0007983844075,0.13000000000010914,sp,V
DCB_se2_ag1_f_01_1,14182,IY0,5397,every,510.1016065088343,2684.688057978774,2858.713631743633,550.3671745446312,2498.5984398793294,2807.2576689636626,505.3460737151841,2730.2128822081913,2788.553129355554,0.08000000000015461,R,D
DCB_se2_ag1_f_01_1,14184,EY1,5398,day,567.1072881173441,2598.7670999976417,2994.0156986356214,645.7384684346853,1737.1612371092717,2350.45833147739,436.26862115473244,2798.5363615149886,2911.7731882423964,0.25,D,sp
DCB_se2_ag1_f_01_1,14187,IY1,5400,we,498.77253190745364,1906.9505791291813,2876.434786072117,645.5131897533794,1506.1622786908988,2697.686746380909,499.7101093462437,2038.6694474900044,2925.3941478227835,0.07000000000016371,W,W
DCB_se2_ag1_f_01_1,14189,UH1,5401,would,498.3521590894525,1379.5717749802973,2883.546265911099,504.42744204155423,1327.3650632378522,2774.574295773984,473.906654363333,1567.4337872278384,2953.9030961925578,0.03999999999996362,W,D
DCB_se2_ag1_f_01_1,14192,IH1,5402,get,472.836764179042,2406.1250046280884,2897.3629371495663,518.8855463041492,2236.1234606415387,2942.0998207387283,482.08433977465086,2597.61127064081,2783.5560302644294,0.049999999999954525,G,T
DCB_se2_ag1_f_01_1,14194,IH0,5403,into,496.420827689099,2165.918416129143,2987.8127625501174,496.2770987939514,2166.935576096417,2986.330490384534,479.61591935921007,2184.464683539442,2942.408931216914,0.05999999999994543,T,N
DCB_se2_ag1_f_01_1,14197,UW1,5403,into,471.7511668611543,878.3820088133306,3104.8976503147337,674.8359903397945,1221.2748486474643,3105.7216000655476,655.9828772606144,1836.103811233084,2865.035898321938,0.14999999999986358,T,AH0
DCB_se2_ag1_f_01_1,14198,AH0,5404,a,813.3865042954479,1272.7896124755728,3035.3571984615787,882.7062117917155,1315.6988776739813,2806.571362355421,886.8376062614205,1370.1756649053575,2685.021216216898,0.060000000000172804,UW1,sp
DCB_se2_ag1_f_01_1,14200,AA1,5406,argument,1010.6444977682306,1378.6425290661746,2095.85313973955,1017.5169016664295,1158.5270114293335,2030.3982358527344,875.7790350120678,1501.4248888284706,1932.874691843281,0.14999999999986358,sp,R
DCB_se2_ag1_f_01_1,14204,AH0,5406,argument,462.4685725766735,1851.357228849596,2806.1075784792683,462.6133952889983,1849.610472428186,2805.930458642257,462.36713219680183,1946.0766861185728,2826.214586664926,0.05999999999994543,Y,M
DCB_se2_ag1_f_01_1,14206,AH0,5406,argument,567.8258684965665,2090.892384552976,3303.3089651322825,606.5587882572914,2177.449456225455,3270.530691254331,604.7570780199337,2175.0056778465787,3295.1010410165095,0.0500000000001819,M,N
DCB_se2_ag1_f_01_1,14211,EH1,5408,every,799.5533364261886,2004.1879514000907,2181.669569806532,891.605545178185,2109.207636205144,2422.6316273021325,856.6014620083668,2176.6020198815186,2648.046580957165,0.09999999999990905,sil,V
DCB_se2_ag1_f_01_1,14214,IY0,5408,every,530.4390116301286,2308.8165548660572,2725.667863884602,539.3327910430169,2115.8352744565636,2513.3583067367595,523.5632116988946,2332.6227347429335,2764.5630559629385,0.03999999999996362,R,S
DCB_se2_ag1_f_01_1,14216,IH1,5409,single,549.1218405121019,2070.0884992168144,3074.2646814796935,1094.9035452121036,2173.412757488789,3986.9600675902784,1094.9035452121036,2173.412757488789,3986.9600675902784,0.029999999999972715,S,NG
DCB_se2_ag1_f_01_1,14219,AH0,5409,single,480.78827450894687,1048.1760545400648,2341.930101850222,517.3357008418209,1255.4999468316091,2928.685174444173,502.1491231733281,1454.3772546829746,2923.7710200802826,0.029999999999972715,G,L
DCB_se2_ag1_f_01_1,14222,EY1,5410,day,543.9390849359955,2186.4296848616054,2917.544193357904,611.871816507007,2260.1382798833083,2946.7610148642343,592.4821536267275,2265.255132594763,2916.2508525262665,0.06999999999993634,D,sp
DCB_se2_ag1_f_01_1,14225,AY1,5412,like,626.8929953603249,2130.1832958648083,2994.7022720134128,647.9896424138489,2002.0300913593946,2923.2355214545937,553.7476439358354,2213.269874443252,2968.4107516685945,0.03000000000020009,L,K
DCB_se2_ag1_f_01_1,14228,IY1,5413,she,583.0459260374066,2246.4574724108857,2952.4047302557587,591.1271915234128,2293.5872191105054,2959.613306120978,590.7415200832826,2292.5684084786276,2956.291069141289,0.05999999999994543,SH,W
DCB_se2_ag1_f_01_1,14230,UH1,5414,would,518.542020022303,963.2030716759897,2953.4694732984744,626.5257168098354,1126.691819692935,2892.5633379442597,626.452372220204,1204.6218285213242,2875.6573663876948,0.03000000000020009,W,D
DCB_se2_ag1_f_01_1,14233,AO1,5415,walk,676.243146448006,911.5072851674821,3197.9502242877566,687.8027492927638,945.3775827978502,3156.537253050416,560.6453138478205,995.8072521350574,3226.509176901506,0.08999999999991815,W,K
DCB_se2_ag1_f_01_1,14235,IH0,5416,in,528.633389655371,1672.2610580228209,2523.838787145992,582.4463918426837,1600.6415897511072,2713.0733045376714,548.7607701510584,1682.573749715695,2538.478979506848,0.03000000000020009,K,N
DCB_se2_ag1_f_01_1,14238,AH0,5417,the,598.0903037944428,1815.403866432529,2659.879276048563,622.957314450995,1846.0257184691652,2653.11557900888,448.4980686318385,1857.166700853754,2786.3009451408625,0.05999999999994543,DH,D
DCB_se2_ag1_f_01_1,14240,AO1,5418,door,485.4226782523736,912.616479478086,2501.8677506450003,634.6858853285001,1008.7379861044384,2755.981719480162,484.09762968781155,1624.8242307088283,2728.7784498871547,0.13000000000010914,D,R
DCB_se2_ag1_f_01_1,14244,AE1,5420,and,619.2559862807914,2303.9242496513116,2557.909983953089,856.0729626811329,1613.051389930842,2579.9907205525624,597.9337211017996,2408.7016413595,3102.008498928642,0.10000000000013642,,N
DCB_se2_ag1_f_01_1,14247,AH1,5421,something,753.9136984506308,1564.182580189094,3262.1791246816247,772.4347668985004,1435.568300572734,2954.786474223231,656.4060110591531,1778.332110053525,2732.2915705812397,0.060000000000172804,S,M
DCB_se2_ag1_f_01_1,14250,IH0,5421,something,531.9637002154334,1827.2099884385607,2830.789657541708,616.4480909856769,1897.7131540249736,2929.4885594052134,527.3330430503817,1899.1172768065403,2875.4705837576666,0.03999999999996362,TH,NG
DCB_se2_ag1_f_01_1,14253,AE1,5422,that,779.2440447509215,1937.8125740042806,2996.556995457257,885.5604700243252,1737.6214824672325,2256.2044928917635,834.6956341607241,1962.0745816313174,2842.2394111799417,0.029999999999972715,DH,T
DCB_se2_ag1_f_01_1,14256,AE1,5423,happen,1028.375886088639,1646.7118419295632,2605.444488024028,1053.1930765396314,1392.0495118101153,2094.7279228332513,1074.3091700956122,1823.9886131818948,2682.3268171132913,0.09999999999990905,HH,P
DCB_se2_ag1_f_01_1,14258,AH0,5423,happen,649.0964516201009,2031.231419686661,2530.625179681436,651.8224675650603,2036.037217951219,2516.129121391856,600.7778020135705,2157.2795571219563,2662.1229881591294,0.05999999999994543,P,N
DCB_se2_ag1_f_01_1,14262,AY1,5425,like,596.7749960619356,2212.8112785471617,2955.6384944596584,616.9592899688897,1695.773002139205,3219.850457989662,527.2043908220254,2429.7622118414856,2781.0023292649485,0.06999999999993634,L,K
DCB_se2_ag1_f_01_1,14265,IY1,5426,we,627.685276363301,2092.197588284864,2708.7181875887863,649.9226579196395,2093.22714333944,2722.4787868544104,641.811294059595,2098.7364019007537,2720.150428952527,0.03999999999996362,W,D
DCB_se2_ag1_f_01_1,14267,OW1,5427,don't,578.7830145513495,1486.1171095065545,2785.5335527693487,594.1859839852078,1528.1214942548318,2798.393050508406,594.1859839852078,1528.1214942548318,2798.393050508406,0.03999999999996362,D,N
DCB_se2_ag1_f_01_1,14269,IY1,5428,even,524.8057416389514,2488.8769353952557,2738.039444581746,527.7406375596166,2411.9366276676888,2874.056877839619,525.5275942322659,2536.908441925131,2828.506858522913,0.040000000000190994,N,V
DCB_se2_ag1_f_01_1,14271,IH0,5428,even,488.7408646660296,1645.9355908669938,2618.600245402562,492.70639356222983,1729.1809062100572,2507.5028633714387,488.3892316866084,1765.8196907411527,2408.17720693185,0.029999999999972715,V,N
DCB_se2_ag1_f_01_1,14274,OW1,5429,know,635.602529933295,1229.7552470310216,2792.0235727357685,690.2258784426458,1574.0048571323298,2756.814375489805,685.2587323566125,1611.3395396834167,2761.6214120794534,0.09000000000014552,N,W
DCB_se2_ag1_f_01_1,14276,AY1,5430,why,868.0797504376844,1645.8242929612543,2455.4686456146205,878.2233005671031,1692.2099285546958,2446.6411934137736,876.0029882996278,1704.3108057469074,2455.0714426567597,0.07999999999992724,W,W
DCB_se2_ag1_f_01_1,14278,ER0,5431,were,451.42682046212616,1516.9789439864878,2729.361938392165,748.7440234175817,1408.8736488347881,2635.88069848873,565.8228778630696,1957.2200555306854,2740.3301939414105,0.15999999999985448,W,AA1
DCB_se2_ag1_f_01_1,14279,AA1,5432,arguing,871.006462307595,1501.6937675929037,2696.083082572397,948.6020451918706,1574.9582173553117,2588.2995577510856,931.1649245344057,1654.8620066895332,2654.9939175833583,0.09000000000014552,ER0,R
DCB_se2_ag1_f_01_1,14283,UW0,5432,arguing,540.4850657789758,1570.7747181327225,2940.1994478265224,597.1321378459766,1574.9869697292952,2580.0706042459174,477.8483104817431,2039.0052701709699,2448.6565981138297,0.049999999999954525,Y,IH0
DCB_se2_ag1_f_01_1,14284,IH0,5432,arguing,575.3278185690448,1775.8123943288572,2169.8781725867893,616.8186446511561,2030.4739014678116,2451.592846389796,616.8186446511561,2030.4739014678116,2451.592846389796,0.029999999999972715,UW0,NG
DCB_se2_ag1_f_01_1,14287,AH0,5434,and,812.2785042594377,1911.8422259074073,3086.2864904217286,879.9938470331291,1958.2927573612014,2839.105610562735,879.9938470331291,1958.2927573612014,2839.105610562735,0.029999999999972715,,N
DCB_se2_ag1_f_01_1,14290,AE1,5435,that,690.4668748155951,2059.891267457344,2907.830079578351,700.2183762800356,2092.8112938458726,2873.8890809911586,700.4338884109811,2093.415397572101,2864.59267692614,0.029999999999972715,DH,T
DCB_se2_ag1_f_01_1,14294,AY1,5437,why,669.1798320165246,1493.1049099222607,2878.331072247825,676.7932912316722,1502.4301589246875,2889.198502992889,674.3656472891034,1504.5797379570145,2890.0361620306176,0.029999999999972715,W,W
DCB_se2_ag1_f_01_1,14296,IY1,5438,we,529.8990453335073,2175.620688807722,2889.884892899227,550.0541822067142,2399.070302611282,2910.3926131268718,550.2702295381646,2446.7161313635947,2907.2094294750823,0.029999999999972715,W,W
DCB_se2_ag1_f_01_1,14298,UH1,5439,would,455.9369349883055,2170.1003902260054,2907.924990016388,461.7328958691502,2253.5447877604774,2886.6474300749837,461.7328958691502,2253.5447877604774,2886.6474300749837,0.029999999999972715,W,D
DCB_se2_ag1_f_01_1,14301,EY1,5440,say,422.767510254645,2213.745940978124,2762.559071235928,618.4097666079945,2161.9670496880003,3028.662812587105,562.8841589340154,2395.22477149434,2764.2494816945364,0.10999999999989996,S,T
DCB_se2_ag1_f_01_1,14303,UW0,5441,today,474.4736371341211,2010.6023235935033,3091.72686835664,486.9412308387653,1997.9615790159464,3050.338083479117,466.71608303287627,2013.1230850693269,3166.4294806284456,0.029999999999972715,T,D
DCB_se2_ag1_f_01_1,14305,EY1,5441,today,609.6294534388185,2283.7200053161855,3083.7666574444543,630.86256087947,2152.2983298757235,3476.379964633609,616.3725242663099,2302.91322921329,3115.930293201121,0.11000000000012733,D,W
DCB_se2_ag1_f_01_1,14307,IY1,5442,we're,464.0296851582279,1290.0093928755534,2213.406825549687,547.7112383598327,1010.0266086450952,2372.0070323400755,462.2241801280981,1355.9761559016868,2319.087367157781,0.03999999999996362,W,R
DCB_se2_ag1_f_01_1,14310,AY1,5443,like,694.9411967751298,1456.9439742913858,1973.5860720810942,742.2405233319013,1861.035302573571,1865.131725925606,635.4706172004879,2091.6791615237453,3056.3593650650837,0.049999999999954525,L,K
DCB_se2_ag1_f_01_1,14313,AY1,5445,i,972.565405301996,1882.5020153548844,3085.8016272616283,1051.041956738929,1767.0999733400572,2903.4907906924236,824.8676321919894,1949.1706206115603,3243.913164582365,0.06999999999993634,sp,D
DCB_se2_ag1_f_01_1,14315,OW1,5446,don't,725.7111272195593,1669.6159228168904,1708.3497845329239,737.8063918588729,1340.8633995549108,1757.3153860395296,724.732631634434,1686.230619760095,1708.9169870952442,0.049999999999954525,D,N
DCB_se2_ag1_f_01_1,14317,IY1,5447,even,653.5217040388496,2489.7079036244186,3138.5371982507363,668.2810404636355,2260.2215644763605,2994.5477609541094,651.0489479238619,2492.4159235841607,3139.71306911686,0.03999999999996362,N,V
DCB_se2_ag1_f_01_1,14319,IH0,5447,even,627.5681472432162,1671.27259186963,2631.875182029022,628.1147635942912,1737.2260408784177,2929.6587232690154,619.335350119772,1806.6718936666757,3003.7656559451475,0.029999999999972715,V,N
DCB_se2_ag1_f_01_1,14322,OW1,5448,know,631.5350033153087,1194.890633693502,2656.2618757570576,713.9417632174057,1497.7233591274712,2939.317861854892,702.1237587388682,1570.8761498486526,3121.179713950835,0.08999999999991815,N,W
DCB_se2_ag1_f_01_1,14324,AY1,5449,why,934.051172796911,973.746882925832,1663.620984470947,1048.1897277640069,1815.4627110238334,2777.8314409935465,1048.078852222882,1815.533269852804,2779.708232293725,0.16000000000008185,W,W
DCB_se2_ag1_f_01_1,14326,ER1,5450,were,635.9123419395854,1146.2162264386618,2875.975013472568,655.7826219161199,1158.1412213507197,2769.7790891427717,646.5142716020744,1161.3627932609813,2886.999457600236,0.029999999999972715,W,AA1
DCB_se2_ag1_f_01_1,14327,AA1,5451,arguing,876.6345230257128,1384.4086430628442,2741.128260895004,885.5247022098528,1367.4435111516752,3036.687934230928,864.6690262342169,1573.5180712979438,2431.312330652296,0.2300000000000182,ER1,R
DCB_se2_ag1_f_01_1,14331,UW0,5451,arguing,536.9633724673886,1512.018223588664,2658.857256868085,540.3561328166821,1490.741272971391,2674.4217956416396,537.8366659426764,1829.5861688990278,2618.4517094977955,0.06999999999993634,Y,IH0
DCB_se2_ag1_f_01_1,14332,IH0,5451,arguing,542.9633362912673,1750.1599557705313,2532.583526529828,653.3930108856392,1767.7763713825532,2762.041062362115,545.8406913811701,1819.020988039492,2166.4818405276087,0.07999999999992724,UW0,NG
DCB_se2_ag1_f_01_1,14335,AE1,5452,back,750.6741280601891,1862.7323137629332,2656.4683054184425,783.3340337667398,1820.2975856923438,2645.335285737475,591.4953877989553,1873.8399256552498,2629.1670514955667,0.08999999999991815,B,K
DCB_se2_ag1_f_01_1,14338,EH1,5453,then,544.7328454792884,2233.162470443728,2775.5368947064767,615.0579780326093,2197.2544278936994,2734.290921991274,541.855031917498,2238.1693802686514,2782.028122100169,0.03000000000020009,DH,N
DCB_se2_ag1_f_01_1,14343,AY1,5455,like,621.9918032705962,2340.331969623982,3026.373846006256,639.9120956952231,2174.1355186242386,2990.044965237741,490.85672854932403,2423.509167838743,2793.279895750026,0.03999999999996362,L,K
DCB_se2_ag1_f_01_1,14346,AY1,5456,why,940.562240594308,1666.2333400818557,2431.445267491195,972.0378840609064,1652.291625020359,2376.8564241059526,951.27942600198,1726.8288334339302,2621.060339724454,0.14999999999986358,W,W
DCB_se2_ag1_f_01_1,14348,ER1,5457,were,650.6619801030604,1683.101391952222,2121.540611690734,701.2983313544462,1689.6735462228864,2171.95005110121,595.6522789586633,1751.5202128535666,2142.772675417011,0.17000000000007276,W,sp
DCB_se2_ag1_f_01_1,14351,IY1,5459,we,489.7327138589536,2104.99289852414,2642.958438168932,783.4534036296021,1570.4173507254243,2790.09514118462,559.7470460638659,2611.32075822001,2756.7574146920306,0.15000000000009095,W,AA1
DCB_se2_ag1_f_01_1,14352,AA1,5460,arguing,869.3505042546561,1428.1528721862762,2174.908751647943,922.4802930375854,1233.9720808419236,2128.340335775242,843.1882766880257,1661.4910130960875,2522.6507988524045,0.09999999999990905,IY1,R
DCB_se2_ag1_f_01_1,14356,UW0,5460,arguing,474.4528134589222,1691.7303278941417,2556.459832636241,508.30429395026755,1784.6014777172556,2124.532323533009,494.38765642823336,1798.6737568168278,2132.981480768392,0.03000000000020009,Y,IH0
DCB_se2_ag1_f_01_1,14357,IH0,5460,arguing,542.7018537512581,1731.384600803203,2555.0549062693626,542.7219736336696,1732.3688740002685,2552.6251326028523,508.30429395026755,1784.6014777172556,2124.532323533009,0.029999999999972715,UW0,NG
DCB_se2_ag1_f_01_1,14360,AY1,5461,like,618.1088045214095,1954.6928036687054,2591.4502151060988,642.5203714738346,1767.0742346370694,2636.991607987791,531.0309717510039,2270.068853946917,2601.2727523137833,0.049999999999954525,L,K
DCB_se2_ag1_f_01_1,14363,IY1,5462,she,570.5905430906278,2169.8528421441692,2759.343737597111,572.8965060208998,2175.513236141272,2760.525629951382,571.914579356199,2277.7136985463467,2813.2086181638756,0.03999999999996362,SH,W
DCB_se2_ag1_f_01_1,14365,UH1,5463,would,583.1334683740835,1664.8553458473918,2697.5483265546964,641.2805843712525,1559.8205314026072,2767.8618774699207,522.4148228921158,2137.818420149131,2822.7882454879605,0.029999999999972715,W,D
DCB_se2_ag1_f_01_1,14368,AO1,5464,walk,638.8589295337889,1050.0422026127799,2978.0663585170055,639.9082278956955,1049.2456552303818,3037.301568255434,629.3714238800214,1074.9378988995586,2885.883653898597,0.11999999999989086,W,K
DCB_se2_ag1_f_01_1,14370,IH0,5465,in,602.3164487936314,1815.6610061383512,2854.3540618536986,638.564194149763,1742.543652908863,3012.8532468070275,601.1920138557123,1818.592926660206,2857.8636393458405,0.03999999999996362,K,N
DCB_se2_ag1_f_01_1,14373,AH0,5466,the,549.9078985505341,1831.175679567823,3275.8857805511107,597.5204910958852,1842.4274132421,3134.226382606856,587.627618810735,1866.5497622205291,3170.2460214662483,0.06999999999993634,DH,D
DCB_se2_ag1_f_01_1,14375,AO1,5467,door,465.8292109105753,837.5894656293506,2771.1283215584444,577.0803564427746,971.6343287374526,2685.489258839046,568.0704448924735,1522.6217408094783,2616.333966712819,0.14000000000010004,D,R
DCB_se2_ag1_f_01_1,14378,AE1,5469,and,686.8263403636809,2015.66242692943,2856.345110328233,1035.7396243949313,2096.3569508594705,3625.886067669314,661.9371850636497,2126.9216425671007,2686.684736770816,0.11000000000012733,,N
DCB_se2_ag1_f_01_1,14381,AY1,5470,like,772.827445134534,1661.6997536517736,2748.965404648391,791.0256298733902,1734.8356553678059,2822.1835616678068,707.3415423855055,2105.8991726545005,2738.855951716856,0.049999999999954525,L,K
DCB_se2_ag1_f_01_1,14384,EY1,5471,maybe,466.2147089152379,2596.916696739296,3061.9734569902216,595.9516873631529,2336.205195886475,2930.819942651099,526.9238109067356,2639.518047490249,3154.74726050685,0.09999999999990905,M,B
DCB_se2_ag1_f_01_1,14386,IY0,5471,maybe,428.6410416363503,2563.131112777862,3065.3570716861127,791.2270013408776,1934.6389946789914,3142.695375922304,435.1831694852735,2690.436533901747,3056.3843569319038,0.09000000000014552,B,AY1
DCB_se2_ag1_f_01_1,14387,AY1,5472,i,958.8954488421093,1531.187890063156,2765.4699927648426,1045.5359863671836,1677.2910314575743,2241.724153177303,791.2270013408776,1934.6389946789914,3142.695375922304,0.1799999999998363,IY0,spn
DCB_se2_ag1_f_01_1,14390,EY1,5474,say,454.7165640443326,2294.855021464551,2762.1090742654924,542.4217904521981,2258.101399355786,2673.1925365730367,515.1659841171308,2321.3086949863496,2807.0120545660093,0.05999999999994543,S,S
DCB_se2_ag1_f_01_1,14392,AH1,5475,something,687.6284565702765,1648.2831229249339,3054.791870621993,692.5126765174374,1693.1540335923262,2997.210958375327,640.9740645934446,1717.0039508851075,2330.7071090609843,0.07000000000016371,S,M
DCB_se2_ag1_f_01_1,14395,IH0,5475,something,497.9370486922239,1822.0432391810073,2891.64102060807,571.5167056245776,1813.9564323366585,2955.6739675756075,526.735139497522,1860.1498664707397,2952.5329088138224,0.029999999999972715,TH,NG
DCB_se2_ag1_f_01_1,14399,AA1,5476,smart,733.3651017109622,1365.5233068163034,1652.7586827093216,765.5504374977586,1332.3269734167643,1695.017172843558,742.8834194000285,1458.8233960902623,1726.1253979143478,0.049999999999954525,M,R
DCB_se2_ag1_f_01_1,14402,AO1,5477,or,597.0387014935546,1227.6386809021071,2399.4136575337056,647.7055973036664,1358.2703151467174,2477.9047401663615,647.7055973036664,1358.2703151467174,2477.9047401663615,0.029999999999972715,T,R
DCB_se2_ag1_f_01_1,14405,IY1,5478,she,461.2371345607638,1598.5111253083883,2877.28517033367,520.2834245701093,1991.5350321780986,2905.823016810313,520.2834245701093,1991.5350321780986,2905.823016810313,0.11000000000012733,SH,spn
DCB_se2_ag1_f_01_1,14408,EY1,5480,say,535.4737760500539,2133.1341258416896,2589.005843850041,600.9376232800025,1896.0960757681028,2673.715534735939,490.25239736183823,2153.4677930122934,2949.0969490220323,0.08000000000015461,S,S
DCB_se2_ag1_f_01_1,14410,AH1,5481,something,660.3542710568706,1557.1848038623498,2882.8657466775194,672.961784859307,1581.1118089079118,2804.729786295285,606.311890586349,1729.03195761357,2723.734840501538,0.03999999999996362,S,M
DCB_se2_ag1_f_01_1,14413,IH0,5481,something,472.4845057009851,1648.519438017976,2712.8133111140046,538.4652493667496,1721.8906873931478,2666.8374686508487,538.4652493667496,1721.8906873931478,2666.8374686508487,0.040000000000190994,TH,NG
DCB_se2_ag1_f_01_1,14417,AA1,5482,smart,603.2144195828096,1484.3186764413847,2061.6546790530874,664.6494661320834,1523.1777032658265,1959.5711867477173,664.6494661320834,1523.1777032658265,1959.5711867477173,0.040000000000190994,M,R
DCB_se2_ag1_f_01_1,14422,AE1,5484,and,687.1929026168017,2206.2029256809583,3265.0581605505495,841.6002388408818,1836.484487518476,3168.5775749793197,688.3323243713054,2207.631228485134,3309.3856516681526,0.07000000000016371,sil,N
DCB_se2_ag1_f_01_1,14425,IY1,5485,we,445.65366001768075,1591.205415449858,2395.2580528156495,464.21186417464435,1907.9568649789205,2448.4660734876707,462.7036258115229,1897.3627057692734,2485.8353755653056,0.03999999999996362,W,D
DCB_se2_ag1_f_01_1,14428,IH0,5487,just,467.84868304159045,1813.7155497883875,2886.172825725758,490.7842762770927,1830.4867878610562,2908.004685211672,489.20236165838827,1829.952204117597,2904.7951477536385,0.029999999999972715,JH,S
DCB_se2_ag1_f_01_1,14431,IY0,5488,be,476.0970320703556,1708.0517878156193,2575.1924441164238,489.4142665891992,2225.8948740508445,2566.988561503502,488.18559148564043,2244.79554126267,2578.258770709517,0.06999999999993634,B,G
DCB_se2_ag1_f_01_1,14433,OW1,5489,going,661.5068356395435,1186.7191376450724,1538.13256853109,685.4452090861927,923.0494689660135,2094.679787432638,625.9872998135614,1250.1869634478012,2992.2005884960836,0.12000000000011823,G,IH0
DCB_se2_ag1_f_01_1,14434,IH0,5489,going,653.7005446941914,940.671270690034,1599.3934934960978,680.4186464017007,1389.995666901593,3003.4656091615175,679.2310663199335,1393.5881670524027,3078.9036599897217,0.049999999999954525,OW1,NG
DCB_se2_ag1_f_01_1,14437,AE1,5490,back,866.8197686473125,1547.8369391973195,2472.5255378643574,903.179601081331,1579.1036591882937,2446.071691147706,896.6261523299355,1588.7242451456336,2441.9298694817453,0.049999999999954525,B,K
DCB_se2_ag1_f_01_1,14439,AH0,5491,and,732.3744523691526,1629.740020572488,2407.6849542726386,765.1561707042099,1578.246808047429,2459.5168080176586,736.1500366226206,1631.9754971550815,2357.8881490854283,0.029999999999972715,K,N
DCB_se2_ag1_f_01_1,14442,AO1,5492,forth,703.3962474213018,1605.7631030716793,2615.8757565589367,719.7326543691283,1563.105522332444,2495.8991526642512,686.5545599310004,1660.5934565391883,2662.3291678655723,0.029999999999972715,F,R
DCB_se2_ag1_f_01_1,14446,AY1,5494,i,862.9631492156807,1875.3415185094013,2788.9846129183106,854.2468109985591,1904.4827202370527,2670.401913924961,859.002932421821,1944.9242434608745,2962.010135604393,0.09999999999990905,sp,TH
DCB_se2_ag1_f_01_1,14448,IH1,5495,think,621.8570271282626,2097.4956581917845,2980.5975262804945,644.509663724947,2216.272788047915,2998.1012813094835,623.7085806966693,2449.5217298988405,2979.4411621568697,0.03000000000020009,TH,NG
DCB_se2_ag1_f_01_1,14453,UW1,5496,through,532.067474465582,1359.1532746757587,2687.562244530917,540.032411080633,1329.3324821053357,2703.460997624537,432.258273819135,1558.0739691074573,2782.051164029863,0.07000000000016371,R,K
DCB_se2_ag1_f_01_1,14455,IY1,5497,keystone,547.0711166548889,2681.895020692309,3092.291018547534,562.6167002711122,2104.705237757679,3115.750140429721,497.77971383061123,2827.1353699298843,3267.1638574021263,0.10000000000013642,K,S
DCB_se2_ag1_f_01_1,14458,OW2,5497,keystone,675.4489656991724,1312.8270036964188,2543.0020674411426,747.6723899225561,1513.5293414553348,2731.432108999947,679.7757378856799,1626.212289046522,2748.209885402449,0.12999999999988177,T,N
DCB_se2_ag1_f_01_1,14463,UW1,5499,through,523.1170116959789,1533.6906001417283,2636.7541589591647,561.0385299115128,1554.7734695416818,2618.805176438399,451.280623154134,1699.4855391698522,2627.364358190178,0.05999999999994543,R,K
DCB_se2_ag1_f_01_1,14465,IY1,5500,keystone,545.8528721744007,2228.1848281423427,2658.3947474565557,549.5480133621992,2245.615307519164,2652.318824817968,522.1008728629465,2405.830499715987,2599.9804294585297,0.07999999999992724,K,S
DCB_se2_ag1_f_01_1,14468,OW2,5500,keystone,661.3579797303897,1389.0380860863017,2271.76685474303,757.5637206203027,1574.342630727012,2834.004163203894,658.7245505931821,1673.852120822766,2662.435818350229,0.14000000000010004,T,N
DCB_se2_ag1_f_01_1,14471,IY1,5501,we,531.1454319268232,2498.6676736877826,2798.2210913736953,542.631646125347,2084.3778870766964,2775.3605492259762,458.47835826924927,2690.8744955343127,3197.6971174413893,0.06999999999993634,W,HH
DCB_se2_ag1_f_01_1,14473,AE1,5502,had,675.4568189139369,2154.681610318819,2549.3475362525123,711.2316064706837,2164.185259388388,2809.96577212001,694.0763549436257,2204.6929315614557,2833.2161386001976,0.05999999999994543,HH,D
DCB_se2_ag1_f_01_1,14476,AH0,5503,to,495.39201261971834,1719.480231572064,2818.200788295648,586.0799872526018,1766.9948245823273,2880.233902330352,457.46240433290797,1878.2436511861854,2976.82767846203,0.07000000000016371,T,B
DCB_se2_ag1_f_01_1,14478,IY1,5504,be,432.8290658913705,2445.1607679018625,2762.1456283100206,598.3809417502193,1997.7145876101938,2697.7755726697637,483.196910636048,2555.288268814566,2780.9310112387984,0.07999999999992724,B,ER0
DCB_se2_ag1_f_01_1,14479,ER0,5505,around,497.25393983412255,1461.244652873911,2484.106153765445,768.0932355595857,1578.1179435240183,2145.498725387986,585.3695257102194,1877.3387466697752,2683.3716531031023,0.10999999999989996,IY1,AW1
DCB_se2_ag1_f_01_1,14480,AW1,5505,around,845.4832054411069,1628.3653351110413,2373.5401155354193,848.5239089898964,1611.738799157299,2382.012627453468,844.3113414241691,1627.7898605814078,2440.3756017515652,0.11000000000012733,ER0,N
DCB_se2_ag1_f_01_1,14483,IY1,5506,each,478.1736906806019,2252.9795227335535,2619.178762445101,481.3692350525384,2216.769543550517,2816.78388842522,474.4671428222308,2284.272765024523,2659.423901227064,0.049999999999954525,D,CH
DCB_se2_ag1_f_01_1,14485,AH1,5507,other,659.2497791440211,1787.7016207169368,2892.9695898958225,666.3098040881343,1874.3001561205997,2182.7500162632823,666.3098040881343,1874.3001561205997,2182.7500162632823,0.05999999999994543,CH,DH
DCB_se2_ag1_f_01_1,14487,ER0,5507,other,639.2571207151116,1739.8360610220532,3066.7509312053962,726.5959940261873,1788.7366107475382,3230.5330053396947,726.5959940261873,1788.7366107475382,3230.5330053396947,0.0500000000001819,DH,AH0
DCB_se2_ag1_f_01_1,14488,AH0,5508,a,720.9168894036626,1743.2416102441214,2939.710119296172,737.5731700764226,1790.407692663598,3067.7632299457673,737.9535182828599,1805.1641083400734,3049.8945982231626,0.06999999999993634,ER0,L
DCB_se2_ag1_f_01_1,14490,AA1,5509,lot,904.9922150282404,1667.2261304179535,2328.0108985482602,911.3123789182398,1737.2030820283385,2313.814128822881,911.9503443053915,1744.5373275841412,2344.206746608041,0.08000000000015461,L,T
DCB_se2_ag1_f_01_1,14493,AO1,5510,more,555.2591090503527,792.9063151959429,2834.008212113301,694.4053093304228,793.542228268487,2664.7449881826333,673.1764335470659,1451.489545673464,3015.4774604768345,0.19000000000005457,M,R
DCB_se2_ag1_f_01_1,14496,AE1,5512,and,638.3211178035954,2111.4737209967416,2766.769754473459,729.3116729682745,1715.8965873413902,2664.960013920791,599.3237569617334,2280.4661745646004,2446.3742263132795,0.11000000000012733,sp,N
DCB_se2_ag1_f_01_1,14499,IY1,5513,we,554.5225281313492,2930.608130560093,2961.9717011407615,566.6204150181617,2506.804801656011,2924.6716341706183,555.7057710954433,2924.698747361157,2964.585619492659,0.10000000000013642,W,HH
DCB_se2_ag1_f_01_1,14501,AE1,5514,had,630.4172906203011,2303.780595469258,2735.158602912282,659.0242631751712,1983.7245333593826,2610.4044267517606,630.0325056213013,2302.8941072931693,2753.229902061324,0.049999999999954525,HH,D
DCB_se2_ag1_f_01_1,14504,AH0,5515,to,437.69479923516565,1800.7480318800772,2163.626368042443,464.1643679405022,2143.948902059767,2576.0908820708423,464.1643679405022,2143.948902059767,2576.0908820708423,0.029999999999972715,T,D
DCB_se2_ag1_f_01_1,14506,UW1,5516,do,489.56617947360706,1369.9146129093217,3050.3809725149204,529.5780268653998,1546.6500175299418,2984.2186673827596,459.34252609719977,2126.4886365982397,3049.7948580442608,0.13999999999987267,D,L
DCB_se2_ag1_f_01_1,14508,AY1,5517,like,711.5511054905731,1754.0507995301818,2822.3560009536805,779.0724118880158,1656.9229660075596,2734.2672472616537,682.2725783646915,1806.5349892582856,2800.6008589659214,0.06999999999993634,L,K
DCB_se2_ag1_f_01_1,14511,AO1,5518,more,563.6778813334763,870.83173414659,3329.619461923544,663.0668703744775,1100.7264001416188,3121.64489743565,617.9245204115537,1233.7162652806044,1923.2371259845954,0.09999999999990905,M,R
DCB_se2_ag1_f_01_1,14513,AH1,5519,um,786.2939951894339,1436.7023307404795,3106.600317825219,817.7372461304029,1396.9918962780175,3209.189223340671,779.2047714900914,1538.3982441117296,3472.5359880612837,0.14000000000010004,R,M
DCB_se2_ag1_f_01_1,14516,IY1,5520,leadership,524.1718459669211,2146.8931288610074,2726.121902830843,552.1166667015268,2216.706175204165,2723.180761035922,512.5811818789282,2587.482416442549,3202.3619187692657,0.07000000000016371,L,D
DCB_se2_ag1_f_01_1,14518,ER0,5520,leadership,471.8315624525952,2170.1381561560747,3152.7706691341846,479.8697978854736,2042.2560048217597,2896.1532810412773,471.7879158713187,2194.6825417027108,3194.4702924117864,0.05999999999994543,D,SH
DCB_se2_ag1_f_01_1,14520,IH2,5520,leadership,563.0589228400397,1932.2863696617567,3459.679386573417,571.3462706970611,1729.4779727977977,2739.5918641669846,565.9761442164627,1955.7602258865436,3479.57224975656,0.07000000000016371,SH,P
DCB_se2_ag1_f_01_1,14523,IH1,5521,building,501.623530722902,1599.8125697765413,2986.493878226253,565.8830353656365,1396.4270203273875,3144.911596923047,463.49471054288745,1643.0062326014252,2914.555775428332,0.05999999999994543,B,L
DCB_se2_ag1_f_01_1,14526,IH0,5521,building,565.976738869164,1147.654984127803,2022.0886248454624,597.6074375198496,1502.944047354118,2160.326657629831,597.6074375198496,1502.944047354118,2160.326657629831,0.03999999999996362,D,NG
DCB_se2_ag1_f_01_1,14529,IH1,5522,things,591.491838913559,2376.9510664973945,2923.4850818526174,594.5101222357322,2356.459794551536,2925.659858552021,591.2616962426137,2378.274940428738,2920.54502126676,0.07000000000016371,TH,NG
DCB_se2_ag1_f_01_1,14533,AH0,5524,and,636.6776369417477,1613.4329108068496,2515.644219801682,815.0270932322792,1926.8880796484943,3063.478248187185,815.0270932322792,1926.8880796484943,3063.478248187185,0.03000000000020009,sp,N
DCB_se2_ag1_f_01_1,14536,AO1,5525,more,570.3593190963201,1017.0296150777594,3444.7764681939902,617.9953170009209,1132.585090260877,3504.908990893161,605.9421689378551,1172.6847039640702,3470.205398893905,0.03999999999996362,M,R
DCB_se2_ag1_f_01_1,14539,IY1,5526,team,522.8224000906705,2353.756888067542,2634.437480679377,620.7946132726385,1897.899881969935,2662.571314911263,520.7177233375011,2364.1246255584056,2648.090489511118,0.08999999999991815,T,M
DCB_se2_ag1_f_01_1,14542,ER1,5527,work,520.9278706109294,1582.991749333908,2089.3316235964107,615.6291090009141,1619.36924408347,2148.64005123985,531.0406714729309,1835.4013427022535,2018.6538556403345,0.11999999999989086,W,K
DCB_se2_ag1_f_01_1,14545,IH1,5528,things,600.5062251508239,2247.4315595389457,2564.276507879142,602.242381331894,2222.480071863218,2735.3078190005695,599.2896310980985,2253.294015450404,2506.7483122679637,0.07000000000016371,TH,NG
DCB_se2_ag1_f_01_1,14550,OW1,5530,so,576.3095098137425,1175.5594815232453,3168.599802004188,630.265681678009,1653.6183750493115,3052.951058873862,588.8352584686959,1765.1877732238208,3146.319328512631,0.2400000000000091,S,sp
DCB_se2_ag1_f_01_1,14552,AY1,5532,i,659.8571388805677,1804.6461218715092,2637.1382458850208,705.3878227368808,1867.9877182379496,2889.539825168696,688.994348019889,1915.9833429969303,2946.865380241319,0.09999999999990905,sp,sp
DCB_se2_ag1_f_01_1,14554,AY1,5534,i,715.0878247970635,2033.2021599468844,2779.704105941883,738.3833658348875,1912.5308343608583,2814.168277363094,692.2096623333482,2090.2787636298685,2757.657963034574,0.05999999999994543,sp,TH
DCB_se2_ag1_f_01_1,14556,IH1,5535,think,537.6326592497143,2250.748252027118,3120.225587480807,549.8270097702098,2463.8574910295574,3015.40769716481,549.8270097702098,2463.8574910295574,3015.40769716481,0.0500000000001819,TH,NG
DCB_se2_ag1_f_01_1,14560,AY1,5536,like,689.6309357868815,1781.8731182825472,2820.737256130646,812.7388539462049,1596.3066863326771,2863.0812765212263,599.0063962065449,1935.504760773347,2635.3135563925166,0.05999999999994543,L,K
DCB_se2_ag1_f_01_1,14563,OW1,5537,going,593.0934264854266,1076.3988025557735,2740.5877212701585,674.6460944700094,1287.9758192989034,2830.209728410513,652.3958926112714,1576.7732779215742,1697.7107106194953,0.09000000000014552,G,IH0
DCB_se2_ag1_f_01_1,14564,IH0,5537,going,650.6030991129714,1332.4882864047222,2756.353417878277,672.5448030172282,1291.4040714762095,2829.1866792030096,638.2634337118247,1437.0411934596161,3202.0291099821393,0.029999999999972715,OW1,NG
DCB_se2_ag1_f_01_1,14568,UW1,5538,through,429.18038798625247,1506.0746850208352,2708.4895594371983,443.8580597191286,1347.089771335912,2753.9158250119954,410.88534654512495,1713.3482350919394,2774.946499275045,0.0500000000001819,R,DH
DCB_se2_ag1_f_01_1,14570,AH0,5539,that,592.6805601130725,2043.0590049086375,2758.44051069601,593.1859748442284,2029.5216933698298,2769.859308366905,580.7628222256026,2065.240228008953,2899.7804676352666,0.049999999999954525,DH,T
DCB_se2_ag1_f_01_1,14573,AH0,5540,was,471.1485326955041,1821.4938317006504,2858.639157106585,513.7561586563291,1893.5617144996231,2953.7935888484812,513.7561586563291,1893.5617144996231,2953.7935888484812,0.029999999999972715,W,Z
DCB_se2_ag1_f_01_1,14576,AY1,5541,like,721.6058665903813,1950.168493859935,2845.6267928551783,788.1985226358021,1863.1263043315132,2550.5768463607524,629.8175600917297,2035.7170349079622,2844.961463606242,0.05999999999994543,L,K
DCB_se2_ag1_f_01_1,14581,IY1,5544,she,650.1645284414585,2915.518124305744,3733.3012053928223,650.0817824916035,2907.328943402723,3664.61589757448,649.2976258027684,2936.687499372765,3936.8615734498803,0.07999999999992724,SH,Z
DCB_se2_ag1_f_01_1,14583,AE1,5546,actually,907.4219642423412,2077.541747111618,2436.394726655136,989.4214318859874,2065.291589639408,2651.6968895441755,933.7257973136454,2116.4620761998585,2671.9766713701283,0.09999999999990905,Z,K
DCB_se2_ag1_f_01_1,14586,AH0,5546,actually,446.3837907621911,1837.325053718898,2724.3197461948935,716.7720097198423,1989.234898719796,2796.429094139244,647.2848887429584,2006.9436240070545,2852.726771264742,0.05999999999994543,SH,L
DCB_se2_ag1_f_01_1,14588,IY0,5546,actually,406.9244033290226,2239.025932888761,2646.098776620588,424.93383142103636,2286.243257543791,2899.1075912088177,422.72409744130545,2330.7278323357573,2846.2268651138147,0.05999999999994543,L,AH0
DCB_se2_ag1_f_01_1,14589,AH0,5547,a,485.89221023200884,1540.816102698643,2159.2551405067247,495.64334700700596,1316.3827166062697,2111.4721560713297,421.80259104886085,2369.923712289761,2710.041337298071,0.0500000000001819,IY0,K
DCB_se2_ag1_f_01_1,14591,UW1,5548,cool,437.54200349592907,853.6095639294616,2764.4958119056705,545.2417070343633,1014.6677831089273,2938.2451762966716,545.2417070343633,1014.6677831089273,2938.2451762966716,0.11000000000012733,K,L
DCB_se2_ag1_f_01_1,14594,ER1,5549,person,547.1199458841126,1553.2060004293953,1907.7287821377472,687.2662951376078,1468.1609738245877,2025.8840822153397,505.98460737430787,1876.3830886535582,2289.497712503878,0.10000000000013642,P,S
DCB_se2_ag1_f_01_1,14596,AH0,5549,person,521.9907204906051,1779.9239451112167,1791.0450087217923,545.3873071274546,1633.9531351878334,2644.384195306754,528.1144195123719,1903.6846615702227,2529.23786469305,0.049999999999954525,S,N
DCB_se2_ag1_f_01_1,14600,IY1,5551,we,644.2989693511374,1514.972680075254,2916.1516313917145,857.03761058896,1280.6385716483014,2986.4663673859045,585.0258120534829,1635.0331413247145,2860.496065721276,0.12999999999988177,W,spn
DCB_se2_ag1_f_01_1,14603,IY0,5553,be,424.9622758767659,2405.2785256969687,2888.7236279018334,459.45654624313283,2021.100033241452,2718.6340869156966,425.26168391905577,2442.726293264855,2878.7364739371556,0.049999999999954525,B,N
DCB_se2_ag1_f_01_1,14605,AY1,5554,nice,714.0171673222859,1876.9182621424175,2616.1428544652877,821.3336051834059,1762.801846867088,2249.0337688695868,573.6640830626973,2508.669849761259,3054.1557984041674,0.14000000000010004,N,S
DCB_se2_ag1_f_01_1,14609,UW1,5556,to,406.8590842761774,1414.100338890974,2872.333793686243,451.03759376215913,1732.9295768998227,2935.8652097957442,451.03759376215913,1732.9295768998227,2935.8652097957442,0.10999999999989996,T,IY1
DCB_se2_ag1_f_01_1,14610,IY1,5557,each,404.8751113495598,2251.89146189646,2943.2904273275226,421.20664964599547,1860.2583033108458,2817.654104127164,396.3293845451449,2341.9383155623104,2762.976554708205,0.08999999999991815,UW1,CH
DCB_se2_ag1_f_01_1,14612,AH1,5558,other,730.5608109042204,1757.289240290001,2810.0363783933567,730.0402898120387,1729.3988381911727,2780.182198865148,644.2186581008515,1784.0203129138677,2840.755175334218,0.08999999999991815,CH,DH
DCB_se2_ag1_f_01_1,14614,ER0,5558,other,519.9034356011791,1996.450498087825,2504.2771313189205,783.7045763301329,2051.1574110407078,2601.8520042152486,702.3991693002854,2186.5548746510563,2798.489327190209,0.1799999999998363,DH,
DCB_se2_ag1_f_01_1,14617,AY1,5560,type,758.4999512746783,1830.966486651707,2573.4426221671556,793.4235613744357,1794.4971644428915,2437.277251556177,718.7195498847288,1950.7177780885686,2624.8446582562583,0.05999999999994543,T,P
DCB_se2_ag1_f_01_1,14621,IH1,5562,thing,551.4228717143139,2107.839842075424,2394.754762906438,595.1341752828997,1986.0589879652994,2837.778363160812,586.088407726782,2151.6223516779824,2923.3130585440695,0.049999999999954525,TH,NG
DCB_se2_ag1_f_01_1,14627,IY1,5566,she,549.5288185364064,2351.73262149694,3487.0658123317776,671.8153340783174,2579.4541981508896,3374.218502505023,449.09844339130035,2552.013190524862,2933.2591850754,0.20000000000004547,SH,IH1
DCB_se2_ag1_f_01_1,14628,IH1,5567,is,661.2306845460334,2268.9154375567805,2533.055762620198,672.4790828278377,2232.937338155906,3020.1862569339655,550.423224454207,2389.8336410384377,3368.4653303083583,0.07999999999992724,IY1,Z
DCB_se2_ag1_f_01_1,14630,AH0,5568,a,530.5723784365874,1892.3366259578002,2916.0937803536713,571.565233110935,1886.3732131580412,2903.6234998362997,527.6464253198388,1903.214106096929,2922.9447775781478,0.09000000000014552,Z,G
DCB_se2_ag1_f_01_1,14633,AE1,5569,graduate,639.3268392208566,2034.2086005539563,2546.701472402257,667.0160913504477,1762.6879701186442,2382.2887761548013,595.0163205489528,2182.206865305544,2369.6665801959443,0.09999999999990905,R,JH
DCB_se2_ag1_f_01_1,14635,UW0,5569,graduate,555.646357377246,2325.177215756658,2928.8566236747947,563.076488575033,2492.6278085390913,2973.9618111794894,558.5149517217228,2515.800004798466,3062.995480226229,0.029999999999972715,JH,EY2
DCB_se2_ag1_f_01_1,14636,EY2,5569,graduate,581.8067796264049,2253.318663537549,2811.7598306345676,592.8756454352814,2247.2411807800386,2836.068560868028,578.0497358545781,2595.22924651206,2767.0261494966176,0.10999999999989996,UW0,T
DCB_se2_ag1_f_01_1,14641,IY1,5571,she,573.7425122017431,2327.057072929723,2659.974674720929,592.9689372738695,2350.3179681628803,2666.3829656301914,555.5822124281141,2524.102044264706,2639.964750571005,0.08999999999991815,SH,G
DCB_se2_ag1_f_01_1,14644,AE1,5572,graduate,680.4408698524213,1745.395909860956,2289.6670009247264,683.0281566461498,1737.0270147161846,2296.8394651915623,666.8465897227314,1899.9994248840653,2516.9851355798805,0.08999999999991815,R,JH
DCB_se2_ag1_f_01_1,14646,UW0,5572,graduate,473.00551647764394,1797.1854121844124,2688.9911467011643,520.6940476480297,1556.2727400089052,2650.2068745573533,483.15830155178696,2050.581524791639,2907.5643925320915,0.060000000000172804,JH,EY2
DCB_se2_ag1_f_01_1,14647,EY2,5572,graduate,507.78580241118027,2381.381441570132,2689.9038583007477,520.1880509400073,1563.287753210688,2580.1385052924225,497.5395449537176,2442.3058591340355,2579.651678454847,0.06999999999993634,UW0,T
DCB_se2_ag1_f_01_1,14650,IH1,5573,this,458.2231838024043,2162.9309948562313,3005.753273317601,539.7573458212604,2255.9655807554764,2973.054035152312,468.0910413524685,2314.196702502361,2912.0097705235053,0.13000000000010914,DH,S
DCB_se2_ag1_f_01_1,14653,IH1,5574,year,493.99774609558466,2240.788125548151,2929.6907869827232,546.8667227492589,2387.356554804277,2854.725939217799,521.8588010677875,2446.455269590631,2843.3726243924098,0.11000000000012733,Y,R
DCB_se2_ag1_f_01_1,14656,EH1,5576,every,890.0083688863682,2073.057324802035,2466.789346173404,927.1681978923314,2052.869446553738,2663.2019366105596,863.4299384419364,2110.141050154759,2198.905782686669,0.13999999999987267,,V
DCB_se2_ag1_f_01_1,14658,ER0,5576,every,552.9227188020818,1730.3574227181505,2350.992837381307,680.2270798941083,1751.7380809900787,2568.252601752003,503.5292852876467,1842.591420135279,2450.7689723012845,0.029999999999972715,V,IY0
DCB_se2_ag1_f_01_1,14659,IY0,5576,every,452.9158399828407,1843.8458792762144,2801.5618350730983,691.1155616285735,1801.4453928898895,2702.828398365156,469.27086231165714,2052.8725848722856,2585.256155176487,0.09999999999990905,ER0,sp
DCB_se2_ag1_f_01_1,14661,AO1,5578,all,934.9301010371122,1175.0576039988157,3263.860429470638,1084.1700677342,2027.7212463077774,3074.0109182677966,1083.5053160937314,2029.304980217449,3096.7340738366656,0.12999999999988177,sp,L
DCB_se2_ag1_f_01_1,14663,AH1,5579,of,714.0100276771985,1675.574465618777,3184.629691561686,727.5524359553041,1478.6588127542489,3311.924646546718,708.664660102941,1711.6368124495045,3221.1923659223726,0.029999999999972715,L,V
DCB_se2_ag1_f_01_1,14666,AY1,5580,my,837.8762965933284,1852.8862248431376,2536.2394516130366,986.4387673404311,1752.262968939067,2966.3095452452567,673.7897586907625,2008.4724928465275,2737.9170646381954,0.16000000000008185,M,sp
DCB_se2_ag1_f_01_1,14670,EH1,5582,friends,555.8960698617036,2027.778263858871,2823.3095255754874,606.0461727199046,2061.8188286586856,2578.0754795233643,560.2138795156363,2082.904305218523,2509.390268826768,0.029999999999972715,R,N
DCB_se2_ag1_f_01_1,14676,AE1,5584,graduated,653.3417787617843,2194.651137827509,2589.59105408499,765.6645066825143,1924.3380795500952,2311.9497515240864,645.0724636557604,2420.633897307405,2532.6884528364562,0.12000000000011823,R,JH
DCB_se2_ag1_f_01_1,14678,UW0,5584,graduated,542.2384825262803,1532.6438284385692,2660.2182413567803,553.1118308060107,1658.9543801857926,2809.6113989393853,551.9412523488477,1800.83769831659,2798.285768622148,0.06999999999993634,JH,EY2
DCB_se2_ag1_f_01_1,14679,EY2,5584,graduated,537.2276203401332,1908.7290922305808,2562.9676142884164,604.3947554272507,2042.5800054055833,2591.223151787581,604.3947554272507,2042.5800054055833,2591.223151787581,0.0500000000001819,UW0,T
DCB_se2_ag1_f_01_1,14681,IH0,5584,graduated,807.2731357744615,1615.06102940658,2654.9441241075006,838.9099504184966,1639.5971472419076,2739.1605066549646,729.4214222899544,1702.7923706999966,2667.3543829568325,0.029999999999972715,T,D
DCB_se2_ag1_f_01_1,14687,EH1,5587,yes,825.0095149469893,1980.2613645865385,2308.260270356958,825.3448260607762,1988.660341796116,2733.6165787724353,521.8329549418431,2608.826575096521,3283.7697118951855,0.20000000000004547,Y,S
DCB_se2_ag1_f_01_1,14690,AO1,5589,all,728.6879950649616,1213.2518879073305,3301.2978283168354,954.7161568491581,1917.4896925135042,3025.7180457586114,931.5178082463532,1916.285771437694,2982.6981576990042,0.11999999999989086,sp,L
DCB_se2_ag1_f_01_1,14692,AH1,5590,of,665.4740891206474,1599.4864182529127,3246.0719143568813,672.6587693774279,1607.3940719792317,3298.3890482779934,672.6531535803164,1609.5230444832073,3297.7321351119954,0.03999999999996362,L,V
DCB_se2_ag1_f_01_1,14695,AY1,5591,my,946.0780378438333,1725.9546398324962,2571.79580614031,1078.7025982484147,1724.337985294653,2652.9153018000193,1058.005615791574,1753.6773518265318,2682.9810867100678,0.14000000000010004,M,F
DCB_se2_ag1_f_01_1,14698,EH1,5592,friends,563.8619420190479,2040.1868822663446,2265.4594323879937,610.9371890244167,1779.2755094661302,2112.0130297989353,525.6084814998809,2135.918445304404,2336.1416188030094,0.11000000000012733,R,N
DCB_se2_ag1_f_01_1,14703,AE1,5593,graduated,687.3921410339806,2271.2346935843084,2626.953588126176,699.2189013017698,1935.7471591994038,2357.084299137521,681.4435918639405,2261.6900423859474,2604.413194947192,0.06999999999993634,R,JH
DCB_se2_ag1_f_01_1,14705,UW0,5593,graduated,583.3708936864701,1401.2421429574968,2642.4997193916215,601.8951273888183,1728.3231481310263,2733.862711794905,522.2671253751625,1776.6531834802545,2656.5548138861154,0.060000000000172804,JH,EY2
DCB_se2_ag1_f_01_1,14706,EY2,5593,graduated,619.8054915347051,2093.843031713387,2779.265800361403,619.1473702921576,2072.217284674325,2775.3336133057596,598.5181377070668,2178.478036280865,2720.1501728038857,0.05999999999994543,UW0,T
DCB_se2_ag1_f_01_1,14708,IH0,5593,graduated,493.23429491613103,2114.2223236461673,2532.423391523907,501.3961810064839,2055.247288978166,2978.101177805227,477.21530793722036,2151.0053111702723,2976.5261129910505,0.05999999999994543,T,D
DCB_se2_ag1_f_01_1,14711,IH1,5594,this,471.833148911192,2180.9491042046525,2671.474743248992,477.5351667740854,2169.4598519607684,2920.5563037920483,471.7993383044635,2180.931879137778,2669.6487808723055,0.07000000000016371,DH,S
DCB_se2_ag1_f_01_1,14714,IH1,5595,year,467.9934100847831,2402.0377501681182,3033.849809416952,531.0813429702027,2324.4187373774243,2920.305699540449,474.1348123969767,2463.339258656345,2837.2158964866258,0.049999999999954525,Y,R
DCB_se2_ag1_f_01_1,14717,AH0,5597,and,761.8546667974172,1931.0803554010777,3157.170616233003,979.226946197101,2149.6625635727005,3088.735314958744,927.973155055597,2316.85563999773,2786.52749298069,0.08999999999991815,,N
DCB_se2_ag1_f_01_1,14719,IH1,5598,it,554.3287519521784,1887.0223254505263,2861.710342151819,590.7987553772883,1825.9804625789607,2806.876983265503,565.1754476651851,1903.7009626132456,2865.8908367744716,0.03999999999996362,N,T
DCB_se2_ag1_f_01_1,14723,AH1,5600,gonna,529.7618724685003,1264.179718572092,3147.812198114589,621.6244319164548,1317.6877738292803,3175.415969148615,621.6244319164548,1317.6877738292803,3175.415969148615,0.049999999999954525,G,N
DCB_se2_ag1_f_01_1,14725,AH0,5600,gonna,702.7859897368811,1527.7026698569628,3111.595930171489,707.277060757415,1537.8479556264408,3151.3244159585593,707.1161486317417,1537.561479563678,3153.5153335501723,0.060000000000172804,N,sp
DCB_se2_ag1_f_01_1,14727,IH1,5602,it,787.8637512402535,1619.3775959534844,2840.837537639838,1014.8297616120178,1601.8122151056127,2658.1145131499266,570.9844318304431,2091.8420618234345,3076.8619638602927,0.07999999999992724,sp,T
DCB_se2_ag1_f_01_1,14731,AH1,5604,gonna,574.7121451786629,1306.1448272934886,2522.1893430854625,590.6048416298266,1270.114242373677,3183.735181243666,568.388592099944,1370.407019887256,3308.6948575154283,0.029999999999972715,G,N
DCB_se2_ag1_f_01_1,14733,AH0,5604,gonna,634.5303151859285,1106.7751261540056,2272.463284948188,724.7128384713811,1162.2411229568163,2440.369945109443,728.3354697461491,1167.7772382087612,2417.4774232355185,0.029999999999972715,N,B
DCB_se2_ag1_f_01_1,14735,IY1,5605,be,549.0594700815129,2434.771844890955,2734.6540893761503,729.0660318835315,2440.1953248693817,3077.7034207743463,665.4801409994625,2438.177083136849,3009.202017234361,0.05999999999994543,B,S
DCB_se2_ag1_f_01_1,14737,OW1,5606,so,644.4641941871272,1156.5584124752709,3095.4367423943763,675.1332808550305,1621.1655801574223,3009.7483842422344,651.0896165997251,1687.9163331829552,3066.929541732732,0.10999999999989996,S,HH
DCB_se2_ag1_f_01_1,14739,AA1,5607,hard,861.0355835880955,1320.3096330118171,3092.704768603109,900.7404511284557,1406.0485805224012,3167.2411358309832,899.2847158806719,1418.6357818495676,3164.27176089972,0.13000000000010914,HH,R
DCB_se2_ag1_f_01_1,14742,AY1,5608,i,1041.307094641007,1836.9473874916341,2501.534540846158,1047.4071571939355,1821.9360577953169,2041.1826672532377,747.7771060640557,1923.970694080374,2380.915151732343,0.11000000000012733,D,TH
DCB_se2_ag1_f_01_1,14744,IH1,5609,think,683.541167853652,2146.256073909196,3139.9463624711975,707.5420779306461,960.6317115803163,2398.320760734858,682.8673675202452,2162.780065348475,3143.749107275644,0.029999999999972715,TH,NG
DCB_se2_ag1_f_01_1,14747,AY1,5610,i,869.9079357930751,1457.4460789704276,2994.751322474118,934.6577385684488,1595.3215288740846,2931.2331533126644,889.1941180429949,1693.642552354811,2952.4112448149426,0.0500000000001819,K,M
DCB_se2_ag1_f_01_1,14749,AH0,5612,a,532.7989914244428,1526.980905633864,2751.855604943334,582.5164621256656,1441.1336083514502,2707.7066997443526,577.2371800836456,1628.5051151321745,2467.3108452704005,0.049999999999954525,M,S
DCB_se2_ag1_f_01_1,14752,IH1,5613,still,549.0758028260162,1774.651127665462,2952.42883304879,551.3724938820335,1665.9276088037068,2944.704901269972,539.0105344594153,1976.3795374541405,3107.4324403424694,0.029999999999972715,T,L
DCB_se2_ag1_f_01_1,14755,AH1,5614,come,895.6860962688964,1560.7421464810338,1786.4998189483442,897.3110681407405,1562.772368812335,2001.4481773414886,794.9707060685129,1592.2016054791127,3212.7053007909044,0.049999999999954525,K,M
DCB_se2_ag1_f_01_1,14758,AW1,5615,down,883.6297569546865,1672.0454631033642,2694.8236711523127,883.0802916721966,1673.0827226880663,2721.2265083866087,807.6263743352426,1793.5711061782633,2918.5092180825745,0.07999999999992724,D,N
DCB_se2_ag1_f_01_1,14761,IY1,5616,here,501.6589085163818,1480.1491684221835,2561.113388329448,509.60495564970876,1360.0864585586955,2425.6523980236693,504.08161621605467,1480.7409239475016,2504.950987304694,0.029999999999972715,HH,R
DCB_se2_ag1_f_01_1,14764,AW1,5617,now,728.305027102341,1309.6893384253913,1999.0929789729248,893.0027961387191,1507.0886228797885,2567.38279566248,729.278902023185,1595.1614987477105,2280.603852109493,0.19000000000005457,N,
DCB_se2_ag1_f_01_1,14766,AH1,5619,of,691.7814436156893,1499.3156085852104,2999.162122106399,900.4476205615631,1723.8940519038838,2707.923300283288,781.4326754175853,1930.58574983027,2399.5129103297063,0.10000000000013642,,V
DCB_se2_ag1_f_01_1,14769,AO1,5620,course,530.6589815417617,884.5549366410917,3134.0687017035502,853.244865540515,988.627079460894,2364.5983776223593,675.495317807495,1111.2451914018538,3238.8937801684747,0.10000000000013642,K,R
DCB_se2_ag1_f_01_1,14773,EH1,5621,definitely,723.2474426664272,1902.1880188363696,3108.2349215746904,739.070271672645,1819.9919430000352,3013.145488405483,625.483169415454,2102.9050930275353,3129.017204629048,0.07999999999992724,D,F
DCB_se2_ag1_f_01_1,14775,AH0,5621,definitely,601.9715632019108,1794.7570982820753,3170.0593231685907,622.7624435112954,1844.75484271661,3017.510452260959,592.1605954102017,1863.5206576078424,3058.4058682411755,0.029999999999972715,F,N
DCB_se2_ag1_f_01_1,14777,AH0,5621,definitely,635.2598328910625,1786.490893750746,3217.398496418028,634.6344987464196,1626.623735543651,2881.101540326918,607.3293197235843,1904.4106801413147,3384.427540697643,0.029999999999972715,N,T
DCB_se2_ag1_f_01_1,14780,IY0,5621,definitely,453.30377743040964,1757.6482230501747,3059.3130746383877,665.4930957469286,1464.5561526567176,1825.2768923562369,481.83790525178256,2676.1918755485185,2986.4041319516514,0.08999999999991815,L,AY1
DCB_se2_ag1_f_01_1,14781,AY1,5622,i,877.0494526890158,1662.318336636158,1930.497938932024,862.2041918406736,1376.6631509627673,1833.8110556747097,811.2802100275956,1780.8093267164104,2687.279587259318,0.09000000000014552,IY0,W
DCB_se2_ag1_f_01_1,14783,IH1,5623,will,542.8819461942579,1749.9081257812363,3107.20384187119,601.0904817399804,1693.6542205797512,3146.838551133266,565.6795528295587,1756.1137986548722,3116.8649645996147,0.05999999999994543,W,L
DCB_se2_ag1_f_01_1,14786,IH0,5624,because,490.80338708397403,1748.949020471271,2860.3529357249213,517.769523001714,1570.5864796104208,2781.4948401747533,410.60112532997147,2053.457116152024,2936.895697182588,0.049999999999954525,B,K
DCB_se2_ag1_f_01_1,14788,AH1,5624,because,652.252127512471,1728.3786139784445,2925.724669104501,661.7740444334953,1723.4102568120459,3055.847434646291,608.8370932381586,1810.7195358134218,2756.2400941688147,0.049999999999954525,K,Z
DCB_se2_ag1_f_01_1,14790,AY1,5625,i'm,753.9049751770809,1660.1053755254184,2610.4793809575176,765.2348343964585,1576.628056263285,2449.299113549019,759.5274656796374,1688.4274930996103,2408.9307836887892,0.03999999999996362,Z,M
DCB_se2_ag1_f_01_1,14794,UW1,5627,youth,403.7287773999389,1739.7794884574207,2826.1695082557403,415.12395274574857,1515.8950315916884,2747.7384367868112,402.5571275510653,1795.5120488234838,2839.9310483702475,0.029999999999972715,Y,TH
DCB_se2_ag1_f_01_1,14796,AH0,5628,of,477.9254489368702,1822.9261051624244,3187.6487785370778,629.7255445716455,1791.371119454463,2825.556342647667,452.79213522472446,1923.0646556318889,3011.418257679098,0.029999999999972715,TH,V
DCB_se2_ag1_f_01_1,14799,IY0,5629,the,404.18208426501735,2305.2123772273526,2710.854803409226,412.91011036245214,2258.0949936293637,2599.4214360832925,405.94804616585526,2464.2113952846116,2626.6276286305992,0.03999999999996362,DH,Y
DCB_se2_ag1_f_01_1,14801,IH1,5630,year,469.1515728017202,2507.722957850131,2648.649102753203,538.8964497762812,1789.669162016816,2350.4420488794035,512.7042223748928,2631.3354838892533,2999.6405060892794,0.11000000000012733,Y,R
DCB_se2_ag1_f_01_1,14805,IH0,5632,it,669.8821916494811,1625.0275963805498,2631.8838255431097,720.627932960357,1693.7848643791265,2515.0363956652136,587.453110375862,1792.2887138801466,2807.7004903569446,0.07000000000016371,,T
DCB_se2_ag1_f_01_1,14808,AY1,5633,might,796.3980413795987,1774.7967760808401,2514.028294579484,846.2751268983293,1722.2684633163758,2562.3399270385853,795.6693796009667,1801.637283799528,2454.077265627043,0.08999999999991815,M,T
DCB_se2_ag1_f_01_1,14811,EY1,5634,make,551.6104244720999,2395.096587782231,3035.0010065736847,643.8384206005135,2180.783679651764,2836.3908155768063,494.714148339288,2455.1663702380956,2855.753164357154,0.06999999999993634,M,K
DCB_se2_ag1_f_01_1,14814,EH1,5635,sense,536.4054227727028,2014.7726837706612,2769.3557453739604,672.031349465903,2103.7449794591735,2829.5419747832307,672.031349465903,2103.7449794591735,2829.5419747832307,0.0500000000001819,S,N
DCB_se2_ag1_f_01_1,14820,IH0,5638,it,484.31802161714387,2080.6384434381043,2285.2286647815386,550.7464612066367,2109.3890957906865,2591.1423092651316,513.4770216215653,2165.990358154508,2192.7146851218263,0.029999999999972715,spn,T
DCB_se2_ag1_f_01_1,14823,AY1,5639,might,763.6577824034489,1970.7852697280139,2597.362760254158,948.3669476846436,1665.1234207809168,2373.5624323905395,718.5742075863692,2270.7773592933936,2489.7399479030673,0.08999999999991815,M,T
DCB_se2_ag1_f_01_1,14826,EY1,5640,make,580.9984993217655,2397.376190005386,3072.0942364371094,664.1827478713038,2218.151118566725,3029.1812768928066,548.374814004829,2415.860597134779,2980.0617746897938,0.05999999999994543,M,K
DCB_se2_ag1_f_01_1,14829,EH1,5641,sense,596.8940783025953,1920.2374007360536,2822.868221520821,631.0606940556239,1880.1788084887735,2792.9909916149923,559.3973730207496,1938.523328253965,2788.9439957830286,0.05999999999994543,S,N
DCB_se2_ag1_f_01_1,14834,ER0,5642,for,589.2408840413601,1451.1712797566663,2343.014431207727,633.942817116334,1366.9061676643378,2252.524707994218,591.1802874518916,1469.379823646496,2268.934923201553,0.029999999999972715,R,M
DCB_se2_ag1_f_01_1,14836,IY1,5643,me,576.209406714638,2430.638882386912,2532.715259690491,626.5568118451312,2115.2953227958324,2724.690084684498,584.6770358597109,2449.520294141805,2502.7569735700326,0.05999999999994543,M,T
DCB_se2_ag1_f_01_1,14838,IH0,5644,to,577.3281326677966,2172.714328791776,2600.827470302062,590.6855623909682,2154.6561528637217,2673.0443090530543,530.0312173169141,2197.90676917974,2604.4345467265703,0.05999999999994543,T,K
DCB_se2_ag1_f_01_1,14840,AH1,5645,come,805.4488586052717,1494.9432055279526,2620.1309268411983,812.2647986893985,1468.3020770610506,2607.249705610599,641.9649354292453,1825.3648520645986,2596.8889896044357,0.05999999999994543,K,M
DCB_se2_ag1_f_01_1,14843,AW1,5646,down,837.1935674588318,1774.1309046672593,2772.350588646543,865.0625062190837,1864.840668691505,2680.3622439205546,822.2659181414637,1917.3163635932895,2919.8788312655297,0.0500000000001819,D,N
DCB_se2_ag1_f_01_1,14847,IY1,5648,here,639.7112464177904,2476.6617654131596,2726.4777244397574,943.8253259772705,1575.8540536733947,2628.7338977101354,634.0898325537353,2481.790065660742,2605.732491313018,0.08000000000015461,HH,R
DCB_se2_ag1_f_01_1,14851,AO1,5650,all,745.2676083861782,1102.8905333561236,2952.4958343735566,889.9099587855243,1706.9596070676312,2800.918945085273,875.1906939178186,1702.8393917208386,2775.335145758143,0.15999999999985448,sil,L
DCB_se2_ag1_f_01_1,14854,AH0,5651,the,557.1241010567385,1742.0146128339545,2832.170333242735,676.6716933290236,1616.306261981831,2663.5184745710585,672.0713933276043,1862.6058762688904,2949.7641689908746,0.07999999999992724,DH,T
DCB_se2_ag1_f_01_1,14856,AY1,5652,time,826.2778358204572,1553.0136783905427,1816.1572225106556,899.7954691415543,1570.1484424139019,1767.0316702732755,790.7078805610498,1612.339281598156,2795.1164007533735,0.16000000000008185,T,M
DCB_se2_ag1_f_01_1,14860,AE1,5654,and,658.1670557252489,2274.1408644591133,2300.597676969705,908.5664214835052,1775.2982156875214,2680.3728328407533,673.6687627049613,2287.3924688581005,2371.8309137084857,0.09999999999990905,,N
DCB_se2_ag1_f_01_1,14862,AO1,5655,also,892.399889602351,1484.783821241811,3358.5282910365527,892.0805744536693,1499.8604836269137,3349.5694724604773,787.8579640462683,1600.2055223620132,3237.1445069038273,0.05999999999994543,N,L
DCB_se2_ag1_f_01_1,14865,OW0,5655,also,685.0666149292222,1442.8507906676991,3306.5261642349897,685.977423665589,1445.5180416323842,3306.7223362238897,612.5657322375969,1559.955308006213,3302.8919274179243,0.03999999999996362,S,AH1
DCB_se2_ag1_f_01_1,14866,AH1,5656,um,857.5566336322759,1404.5203539451757,2123.729814344084,868.4015573425511,1414.0970703675544,2077.973244210131,837.1224792431334,1463.5069727057755,3580.269075604487,0.1799999999998363,OW0,M
DCB_se2_ag1_f_01_1,14868,AY1,5657,i,811.8836001917844,1853.3126678617666,3080.260788798142,943.8204947678474,1771.5559114441287,2602.4264712443282,729.0354397778214,1864.0728090187026,2843.9873681541644,0.05999999999994543,M,TH
DCB_se2_ag1_f_01_1,14870,IH1,5658,think,638.5260471612444,2223.0680668962927,3304.368097663545,653.9776619444295,1892.269261893243,3023.3891359302584,597.244714736285,2474.4840996333505,2926.3450759906436,0.03999999999996362,TH,NG
DCB_se2_ag1_f_01_1,14874,AY1,5659,my,856.6879376507718,1931.4601733072404,3280.082106865615,881.5041898145605,1828.4309383713753,3209.801618523998,859.8067031321722,1933.6327827218913,3267.356778975504,0.16000000000008185,M,sp
DCB_se2_ag1_f_01_1,14877,AY1,5661,my,868.6932065853473,1274.149280657534,1788.5291576798895,922.7862570601039,1146.4777698015282,1718.6484345686401,856.7219025571297,1788.0694274426974,3249.321560481378,0.07999999999992724,M,M
DCB_se2_ag1_f_01_1,14879,EY1,5662,main,289.1811556286513,701.8292011325291,2914.444693823058,678.7073948437339,2207.564326217383,3405.584477969545,579.4435157114455,3216.7233408698103,3234.8790350936215,0.20000000000004547,M,N
DCB_se2_ag1_f_01_1,14882,OW1,5663,focus,640.3670027574985,1045.8304800412839,3314.9642430495355,724.3905488029416,1100.4940711983947,3273.2084707947465,650.254214229531,1129.0262323538425,3292.7598977251187,0.08000000000015461,F,K
DCB_se2_ag1_f_01_1,14884,IH0,5663,focus,620.9010830781858,1909.8466625904218,2949.00148301205,639.8327176877409,1987.3768945382094,2996.290891240489,622.0901101982438,2033.0209150819164,3017.5324285388456,0.06999999999993634,K,S
DCB_se2_ag1_f_01_1,14887,ER0,5664,for,668.3941112091921,1692.0897968474674,3066.0928594750253,669.4526492790551,1661.3752421499748,3044.1753028802405,610.0194202751744,1809.5108863717453,3258.2057588272514,0.03999999999996362,F,N
DCB_se2_ag1_f_01_1,14889,EH1,5665,next,719.8817051796825,2046.4033848224906,2742.0666897212504,725.8147422320046,2010.7945401654106,2920.5947282687544,652.9148711879243,2131.188987933661,2734.063399371216,0.07999999999992724,N,K
DCB_se2_ag1_f_01_1,14893,IH1,5666,year,491.7228764555239,2558.997609761039,3261.831428743358,548.5279514246382,2476.2011040174943,3172.5413541017883,489.47400408386125,2553.157353383169,3270.3794783864687,0.049999999999954525,Y,R
DCB_se2_ag1_f_01_1,14895,IH1,5667,is,580.3725475213636,2423.1680112045524,3029.8184166800866,595.0151192357075,2377.938455242565,3054.564862245812,583.3965760735309,2411.79307406978,3033.370572349463,0.03999999999996362,R,Z
DCB_se2_ag1_f_01_1,14898,ER0,5668,for,542.4894689451642,1212.092272823593,2666.3855336360484,610.6885745658365,1538.7034464823805,2583.372587891927,610.6885745658365,1538.7034464823805,2583.372587891927,0.05999999999994543,F,M
DCB_se2_ag1_f_01_1,14900,IY1,5669,me,491.94992407512217,905.5127622162566,3208.7420495874085,585.2679914998417,2626.864242495821,3127.9678250414618,511.1639354779188,3106.894128840052,3615.9246543217855,0.11999999999989086,M,
DCB_se2_ag1_f_01_1,14903,AH0,5671,to,691.0231665088863,1655.7329290900732,2863.798007663733,866.915162722977,1876.6778324219797,3063.268239534035,801.9968237551498,1981.5441411494166,3317.9211697066903,0.10999999999989996,T,HH
DCB_se2_ag1_f_01_1,14905,EH1,5672,help,834.6422848005834,1585.1544796587052,3376.5045547789823,853.142557032813,1651.3701605391957,3423.100773001824,851.965394769915,1697.677696423057,3411.2227810616296,0.040000000000190994,HH,L
DCB_se2_ag1_f_01_1,14909,AH1,5673,the,679.2853859865434,1670.1446357928535,3282.9123520765747,690.9343812888244,1628.5523793241568,3312.5046588392333,581.2749032399697,1999.3364953680168,3265.016835835534,0.31999999999993634,DH,sp
DCB_se2_ag1_f_01_1,14912,AH1,5675,the,645.2498989280499,1751.9882337152196,3104.981613489835,657.1801127352544,1693.372789343053,3466.897028643734,646.9864200470973,1784.7207170383924,3147.9549732812147,0.03999999999996362,DH,AH1
DCB_se2_ag1_f_01_1,14913,AH1,5676,um,722.3731628273473,1545.309148313818,3128.164243680041,915.3386839585716,1542.6018293570196,3416.2009420276045,674.5834957250022,1707.54034405437,3236.4312323316612,0.41000000000008185,AH1,M
DCB_se2_ag1_f_01_1,14917,AY1,5678,like,752.8246069280782,1517.6596050669575,1998.6986683240596,866.4820970052267,1697.500484524714,2719.7545693383117,838.6614175007805,1775.865424676381,2139.7527636722425,0.049999999999954525,L,K
DCB_se2_ag1_f_01_1,14920,AH0,5679,the,607.8641530362149,1962.797417915183,3338.721576344856,677.654250724333,1972.7898771804616,3134.569152235282,566.1831520271027,1992.46162848179,3064.987898883857,0.040000000000190994,DH,N
DCB_se2_ag1_f_01_1,14922,AY1,5680,ninth,831.1823515427526,1934.9961154980756,2693.9621648734255,910.3202842114171,1806.8193829925904,2156.6650303253873,734.5851555745401,2243.5714770556024,2952.3132547321925,0.07999999999992724,N,N
DCB_se2_ag1_f_01_1,14927,EY1,5681,graders,696.470291966217,1963.3258313211381,2316.934921301751,707.9285467163786,1978.9717217922384,2456.0854900431314,697.7737407798129,1990.4942742731391,2375.248944674415,0.05999999999994543,R,D
DCB_se2_ag1_f_01_1,14929,ER0,5681,graders,568.0091532344171,1682.2033408970474,2228.2174652307963,599.8087766430626,1567.90939825315,2086.1825109327096,511.9374720515014,2076.255367493305,2531.03616863249,0.10000000000013642,D,Z
DCB_se2_ag1_f_01_1,14934,IH0,5683,to,474.96747362579737,2029.4758416405693,3053.782447602243,622.3630637083156,1993.7086696419028,2938.473144713134,456.60243868871186,2068.3717334861126,3038.7869044788745,0.08000000000015461,T,T
DCB_se2_ag1_f_01_1,14937,AE0,5684,transition,676.2877673557407,1958.7068057537344,2603.5961107305397,758.2034198829679,1839.6041411734882,2292.480914161467,653.5167634304764,1963.8800887563602,2653.5379759647094,0.06999999999993634,R,N
DCB_se2_ag1_f_01_1,14940,IH1,5684,transition,595.6914979119349,2138.685249080287,2957.8466781814172,607.7419355224729,2082.7476492735,2985.496844479411,576.1568369866876,2195.614763468827,3180.550264199847,0.11000000000012733,Z,SH
DCB_se2_ag1_f_01_1,14942,AH0,5684,transition,656.532402105675,1937.9681426080108,3227.686682473607,665.4414639661697,1940.2703120821818,3154.0161768511944,626.0915719426148,1983.4761898623306,2915.755376294091,0.049999999999954525,SH,N
DCB_se2_ag1_f_01_1,14946,ER0,5686,for,642.414954306843,1523.9792044753083,2869.4626630139433,642.6785332535687,1532.487846907943,2862.450857798612,568.7058242582177,1698.85941639631,3071.1958786973482,0.08999999999991815,F,DH
DCB_se2_ag1_f_01_1,14948,IY0,5687,the,451.5763073881589,2138.4731371170064,2989.9355434512927,557.5449163166672,2057.795227083059,3053.770725368916,529.1947739889059,2181.5276928619905,3076.865539941118,0.049999999999954525,DH,Y
DCB_se2_ag1_f_01_1,14950,AH1,5688,younger,769.7811851234918,1640.4901079503973,3010.408519652954,770.3286095439104,1644.4741890756136,3015.3869114556337,694.470483067128,1976.978155692351,3249.7800808724064,0.06999999999993634,Y,NG
DCB_se2_ag1_f_01_1,14953,ER0,5688,younger,535.227818104942,1315.6475060027112,2792.9201166081407,617.8551032192503,1604.8150379902106,2904.5645374794153,571.6590661046373,1740.913566002995,2997.936390292405,0.06999999999993634,G,P
DCB_se2_ag1_f_01_1,14955,IY1,5689,people,576.1175648078131,2234.2875482760587,2711.616358693861,643.3573261788831,2013.27234458835,2763.413533411897,590.2937682665637,2449.206851068628,2722.2529895481275,0.049999999999954525,P,P
DCB_se2_ag1_f_01_1,14957,AH0,5689,people,585.9722296451012,1738.2862296781825,2567.084610782303,596.890968826128,1751.9705034000986,2582.7704567004616,444.61609356052605,1834.3252189725476,2775.550426353367,0.03000000000020009,P,L
DCB_se2_ag1_f_01_1,14960,AH0,5690,to,522.005111954717,2042.7997924139888,3098.291816004125,558.2517506102444,1821.3024119091665,2874.1519392985906,538.1937129788425,2060.748360680246,3156.852912291494,0.06999999999993634,T,T
DCB_se2_ag1_f_01_1,14963,AE0,5691,transition,674.198693576112,1915.8122832306792,2837.0302354730297,746.9262982618066,1784.9022784227177,2709.4645363934355,651.0064225493409,2080.812602342938,3088.425990900028,0.08999999999991815,R,N
DCB_se2_ag1_f_01_1,14966,IH1,5691,transition,523.6515297839734,2081.134753004274,2979.397249623695,524.2097578007612,1976.0757418914798,2746.444318220827,485.6006624728243,2111.241219622484,2934.848295253149,0.08999999999991815,Z,SH
DCB_se2_ag1_f_01_1,14968,AH0,5691,transition,583.1684160607863,1973.2072066756557,3498.3125893229508,657.160834139419,1873.574851479625,3093.710057137901,517.7257580282985,2015.415404690741,3231.421322277734,0.049999999999954525,SH,N
DCB_se2_ag1_f_01_1,14970,IH0,5692,into,566.2435015014754,2384.772211646752,3042.5692748967804,634.0811462383024,2345.9224475763835,3211.6077753014383,572.8390345099942,2514.162126461491,3217.8139513392225,0.15000000000009095,N,N
DCB_se2_ag1_f_01_1,14973,UW1,5692,into,542.2199064355941,1155.4743889275849,3037.0180292820482,618.4249739156019,1354.588537804081,3082.898993320597,568.8418932726776,1816.928978040745,3196.732985491714,0.10999999999989996,T,DH
DCB_se2_ag1_f_01_1,14975,AH0,5693,the,510.5364578604235,1147.172521532703,2835.068756695803,583.8755573134996,1623.423460596411,3041.126240687496,557.9441570767635,1756.0009314313568,3069.4817300367313,0.09000000000014552,DH,B
DCB_se2_ag1_f_01_1,14977,OY1,5694,boys,603.5376619213971,1390.4267469788458,3032.3677010193214,636.8859966532817,1113.6014384260666,3097.7917330111623,495.8362755630172,1958.934007017649,2905.1239060765197,0.09999999999990905,B,Z
DCB_se2_ag1_f_01_1,14979,AH0,5695,and,603.571192024889,1261.0377827268992,1872.2208039666148,611.3545581520443,1801.660000505648,3187.2350636825695,591.2160642311679,1866.745136221515,2389.32773087138,0.049999999999954525,Z,N
DCB_se2_ag1_f_01_1,14982,ER1,5696,girls,632.3288542364863,1430.5648777210022,2654.8977626803116,645.7793683189756,1384.4998759862763,2671.9063800200925,630.0307221201579,1477.0029096976784,2728.702353661755,0.029999999999972715,G,L
DCB_se2_ag1_f_01_1,14987,AH1,5697,club,665.0759813065062,1716.1153891158604,2852.363209303939,665.0591352239375,1698.5556295468912,2856.0168968004405,657.8233507807137,1733.635082487145,2890.168195951241,0.029999999999972715,L,B
DCB_se2_ag1_f_01_1,14991,AH0,5699,and,678.4205955236105,1953.3666031046394,3341.13643186226,835.3006831349626,2080.0432049761826,2309.928404442592,828.3394167246645,2141.063541577111,2526.2007339859383,0.08000000000015461,,N
DCB_se2_ag1_f_01_1,14993,IH0,5700,into,548.7003804786702,2228.510289213192,3342.988280221162,584.0100052926764,2213.656734349172,3276.8019522252102,548.0337619370887,2237.2352591710096,3369.822304686126,0.049999999999954525,N,N
DCB_se2_ag1_f_01_1,14996,UW1,5700,into,548.5702358600244,1412.8015157078398,3213.7646492012886,767.1829970008964,1856.0372936871051,3188.5706092902956,521.2652215225402,1893.9520064326684,2225.5085123745775,0.06999999999993634,T,DH
DCB_se2_ag1_f_01_1,14998,AH0,5701,the,442.8856385658513,1936.8696291807566,3081.408025729518,487.4693581853273,1836.30259925015,3133.1235806251766,452.4676778558165,1965.2420488839607,3064.087052438875,0.07000000000016371,DH,T
DCB_se2_ag1_f_01_1,15000,IY1,5702,teens,620.0755076036177,1319.7616432205516,2712.3886877946816,619.9647086533446,1411.1900927950328,2719.9599428357787,605.2818376120464,2698.3203879407956,3265.1328902806654,0.08999999999991815,T,N
DCB_se2_ag1_f_01_1,15004,EH1,5703,center,629.2758340175022,1908.9356085463107,2863.941482197628,629.5696830883028,1909.0669266863151,2863.5338648272664,622.95063418389,1922.943850174067,2814.9259354822366,0.03999999999996362,S,N
DCB_se2_ag1_f_01_1,15006,ER0,5703,center,553.8030972822719,1493.5527824385238,2436.27365373668,608.6805383523181,1521.543950485002,2658.4567671641216,512.9400574161892,1799.7439702436725,2691.6652813539263,0.07000000000016371,N,F
DCB_se2_ag1_f_01_1,15008,AO1,5704,for,633.6574768883817,985.2674614883222,3187.0734043743414,652.5511830645877,1076.1258445765366,2995.7221404325905,586.75286247325,1266.0276162238458,2656.255381615114,0.029999999999972715,F,R
DCB_se2_ag1_f_01_1,15011,AY1,5705,my,905.5656575194078,1844.2848348709488,2171.0573213185767,962.541451379666,1782.4218011592955,2716.047672639398,888.6542451284641,1919.9128187426365,3060.8246101015857,0.11999999999989086,M,S
DCB_se2_ag1_f_01_1,15013,IY1,5706,senior,564.1963268097967,2392.02429444858,3137.3038186215117,590.98551262056,2026.8252439159494,3037.752387939204,523.2864633721882,2815.7460391656828,3245.814798847361,0.08000000000015461,S,N
DCB_se2_ag1_f_01_1,15016,ER0,5706,senior,379.3228052560787,1706.210057983214,2966.139463971684,419.7063211018457,1655.2042419441404,3036.4088378587585,418.1597799360637,2115.669826994232,3063.172992205211,0.029999999999972715,Y,Y
DCB_se2_ag1_f_01_1,15018,IH1,5707,year,529.6885675160311,2406.0937007936072,2862.5062117095376,599.1514047940497,2390.2989285935896,3111.7516325815104,445.3824235714117,2715.6883843240685,2856.907530478272,0.07000000000016371,Y,R
DCB_se2_ag1_f_01_1,15022,AH0,5709,and,816.7551214637108,1629.2351126427488,3085.064940954951,821.6072293425796,1604.6796487970478,3120.2136277099466,784.1933555759955,1661.7269753119394,2958.20227596537,0.029999999999972715,sil,N
DCB_se2_ag1_f_01_1,15025,AY1,5710,like,695.7519552746494,1785.7701689518826,3077.8694269640805,724.6448525766829,1771.8871692107161,3133.480186171108,647.7647758319904,1933.3170541879012,2904.076507312002,0.03999999999996362,L,K
DCB_se2_ag1_f_01_1,15028,EY1,5711,make,519.9700040624376,2574.1460199168787,3159.1416615942017,637.0834423232501,2226.6471138978636,3038.3341845912564,535.0104968907218,2576.6106743405917,3101.18612587891,0.08999999999991815,M,K
DCB_se2_ag1_f_01_1,15031,IY1,5712,keystone,522.3706264547906,2037.6669782230063,2791.689730539653,537.3451699851065,2059.4875374554663,3139.8493517220077,475.62803177119514,2834.0378656957128,3627.3741448260716,0.06999999999993634,K,S
DCB_se2_ag1_f_01_1,15034,OW2,5712,keystone,665.4996102639534,1352.1763505705965,3343.9619502951095,747.6467828452618,1077.428888908592,2166.4119423420248,607.9510634525689,1744.6459738357128,3385.39530899705,0.10999999999989996,T,N
DCB_se2_ag1_f_01_1,15037,IY0,5713,the,436.29479028195857,1941.8916160695549,2847.320915153841,451.2264511586843,1883.5708881607052,2891.159766484431,444.46053351565035,2006.2723799390903,2769.9896445447907,0.10999999999989996,DH,B
DCB_se2_ag1_f_01_1,15039,EH1,5714,best,704.6642810423053,1972.6868051653091,3261.098977387505,731.4999017423812,2030.7706276260897,3192.5207987966955,684.3141336548618,2056.693607330907,3173.5083171525666,0.13000000000010914,B,S
DCB_se2_ag1_f_01_1,15043,IY1,5715,keystone,569.5150883015652,2701.135398319643,3388.732661615308,582.4476113026332,2658.9120131979244,3364.716487377989,561.7388627751494,2726.6592966313474,3356.8254885624583,0.08999999999991815,K,S
DCB_se2_ag1_f_01_1,15046,OW2,5715,keystone,650.2432138174781,1198.2811738244227,3519.7696536524154,662.5412800447347,1419.883045493346,3091.6609596251683,642.7910750358972,1498.1676182467977,3102.1953493489455,0.07999999999992724,T,N
DCB_se2_ag1_f_01_1,15049,EH1,5716,there,579.5457357455414,2001.085704205946,2612.44742898832,589.7597541768785,1963.6795612815715,2454.4961596719263,573.1637243959439,2020.8665767182856,2570.0555689675516,0.029999999999972715,DH,R
DCB_se2_ag1_f_01_1,15051,EH1,5717,ever,650.044338305286,1486.4840539341778,2660.391735206508,714.443843085236,1575.5204654183701,2929.6907592978487,517.2468057383993,1749.2826142813783,2616.5782274811377,0.13000000000010914,R,V
DCB_se2_ag1_f_01_1,15053,ER0,5717,ever,529.9026998909154,1172.5797883885307,2647.079225966661,601.6765694681757,1341.7029828614861,2697.732103619411,583.9310465065098,1453.2396425380953,2275.10075847782,0.08999999999991815,V,W
DCB_se2_ag1_f_01_1,15055,AH1,5718,was,625.0009256529262,1578.243387739313,2987.802238734862,625.5937580999051,1674.5546087559926,3020.2696110316333,572.2761213957644,1836.377733011734,3273.00918024507,0.09000000000014552,W,Z
DCB_se2_ag1_f_01_1,15058,IH0,5719,this,439.61517363897843,2048.2969985865075,2970.3637139204684,464.20345633003393,2015.1637100245298,3024.6667839282454,435.40498216810727,2058.420708801045,2984.9294248340652,0.05999999999994543,DH,S
DCB_se2_ag1_f_01_1,15061,IH1,5720,year,447.98239787438166,1924.2700768887298,2464.75967142248,477.6884328067493,2332.823170187704,2895.1811167863675,462.6799594779849,2473.673288336612,3108.4119928234227,0.049999999999954525,Y,R
DCB_se2_ag1_f_01_1,15066,OW1,5722,so,550.1769027389558,1258.1043112773482,2911.117427644125,588.2374753082427,1862.2030484943564,3125.953481622979,588.2374753082427,1862.2030484943564,3125.953481622979,0.06999999999993634,S,K
DCB_se2_ag1_f_01_1,15068,AY1,5723,kind,957.0334483350929,1673.9298177488445,2485.1665969842657,1034.1206297056488,1690.912840624078,2563.796539995628,784.5391723337647,1845.289123423721,2807.8945936107425,0.029999999999972715,K,N
DCB_se2_ag1_f_01_1,15070,AH1,5724,of,988.7398722291043,1725.4619659267098,2103.39765823488,1013.3273489924093,1553.7527060284228,1704.137924504496,989.1633343311725,1725.3268317907364,2106.65535053291,0.029999999999972715,N,V
DCB_se2_ag1_f_01_1,15073,AY1,5725,like,821.1932038397337,2015.2381365050976,3244.730357270029,959.1822457624178,1770.3185520595193,2636.4676559060717,643.6811501162928,2039.4769069414224,2840.6108928469434,0.07000000000016371,L,K
DCB_se2_ag1_f_01_1,15076,OW1,5726,going,601.9514975945342,1130.9772941838733,2216.188785253162,752.1865947531238,845.0161781439575,2060.13910889033,649.4809622834827,1647.2939227676186,1719.245273002224,0.14000000000010004,G,IH0
DCB_se2_ag1_f_01_1,15077,IH0,5726,going,712.5409810444629,1505.8912637896503,3067.312083545413,751.3109588891747,860.5784050202061,2072.3974988759137,660.5166183764645,1682.3655506781886,3186.787069933945,0.05999999999994543,OW1,N
DCB_se2_ag1_f_01_1,15079,AW1,5727,out,968.9241400871063,1677.3904725879563,2658.1520456693684,1014.9215328579286,1811.5667273983277,2623.9040980698296,986.2219791177397,1879.995737951066,2610.8012195658057,0.09000000000014552,N,T
DCB_se2_ag1_f_01_1,15082,IH0,5728,with,610.7266209818912,1674.4421566350547,3157.150821879577,610.4361811627497,1622.874292853493,3099.5212919058936,582.8456597770803,1785.7079925070966,3251.45499684893,0.029999999999972715,W,DH
DCB_se2_ag1_f_01_1,15084,AH0,5729,a,572.1090021649519,1273.8050925156178,3036.1881239162444,771.9763424420807,1933.9502258080693,2993.17070579804,766.5798010878553,1961.5049695683858,3013.948069405387,0.13000000000010914,DH,B
DCB_se2_ag1_f_01_1,15086,AE1,5730,bang,634.8017432395084,2190.781768990618,3220.1535784455878,693.1830770082121,2086.5824265668844,3248.4505424397835,627.6275073353518,2521.6507336679383,3310.643018549714,0.09999999999990905,B,NG
DCB_se2_ag1_f_01_1,15089,AY1,5731,type,779.0314140561298,1963.598077928766,2762.66978321935,832.9553354468197,1830.7490659586065,2660.2580949994185,676.5551751890506,2080.177321421584,2442.9565967078333,0.09000000000014552,T,P
DCB_se2_ag1_f_01_1,15092,IH1,5732,thing,664.889802061273,2112.8293712233562,3241.6509219894947,668.0204567126663,2106.238993772709,3186.2826201860685,647.0361507315624,2319.7902415605063,2733.2298225474055,0.09000000000014552,TH,NG
DCB_se2_ag1_f_01_1,15096,AA1,5734,cause,616.218348727576,1867.0407915928934,2781.4354321998426,1068.6576691313721,1978.7347793772885,3229.1578487165684,1068.6576691313721,1978.7347793772885,3229.1578487165684,0.05999999999994543,K,Z
DCB_se2_ag1_f_01_1,15098,AY1,5735,i,933.8495503410894,1742.6358430644632,2495.46106168724,1048.4798049386566,1751.2613414760008,2948.6867261770176,982.5160919784456,1846.2146112180412,2126.2742086521157,0.3500000000001364,Z,AY1
DCB_se2_ag1_f_01_1,15099,AY1,5736,i,967.7822721604749,1780.09477922151,2897.7922849378897,1166.8361780553105,1994.2833343980221,2930.2508930553504,1165.455404448015,1992.6933201888148,2929.8782191411065,0.30999999999994543,AY1,HH
DCB_se2_ag1_f_01_1,15101,AE1,5737,have,1023.8420106242484,1631.3732738443568,2590.275838258204,1042.8268623598299,1632.9915409101957,2562.2171297912696,888.0935645884811,1688.4873429109443,2571.9364840848716,0.09999999999990905,HH,V
DCB_se2_ag1_f_01_1,15104,AH0,5738,to,635.5506399918653,1336.5119250785106,2532.3368898505273,716.491068711879,1467.0883794895083,1995.4040159638107,716.491068711879,1467.0883794895083,1995.4040159638107,0.029999999999972715,T,sp
DCB_se2_ag1_f_01_1,15106,AY1,5740,i'm,726.3735028364188,1566.6021282649847,2732.3425435727822,804.9624552804725,1548.1370350319796,2758.565839292487,720.974177717069,1754.9198470451972,2657.1942985539545,0.07999999999992724,sp,M
DCB_se2_ag1_f_01_1,15109,AY1,5742,i'm,895.9600144431504,1486.4177160525899,2636.766233050881,912.0503274225263,1805.0074454389173,2529.7886561587766,752.9792022008576,1817.0744266456238,2621.3991102181403,0.08999999999991815,sp,M
DCB_se2_ag1_f_01_1,15112,AY1,5744,i'm,982.4403102998893,1696.3903533098435,2136.911545218696,1333.5622501642495,1791.4452339711224,2735.1268698331505,623.5309097676301,1854.033176541409,2758.4652583234065,0.09999999999990905,sp,M
DCB_se2_ag1_f_01_1,15116,EH1,5745,president,763.170854680154,1914.4029926793262,2598.639636228434,875.5500923093597,1834.7598746614951,2495.933631498135,609.4089515344164,1993.7458588726747,2653.27593014064,0.08999999999991815,R,Z
DCB_se2_ag1_f_01_1,15118,AH0,5745,president,551.1671168722012,1881.8421102797204,2730.499782473121,581.9807699169966,1892.5927828161216,3001.097281381337,575.4838742449697,1905.3118153515038,2994.3744588440304,0.03999999999996362,Z,D
DCB_se2_ag1_f_01_1,15120,EH2,5745,president,641.7263909483911,2053.7808268485032,3120.771241637038,644.9460452993189,2010.8242495137133,2986.5049114497747,637.1911503597795,2063.034198861145,3148.817815456837,0.029999999999972715,D,N
DCB_se2_ag1_f_01_1,15124,AY1,5747,i'm,886.1496906181901,1566.8548232284286,2040.2497790909447,904.0004072941873,1612.8442113296533,2217.472617685004,696.7906466557611,1719.2169119093535,2569.095558115603,0.19000000000005457,,M
DCB_se2_ag1_f_01_1,15128,EH1,5748,presidente,721.5577370016867,1963.3083563105547,2897.1914655074593,760.3499592418369,1722.6164905660085,2265.2656107057433,709.0138966202833,1982.9119478022433,3104.300927015648,0.10000000000013642,R,Z
DCB_se2_ag1_f_01_1,15130,AH0,5748,presidente,547.9355246930426,1917.891272844822,2862.475287674386,591.378838075079,1928.609330196728,3329.2221132143654,543.5381538386723,1937.729006193708,2944.4141617949176,0.11000000000012733,Z,D
DCB_se2_ag1_f_01_1,15132,EH2,5748,presidente,543.908667791803,2069.9262761870928,2992.674647102948,593.5735807314742,2127.781063619651,3013.971871602505,526.0412416464904,2168.954240630417,2974.6424660647313,0.07999999999992724,D,N
DCB_se2_ag1_f_01_1,15135,EY1,5748,presidente,535.7783602998096,2516.032369464751,2879.9766570511824,643.7327847347016,2144.810991490264,2892.310515231379,551.7782128303562,2744.3517145660935,2903.559050203075,0.18000000000006366,T,sp
DCB_se2_ag1_f_01_1,15137,AY1,5750,i'm,780.3892054437649,1494.3826026724107,2710.523177595779,905.8996265243368,1450.0087254233335,2183.488837706934,758.8384894691378,1626.6957731920882,2450.6412611012024,0.13999999999987267,sp,M
DCB_se2_ag1_f_01_1,15139,EH1,5751,el,671.3249287586935,2026.0894880030799,2406.1156718857287,685.2391001589795,1794.0953843793407,2179.1764988378745,656.8445757228279,2031.6976859994322,2460.574141301273,0.07000000000016371,M,L
DCB_se2_ag1_f_01_1,15144,AY1,5754,i,734.100239184844,1651.955647968822,1973.8465244496263,925.1699686069489,1743.3934973941682,2147.1128707902863,759.7360730427969,1785.7010776436869,2481.8352428625067,0.13999999999987267,sp,AE1
DCB_se2_ag1_f_01_1,15145,AE1,5755,am,903.3228170925646,1901.0792749938792,3133.852415839606,914.472374297439,1887.5326447953923,3183.624362421465,905.772604106107,1900.933173168471,3147.285843919911,0.029999999999972715,AY1,M
DCB_se2_ag1_f_01_1,15148,OW1,5756,going,660.878754351086,1073.0110549103736,3151.1282471775266,681.6754392411143,917.1846664083947,3131.883067080106,662.0305422283009,1282.6556024108243,3064.005162961771,0.03999999999996362,G,IH0
DCB_se2_ag1_f_01_1,15149,IH0,5756,going,689.221117497829,1472.5752986405648,3182.1319651052004,689.7720822919708,1470.300569648543,3181.4861805300757,672.94909965167,1571.0395721601137,2478.775082905178,0.049999999999954525,OW1,NG
DCB_se2_ag1_f_01_1,15152,AH0,5757,to,573.0508691038658,1332.477520702549,1836.5566573927351,605.8804239568767,1719.3634086620214,1780.4682541702366,586.9339654050232,1849.8808542384802,3334.546292306997,0.03999999999996362,T,D
DCB_se2_ag1_f_01_1,15154,AE1,5758,dallas,808.8266852521243,1458.1810262907138,1737.3808408767507,814.734987826641,1406.6284849752944,1736.4246052864805,595.9417030926404,1729.6875069819478,2608.768326698074,0.12999999999988177,D,L
DCB_se2_ag1_f_01_1,15156,AH0,5758,dallas,518.1416976042694,1726.5646506074706,3046.052232156611,697.4987148780516,2105.49840002934,3589.715304114633,697.4987148780516,2105.49840002934,3589.715304114633,0.07999999999992724,L,S
DCB_se2_ag1_f_01_1,15160,OW1,5760,oh,593.5991084374729,1126.3947642954993,3350.7024061803636,909.5826243566843,1289.946860673411,3430.3266430165754,783.8323088318411,1898.079287115314,3018.7795811969345,0.2300000000000182,sil,F
DCB_se2_ag1_f_01_1,15162,AO1,5761,for,585.8753209326339,953.6011578839082,2904.3310772939176,662.3018913073442,1165.8674615878951,3250.0317605231244,662.3018913073442,1165.8674615878951,3250.0317605231244,0.07999999999992724,F,R
DCB_se2_ag1_f_01_1,15164,AH1,5762,uh,838.1723735662263,1612.5274833581987,2988.485282266713,1074.8553479789723,1473.5486775279153,2784.815125656739,880.4966337004533,1715.5077172932076,2858.5663108095155,0.2699999999999818,R,sp
DCB_se2_ag1_f_01_1,15168,IH0,5765,is,623.7969988210566,1794.832145613024,3352.722025347128,631.6788549334676,2115.8873110768614,3233.482407096529,631.6788549334676,2115.8873110768614,3233.482407096529,0.03999999999996362,TN,Z
DCB_se2_ag1_f_01_1,15171,OW1,5766,going,624.5726054027199,1045.2176556580293,2030.0955833823552,799.3292564079137,1230.3526707474443,3388.682905456771,797.8111958699293,1242.2586701520354,3380.3121802118717,0.06999999999993634,G,IH0
DCB_se2_ag1_f_01_1,15172,IH0,5766,going,758.4024066772857,1344.342582002188,3359.541805340183,797.8111958699293,1242.2586701520354,3380.3121802118717,717.0284100425041,1484.9917553286562,3369.055709090912,0.03999999999996362,OW1,NG
DCB_se2_ag1_f_01_1,15175,AH0,5767,to,617.4472593891352,1947.7921396422114,3552.1393351582265,642.3648363296817,1873.847850844127,2873.2256487974028,618.2655554352564,1948.0628403687908,3569.5699705762454,0.040000000000190994,T,D
DCB_se2_ag1_f_01_1,15177,AE1,5768,dallas,883.5111921072566,1759.9789187238364,2787.69204313544,891.2628094849624,1714.278008491814,2719.1287867207075,590.8257437382546,1952.5229537350326,3081.7704788514234,0.07999999999992724,D,L
DCB_se2_ag1_f_01_1,15179,AH0,5768,dallas,582.865160985033,1756.961923616331,2825.5436661924946,718.0107417095462,1731.7431844830637,2810.998872102695,598.2323362821442,1789.2030660581536,2988.047467330201,0.029999999999972715,L,S
DCB_se2_ag1_f_01_1,15182,IH0,5769,because,524.2282947127661,2479.454580913624,3076.001175058923,674.375393164404,2289.072530076612,3983.5889427657326,529.1729181958596,2488.279386368838,3041.209441440424,0.08999999999991815,B,K
DCB_se2_ag1_f_01_1,15184,AH1,5769,because,640.5245686578178,1700.4918832591054,3189.085391987464,654.928339582762,1650.047772657099,3091.9341487910847,613.6892047831167,2021.222946372715,3170.9207369934406,0.0500000000001819,K,Z
DCB_se2_ag1_f_01_1,15187,IY1,5770,she,550.0772266655721,2212.0104176352484,2810.435893890876,617.4399011042573,2302.850407819476,2971.5437229584336,525.4593689201832,2730.8065801928296,3122.55639636977,0.05999999999994543,SH,S
DCB_se2_ag1_f_01_1,15190,AA1,5772,part,810.2060663129683,1234.4927169947998,1980.373048157338,819.0924892248848,1144.7047043732914,2015.3342273028952,808.5048091923102,1398.2007659425467,1970.6576680463468,0.03999999999996362,P,R
DCB_se2_ag1_f_01_1,15193,AH1,5773,of,718.996075152178,1475.1449637593,2820.4463673935525,749.9916767244589,1488.2271423175905,2717.629632025295,739.7415483928645,1581.577165032119,2952.5723816358914,0.17000000000007276,T,V
DCB_se2_ag1_f_01_1,15196,AH1,5774,the,694.4862889504989,1608.6437330814133,3092.749085582343,745.4539928713449,1594.6022990107629,3110.652152759637,632.5934953719984,1692.5826694229545,3196.7229388657875,0.2400000000000091,DH,
DCB_se2_ag1_f_01_1,15199,AH1,5776,um,703.9892155457311,1339.8534726554783,1901.8776791326702,861.5782184560011,1602.1106320914937,2484.3227324935965,796.3328573898458,1630.2055571900553,2778.2132104817038,0.2400000000000091,sil,M
DCB_se2_ag1_f_01_1,15204,IH1,5778,steering,529.5022642670418,2064.0855909205134,2431.8269937418313,556.2556428850725,2092.0858078998976,2513.8629635261514,539.9514535983504,2095.2809448864023,2587.172939681111,0.060000000000172804,T,R
DCB_se2_ag1_f_01_1,15206,IH0,5778,steering,682.0673322388051,2060.5051913311036,2344.825640795289,699.5283945633148,2043.7613024071575,2139.5462866165285,676.4952653713151,2063.4274834773396,2405.553775257879,0.029999999999972715,R,NG
DCB_se2_ag1_f_01_1,15209,AH0,5779,committee,597.9401396839729,1673.1791776445311,2930.451674888418,632.9864620060388,1976.6941264581521,2292.044659673902,579.0926773097221,1971.1737888796774,2977.000519335923,0.049999999999954525,K,M
DCB_se2_ag1_f_01_1,15211,IH1,5779,committee,598.8389918638205,2232.060589203443,3171.0483388094667,621.8756994683295,2196.207777686891,3192.3487717835687,557.8419128672949,2284.0522854196406,3212.3701916311124,0.06999999999993634,M,T
DCB_se2_ag1_f_01_1,15213,IY0,5779,committee,462.4241921766681,1755.0729838996651,2924.1528231960897,583.2458681681389,2107.2512500016483,3065.240183488179,463.19756949303724,2579.576016766235,2940.223907160877,0.09000000000014552,T,
DCB_se2_ag1_f_01_1,15217,IH0,5781,because,411.27823618689985,2750.9244676628036,3355.5067459926386,597.968437769803,2148.2321323686097,2757.295753507843,414.0177693704303,2761.2732252269266,3332.1916331195894,0.049999999999954525,B,K
DCB_se2_ag1_f_01_1,15219,AA1,5781,because,639.7093884567402,1805.9361530091721,3297.6948780427765,659.6913060173202,1855.8100725572324,3294.831064093768,607.4794498181517,1959.6864252101834,3245.5423584951304,0.07999999999992724,K,Z
DCB_se2_ag1_f_01_1,15222,IY1,5782,she,555.0576419656178,2190.9316472144187,2869.26278417129,582.5806331409206,2140.573621731664,2801.2721667715946,417.1764571933962,2509.1569722650834,3377.05259737827,0.06999999999993634,SH,R
DCB_se2_ag1_f_01_1,15224,IH1,5783,really,600.5157830007661,1766.0464753515064,2815.01885209676,606.6444510461223,1811.0246470571703,2871.0208107080475,571.4353879438545,1857.0766087511743,3010.50106263487,0.049999999999954525,R,L
DCB_se2_ag1_f_01_1,15226,IY0,5783,really,570.2198152711471,2770.9580680602735,2954.835376221463,585.5766564397273,2814.4722139453743,3832.268406160449,585.5766564397273,2814.4722139453743,3832.268406160449,0.049999999999954525,L,W
DCB_se2_ag1_f_01_1,15228,AO1,5784,wanted,646.237135459477,1555.8089835661006,2350.2251533897315,677.8506287492334,1568.3677840437656,2792.8076124917848,677.8506287492334,1568.3677840437656,2792.8076124917848,0.05999999999994543,W,N
DCB_se2_ag1_f_01_1,15230,IH0,5784,wanted,565.121655217218,1969.9725355131577,3117.971699431684,579.0035416221672,1960.4121098473936,2079.2394306779083,563.7160064750848,2058.840400415316,3236.4403380420335,0.049999999999954525,N,D
DCB_se2_ag1_f_01_1,15232,IH1,5785,it,544.8605986107366,2239.6082479904812,3182.33887361963,555.3414625373728,2260.261265412467,3223.5214568905153,539.9717008661852,2291.2906207309866,3249.449176614205,0.06999999999993634,D,T
DCB_se2_ag1_f_01_1,15237,IY1,5787,she,524.9790171505925,2102.969037485768,2724.1024866735693,575.782989378513,1540.6016449701108,2756.187101004933,516.2061582167123,2546.374101570971,2900.86814055217,0.08000000000015461,SH,R
DCB_se2_ag1_f_01_1,15239,IH1,5788,really,615.5499699479001,1714.8276059748146,2631.1974555680167,616.6432758899113,1672.282329136098,2620.2835018220662,583.3238524245863,1797.3507832359178,2684.8968854813816,0.03999999999996362,R,L
DCB_se2_ag1_f_01_1,15241,IY0,5788,really,488.85583526909085,1964.3343983313353,2662.383869460021,514.0113786053179,1843.860424527843,2625.1869576570753,422.28350752965406,2122.732950722262,2884.1868714118605,0.049999999999954525,L,W
DCB_se2_ag1_f_01_1,15243,AO1,5789,wanted,624.625173270727,1217.5010418799309,2159.0343849119463,628.622779532604,1265.8321638590744,2219.92315708853,601.0323030213231,1521.843888609161,2979.1409969837287,0.060000000000172804,W,N
DCB_se2_ag1_f_01_1,15245,IH0,5789,wanted,560.451943312546,1897.3663820379998,3326.3833343452893,561.3064587745512,1908.2626018798494,3312.559907447976,548.947700153232,1948.1088027133599,3280.4114088722627,0.03999999999996362,N,D
DCB_se2_ag1_f_01_1,15247,IH1,5790,it,515.0546408301291,2219.2179594368718,2667.409870262728,552.7386097246792,2221.2072369112607,2544.924342308165,518.6421044123776,2253.437948457456,2530.0352118233677,0.060000000000172804,D,T
DCB_se2_ag1_f_01_1,15251,IY1,5792,she,497.87539503476137,1978.269574551312,2599.164676636625,749.4739044832137,2369.214395131619,2672.886598363841,444.9280398473463,2783.9255106922965,3531.1641811416976,0.3200000000001637,SH,sp
DCB_se2_ag1_f_01_1,15254,IH1,5794,really,413.8490918335115,1659.3083083714337,2246.732011414407,562.306130101724,1847.0049978974557,2472.6583551755784,562.4154790056151,1847.2844304921994,2468.522680312989,0.17000000000007276,R,L
DCB_se2_ag1_f_01_1,15256,IY0,5794,really,380.8630702961373,1644.322563737116,2600.029183091587,449.37492141636875,1514.5825048866575,2064.787256486503,403.1412541147693,1762.5132546374448,2604.935004491972,0.09000000000014552,L,R
DCB_se2_ag1_f_01_1,15258,IH1,5795,really,507.7353527515521,1792.175122509234,2372.7335815844926,535.9953103887897,1647.1222468684996,2283.2643316678254,505.15955747084416,1927.0492781139885,2388.2871484418597,0.049999999999954525,R,L
DCB_se2_ag1_f_01_1,15260,IY0,5795,really,501.6807760330537,1756.0773534240432,2621.905493002921,649.7164968294414,1937.3795161576566,2660.476591387506,492.11187886502,2231.898845696331,2731.8876096910685,0.11999999999989086,L,W
DCB_se2_ag1_f_01_1,15262,AA1,5796,wanted,654.0320113668716,1350.0734089120056,2443.82876561398,669.4819656505091,1342.7206519155368,2424.68724585395,659.5064777954873,1351.1062758278085,2415.161911446342,0.060000000000172804,W,N
DCB_se2_ag1_f_01_1,15265,AH0,5796,wanted,502.4711408420779,1523.6008192691545,2487.778854023725,539.3380328670438,1593.5126081480691,2736.1402464666494,525.1156107820287,1841.4505885925353,2442.7361801513584,0.03999999999996362,T,D
DCB_se2_ag1_f_01_1,15267,IH0,5797,it,616.0540736071764,1690.0576798621846,2313.191708504526,727.2548243834239,1589.702236162847,2320.2382543872113,569.9716368562468,1783.7296932801034,2431.5353517774697,0.09000000000014552,D,T
DCB_se2_ag1_f_01_1,15270,AH0,5799,and,850.4941753976422,1982.429292360985,3154.694245924502,855.2808620741564,1937.943910998131,3030.504330101614,824.7421700049109,2155.80839882742,2807.2673707609106,0.07000000000016371,,N
DCB_se2_ag1_f_01_1,15272,AY1,5800,i'm,705.4459589425038,1630.135020570508,2213.794898795446,735.0997180985777,1704.7592110865996,2207.416039898069,709.861969350947,1763.7581792917952,2183.0866633887404,0.07999999999992724,N,M
DCB_se2_ag1_f_01_1,15275,AY1,5801,like,743.8047550643205,1910.9079416729933,2876.1357011467862,775.4037363740448,1587.2221871513184,2452.7759822726125,742.2415660220761,1914.8622978434412,3035.391009197465,0.08999999999991815,L,K
DCB_se2_ag1_f_01_1,15278,AY1,5803,i,823.7115945059873,1606.2951254329637,2014.4550464920399,1079.4733593849626,1960.6676527621264,3171.5852956020835,616.6629666608543,2124.7768045915896,2890.8338093729662,0.09000000000014552,spn,HH
DCB_se2_ag1_f_01_1,15280,AE1,5804,have,718.5868740958133,2012.002866813178,2814.121454215383,732.4926747755413,2071.414309179,3115.532709643028,719.9137749890534,2124.541567505808,2914.424210947309,0.05999999999994543,HH,V
DCB_se2_ag1_f_01_1,15284,IH0,5806,to,473.10282933116565,2014.5460060078738,2658.0557450776096,658.3316647176417,2025.3003104861245,2799.606142248894,470.75309568331693,2040.802067202514,2676.427517988587,0.03999999999996362,T,D
DCB_se2_ag1_f_01_1,15286,UW1,5807,do,417.8564183521478,1301.1813098397918,2478.439612362969,573.5810590591024,1891.091538886504,2383.661655425982,437.8421183999604,2017.9435659274002,2304.107276220749,0.15000000000009095,D,EH1
DCB_se2_ag1_f_01_1,15287,EH1,5808,anyway,560.0368553123526,2194.038649127589,2589.5621497104803,573.4529026854246,1924.0672318491002,2399.702995399452,550.1927685217779,2210.9987949977394,2590.8297264925404,0.049999999999954525,UW1,N
DCB_se2_ag1_f_01_1,15289,IY0,5808,anyway,447.16515588398835,2308.070897867077,2656.1225596361473,451.2939433870812,2289.5672900832033,2980.9945312866125,437.9324060804302,2471.3694716461046,2732.954965441088,0.09000000000014552,N,W
DCB_se2_ag1_f_01_1,15291,EY2,5808,anyway,638.013377134504,2076.6713129905643,2479.9300141330573,659.5974061207176,2036.740005904902,2387.745678322426,575.3043878503378,2333.520411165679,2962.9960093009463,0.11999999999989086,W,sp
DCB_se2_ag1_f_01_1,15294,OW1,5810,so,623.2461966358811,1400.500153541645,2517.5794704935984,770.5294004234311,1865.1710079709526,2137.209543994456,701.9078560150109,1937.3764867163948,2282.9307648513063,0.21000000000003638,S,
DCB_se2_ag1_f_01_1,15298,AE1,5812,that,1011.2869791384045,1993.3257958738072,2970.987373589648,1077.531821489427,2019.8554899079252,2983.0761561421987,832.6380353036757,2089.990203988214,3049.3658591677017,0.10000000000013642,DH,T
DCB_se2_ag1_f_01_1,15301,ER1,5813,works,581.3464254109529,1518.028033924708,1981.5915604114873,674.5934770091816,1296.3908666565653,2106.1713180140573,570.4093003524921,1719.4608618129635,1939.7993892390377,0.09000000000014552,W,K
DCB_se2_ag1_f_01_1,15305,UW1,5814,too,494.92533588091214,1552.2034671529389,2704.631681423508,500.1995016253199,1641.244286122039,2704.919811202556,486.5953263086099,1666.5598447836078,2647.434331842992,0.049999999999954525,T,sp
DCB_se2_ag1_f_01_1,15310,UW1,5818,you,409.32606310937075,906.5367885827009,2501.2129543535148,663.2823802098527,2021.0838929984552,3445.5826812981823,573.5936593791738,2077.8669507027025,3199.474771259028,0.09999999999990905,Y,K
DCB_se2_ag1_f_01_1,15312,AH0,5819,can,518.7712140418658,2445.6244624702745,2690.865891455141,690.1119405771207,2274.928736512723,2837.829241004726,524.0835991841494,2445.4266011847067,2699.738340571632,0.03999999999996362,K,N
DCB_se2_ag1_f_01_1,15315,OW1,5820,go,720.930040139805,1510.6299543302932,3013.974547261521,724.1416688038927,1551.6974572465672,3043.8239316894287,564.4813710056475,1942.0276475995363,2946.0018607707266,0.18000000000006366,G,sp
DCB_se2_ag1_f_01_1,15321,IY1,5824,she,496.02152010667936,2355.8373507072524,3388.4817453713727,601.4089965143024,2494.9439677095115,3378.03073520826,576.3804640235907,2529.323708101256,3335.2176781785315,0.21000000000003638,SH,sp
DCB_se2_ag1_f_01_1,15324,IY1,5826,she,519.2887780822541,2170.28173410606,3084.856324532427,753.091681657813,2011.6937880154271,3014.354935064066,553.7023990630125,2310.706684535651,3102.630313518643,0.06999999999993634,SH,sp
DCB_se2_ag1_f_01_1,15328,IY1,5828,she,536.1672806290885,2547.5345990736446,2863.412997299223,562.8450491697753,2520.3227518799254,3203.067074144048,543.1163274577101,2601.8130746328293,2892.1447599200774,0.07000000000016371,SH,IH1
DCB_se2_ag1_f_01_1,15329,IH1,5829,is,583.9367924522782,2200.9691477405186,3149.9638282947226,625.289793472579,2440.6620216592123,3105.875615713517,562.8450491697753,2520.3227518799254,3203.067074144048,0.08999999999991815,IY1,Z
DCB_se2_ag1_f_01_1,15332,EH1,5830,secretary,732.7015460112168,2019.307604227867,2399.678252686549,839.8578064701934,2063.714708736073,2667.6878285209236,759.694262502905,2099.138786457714,2640.78921813603,0.06999999999993634,S,K
DCB_se2_ag1_f_01_1,15335,AH0,5830,secretary,502.24491676522354,1891.993858909693,2907.7123273593265,612.9945927806581,1959.0402400223436,2858.552291285171,559.1904026988963,2013.8996005891877,2928.465086328304,0.07999999999992724,R,T
DCB_se2_ag1_f_01_1,15337,EH2,5830,secretary,622.2755805117579,2009.258764737755,2474.6255523314862,649.5997461496269,2015.3393237658652,2679.997350725613,597.5596805704805,2059.8549664705142,2762.607678693708,0.05999999999994543,T,R
DCB_se2_ag1_f_01_1,15339,IY0,5830,secretary,560.2767014573877,2213.1136666793295,2642.9410314778643,687.8672824773078,1971.899857755959,2553.7523605462547,524.1347419133845,2398.0613099666393,2428.2230262952316,0.10999999999989996,R,
DCB_se2_ag1_f_01_1,15343,AH1,5832,but,654.2844937471873,1959.9715810093765,2955.389570996832,668.6085898308957,1929.1936879736197,3115.1352355834956,650.8717453704735,2060.4992002743666,3099.6841056431517,0.08000000000015461,B,T
DCB_se2_ag1_f_01_1,15346,IY1,5833,she,555.9184583542298,2380.1509238684002,3137.5497600720973,601.2534998061117,2338.905663332175,3053.409491423825,511.0800078750039,2514.1552730694116,2585.5280901477645,0.32999999999992724,SH,sp
DCB_se2_ag1_f_01_1,15349,EY1,5835,basically,430.79580984273775,1906.8829779150105,2674.458292320669,526.5891256343089,2014.031516709079,2947.4557654634964,418.9439463094253,2496.4591268102313,2773.950568524293,0.10999999999989996,B,S
DCB_se2_ag1_f_01_1,15351,IH0,5835,basically,439.8424879396294,2006.5242565954434,2964.168917458944,497.1890138530727,2118.8348762253777,3008.038462165492,486.87083220333136,2224.8452456804,3251.812268002789,0.08000000000015461,S,K
DCB_se2_ag1_f_01_1,15354,IY0,5835,basically,417.8154185570058,2062.152174197025,3059.778223082577,590.0493713136702,2469.28787238596,3122.414700716721,583.753301267651,2523.6537597115926,3123.05216801021,0.09000000000014552,L,sp
DCB_se2_ag1_f_01_1,15356,IH1,5837,is,473.5673615331694,2232.4597640790284,3049.4275110047793,519.8454030930395,2161.293548919771,2988.544427451919,464.6184389979047,2646.9642998867776,2754.6809327896194,0.2300000000000182,sp,Z
DCB_se2_ag1_f_01_1,15359,AY1,5838,vice,734.3678486201379,1829.4971254387829,2252.8200998626235,882.3942438738632,1534.8129254776836,2354.8839729306474,596.584104470611,2142.64518029826,2910.8470797014193,0.12000000000011823,V,S
DCB_se2_ag1_f_01_1,15363,EH1,5839,president,605.8835965848248,2045.009975404647,2495.7703137449244,718.0651100164981,1807.666724719766,2346.956645482969,606.2401543653617,2044.723467341995,2508.7768069311824,0.09999999999990905,R,Z
DCB_se2_ag1_f_01_1,15365,IH0,5839,president,429.0563813733412,1707.0355116693977,2576.8053542722505,460.65706201674845,1773.6320832885601,2749.1015444172435,447.07529767033566,1802.046297108896,2796.473554424874,0.03999999999996362,Z,D
DCB_se2_ag1_f_01_1,15367,AH0,5839,president,558.7082014044745,1484.1723600150099,2183.593171756851,598.0954298116843,2163.9639119006156,3081.0252320999975,598.1026856683116,2163.9901209420973,3079.4109247816646,0.09999999999990905,D,N
DCB_se2_ag1_f_01_1,15372,AH1,5841,but,457.2125306831917,1511.7566003485306,2752.827482958007,500.0196941772457,1486.8821651972971,2404.173667509386,445.60484814583407,1822.0274982311714,2916.879900872581,0.029999999999972715,B,T
DCB_se2_ag1_f_01_1,15376,IY1,5843,she,546.7906400543264,2196.8555041879117,3144.5265466505607,576.9466829885018,1931.9939619445317,3140.320948232536,526.3372296443423,2294.2817749201295,3095.984554403438,0.09000000000014552,SH,Z
DCB_se2_ag1_f_01_1,15379,AY1,5845,like,789.4028548467436,1783.9102809834721,2454.0839239001966,828.9319691563147,1680.044943390414,2422.433333335216,751.0601118069143,1889.6050537238793,2948.019560682674,0.05999999999994543,L,K
DCB_se2_ag1_f_01_1,15382,AY1,5846,my,826.5323372057697,1360.6637670579746,2057.6498888722203,914.5887033752789,1230.4299932757967,1894.1902480352417,859.5110588125735,1395.6134300150502,2017.0150713438115,0.07999999999992724,M,R
DCB_se2_ag1_f_01_1,15384,AY1,5847,right,612.3305332825311,1743.7984964547243,2435.8219876601584,745.4942808553988,1419.0036406730956,2018.6633775327048,608.8096676788163,1904.8605110121234,2693.5815481993036,0.060000000000172804,R,T
DCB_se2_ag1_f_01_1,15387,AE1,5848,hand,650.8882715332009,1812.7917627866927,2626.184489870968,693.7597340901028,2139.672370503407,3065.781635204217,644.071154992166,2193.944396720731,3267.635040098412,0.13000000000010914,HH,N
DCB_se2_ag1_f_01_1,15391,AE1,5849,man,636.7744224714015,1996.9418325940414,2282.609286421898,677.7302398695134,2120.334604067786,2812.0901458385383,651.5537097655969,2154.730849069707,3126.222723352588,0.19000000000005457,M,N
DCB_se2_ag1_f_01_1,15395,AO1,5851,for,562.5718978582406,1120.924099659789,3114.0184179157573,608.611411434124,1270.5055557183805,2810.8061058428757,608.611411434124,1270.5055557183805,2810.8061058428757,0.049999999999954525,F,R
DCB_se2_ag1_f_01_1,15398,EH1,5853,everything,735.2890711271467,1991.810794556711,2549.18421423831,800.1833046443442,1664.2421995480538,2636.949324019083,726.3428273061633,2375.0428154148553,2859.2437856262286,0.12999999999988177,sp,V
DCB_se2_ag1_f_01_1,15401,IY0,5853,everything,506.05041987323415,2388.1878862344815,2889.1916839567584,539.8990458954278,1714.389762706166,2514.546614010924,460.36752402646096,2395.836936448377,2742.9276832233163,0.06999999999993634,R,TH
DCB_se2_ag1_f_01_1,15403,IH2,5853,everything,523.7179919254177,2258.634658419603,3056.290697093274,590.0707836949033,2065.3450359346416,2967.3878531843725,562.6279528410056,2358.438793281855,3095.349794057616,0.040000000000190994,TH,NG
DCB_se2_ag1_f_01_1,15407,EH1,5854,when,644.0681271331613,1531.0385283125895,3470.5952183208205,655.2220542509365,1593.3699698962275,3173.98119943485,654.341264769743,1593.051416347524,3201.7859135503254,0.029999999999972715,W,N
DCB_se2_ag1_f_01_1,15410,AY1,5855,like,866.1198469063578,1415.1120696975022,1978.3954542039564,886.0143383212179,1527.592916777101,1957.5269146301368,776.8642149033601,1779.783481737921,2507.5840790550924,0.08999999999991815,L,K
DCB_se2_ag1_f_01_1,15414,IY1,5857,we,554.8484963558697,2642.031859416981,3086.1631808832835,558.8027552665299,2575.4239408543017,3100.40586923561,512.6344441821392,2681.3551346622457,3053.9884470987295,0.049999999999954525,W,G
DCB_se2_ag1_f_01_1,15416,AA1,5858,got,773.4192794326283,1984.5648527316753,2106.9932753466,798.0984349333256,1968.1351185848146,2906.498594291138,641.406804953582,2173.420836487583,3144.5995620421627,0.0500000000001819,G,T
DCB_se2_ag1_f_01_1,15418,AH0,5859,a,649.6891633949991,1729.3779790582105,2903.915248881709,754.4820616328111,1768.7064223256311,3067.8884972228743,712.6296051490853,1852.3758942163333,2981.1340987933027,0.07999999999992724,T,P
DCB_se2_ag1_f_01_1,15421,AA1,5860,problem,828.7819619233537,1400.8152082262923,2526.728589738425,853.0157034781473,1411.1587821412825,2511.1962297665577,849.22485810498,1415.4015877127122,2517.936425397863,0.03000000000020009,R,B
DCB_se2_ag1_f_01_1,15424,AH0,5860,problem,628.4505745735486,1215.3748220790626,2249.596318368466,657.5671152012203,1222.5692132049876,2299.7551833350126,616.515173977412,1287.0642540184397,2765.63953174338,0.029999999999972715,L,M
DCB_se2_ag1_f_01_1,15427,IH0,5861,with,513.4071149520155,1346.4356927557847,3112.3742960519235,534.0650932351857,1205.3538885054772,3260.7082605935407,508.1341583048628,1530.3569658384097,3199.0297508555677,0.029999999999972715,W,DH
DCB_se2_ag1_f_01_1,15430,IY1,5862,keystone,492.5712270264028,2453.9826777854864,3132.097616412143,522.6172356887676,2644.3344627475403,3162.758296568245,522.7641587074057,2646.5401240881197,3159.8967921492717,0.07999999999992724,K,S
DCB_se2_ag1_f_01_1,15433,OW2,5862,keystone,676.4597866902054,1522.0363284193938,3197.3600714115632,678.7596207147056,1508.61148279177,3227.262224805427,661.0257179795169,1631.720790808058,2961.115856565412,0.06999999999993634,T,N
DCB_se2_ag1_f_01_1,15437,EH1,5864,let,701.2809175539819,1924.2695483693997,3058.2569677925926,706.2726669581813,1772.4271957419774,3045.720265109971,688.8193935825307,1983.796456538295,3011.4803196582166,0.049999999999954525,L,T
DCB_se2_ag1_f_01_1,15440,IY1,5865,me,437.93368241478663,2027.6640235129998,2931.70377526195,510.248854694032,2048.23205434328,2930.0702125433218,460.13424264731253,2715.9477152548548,3015.465979605034,0.05999999999994543,M,T
DCB_se2_ag1_f_01_1,15442,AO1,5866,talk,639.1598697570404,1338.5055063462169,2766.397002219038,684.5235530239759,1457.7538175071177,2824.7663982206454,685.1468099086118,1461.7351040933959,2839.486464176378,0.049999999999954525,T,K
DCB_se2_ag1_f_01_1,15445,AH0,5867,to,675.4893990093259,1449.3516548453365,2595.350245646855,727.3726036443522,1560.1312506797242,2535.461125412252,654.5451512601944,1587.9130436508767,2679.165367140356,0.049999999999954525,T,HH
DCB_se2_ag1_f_01_1,15447,ER1,5868,her,655.5927229171781,1558.5489282988337,1861.1589935910797,751.3845488324641,1557.3344888322108,1946.34299292081,643.1844927975781,1745.6683188054737,2053.915584738469,0.15000000000009095,HH,AH0
DCB_se2_ag1_f_01_1,15448,AH0,5869,about,412.0151643440467,1658.9645563868667,2304.845376780817,580.3399014360918,1582.1954452602924,2022.1253994633717,411.3125645989344,1782.4967893577214,2077.241741244291,0.049999999999954525,ER1,B
DCB_se2_ag1_f_01_1,15450,AW1,5869,about,890.4430047834495,1444.6274359332986,2461.924081525593,893.8946290180937,1439.164250030852,2562.382209857114,740.1972912630526,1586.3103518466985,2731.187910850517,0.12000000000011823,B,T
DCB_se2_ag1_f_01_1,15452,IH0,5870,it,700.4896879235723,1605.6164311468337,3050.9052771254715,750.2565962089793,1584.4666756953725,3034.016054632821,563.4228149646174,1723.8984544666785,3057.4861566578243,0.029999999999972715,T,T
DCB_se2_ag1_f_01_1,15455,AH0,5872,and,439.129372012143,1669.7526399289522,2676.784815368846,897.450831083273,1838.6338890680584,3143.721831456095,832.6166035939866,1878.8357872928063,3149.3243660827575,0.049999999999954525,,N
DCB_se2_ag1_f_01_1,15459,IY1,5873,she,570.2322240041372,2683.755379023504,3054.6191489284006,608.409815090624,2563.74131414846,3177.779979172206,568.2631166392122,2730.1269928322886,3033.664268326829,0.03999999999996362,SH,IH1
DCB_se2_ag1_f_01_1,15460,IH1,5874,is,577.4717316959812,2357.035216350708,3137.5355703939917,622.2292495564493,2500.0781027404614,3197.533696476993,608.409815090624,2563.74131414846,3177.779979172206,0.05999999999994543,IY1,Z
DCB_se2_ag1_f_01_1,15463,AH0,5875,the,548.7810780117766,1556.7510190508824,2728.748161205535,591.8798943489842,1665.7174037811155,2769.8438309508024,551.0014939767094,1811.9944552367954,2821.014233360701,0.060000000000172804,DH,P
DCB_se2_ag1_f_01_1,15465,ER1,5876,person,630.1269442191366,1625.9152658438993,2097.7918594374596,678.3393334074102,1429.3430745345845,1980.5902790579182,591.535492063437,1775.354017818169,2153.042498166744,0.06999999999993634,P,S
DCB_se2_ag1_f_01_1,15467,AH0,5876,person,503.5388331491557,1736.5404656234412,2541.6247847071327,701.7640159040975,1765.545001787223,2691.9797182560087,457.52928326400183,1894.8821585131066,2633.499182084213,0.029999999999972715,S,N
DCB_se2_ag1_f_01_1,15470,IY1,5877,she,546.5799744667765,2087.779753849632,2767.8372376454454,587.6568034116139,1966.3505274625545,2679.0771921897363,501.2849654934902,2302.7235623174156,2719.904181307218,0.05999999999994543,SH,Z
DCB_se2_ag1_f_01_1,15473,AH0,5879,the,553.0495797810056,1828.2291237341508,3045.961374312897,575.8945554564996,1919.1279509905419,2939.9748551166617,522.7893279847648,2143.711453672893,3766.6243022604067,0.06999999999993634,DH,G
DCB_se2_ag1_f_01_1,15475,OW1,5880,go,576.1797621641934,1231.9009348948302,3194.180859973487,583.2386356291158,1241.7008029853087,3098.601995714739,470.71428603477403,1417.7401253482417,2967.853865497604,0.11000000000012733,G,T
DCB_se2_ag1_f_01_1,15477,UW1,5881,to,560.9369243193676,1122.263793208306,2876.037924310006,565.7984594856332,1141.979120831342,2919.4791875056903,493.78098509803493,1830.1490196429384,3227.376965766331,0.10000000000013642,T,P
DCB_se2_ag1_f_01_1,15479,ER1,5882,person,589.4972773423209,1531.376969311897,1783.0576893769385,663.0490405436407,1465.423030344195,1634.3584769516144,499.8934011489931,1802.095317021767,2392.017125412112,0.09999999999990905,P,S
DCB_se2_ag1_f_01_1,15481,AH0,5882,person,495.8028911538294,1983.11606506006,3154.28757972085,753.781338601671,1809.234895258013,2920.2487046366723,494.6747982023705,1983.257693038862,3141.0321634866073,0.029999999999972715,S,N
DCB_se2_ag1_f_01_1,15486,EY1,5884,basically,546.8972895060544,2019.0130652328003,2870.560853183639,567.0975216476253,2024.0842261672371,2752.8488040991506,447.63372614842643,2217.4025377491043,2696.8981546302666,0.10999999999989996,B,S
DCB_se2_ag1_f_01_1,15488,IH0,5884,basically,552.4978537154492,2232.539165315732,2996.0600831545016,580.8433750500327,2072.245041483989,2851.232214692582,500.44065146926476,2293.2157070757985,2715.0284306633916,0.07000000000016371,S,K
DCB_se2_ag1_f_01_1,15491,IY0,5884,basically,574.1050508350115,1483.9991098691444,2691.642590257019,751.6612532734067,1333.7779932673627,2699.15049192998,459.6055073941477,1612.2854281938169,2807.5794301026026,0.029999999999972715,L,sp
DCB_se2_ag1_f_01_1,15493,AY1,5886,i've,911.8334823669683,1624.950163620766,2318.610390907096,912.396311055356,1636.4804992962734,2344.8401328002396,482.03099988713086,1821.3716563533837,2663.484171726907,0.09000000000014552,sp,V
DCB_se2_ag1_f_01_1,15496,IH1,5887,been,703.0489060088403,2051.758627212473,3025.61567944318,748.438858722323,1884.0241819089745,2874.5321947054663,701.8538916767036,2066.0182103319826,3005.9748481323386,0.05999999999994543,B,N
DCB_se2_ag1_f_01_1,15500,AY1,5889,i,562.8713027118391,1899.0607973083393,2484.427750871378,569.1722020251764,1810.492098042604,2471.2280599747987,545.5506720909931,2040.2062577193806,2570.260218876043,0.03000000000020009,sil,
DCB_se2_ag1_f_01_1,15503,IH1,5891,it,580.8324588139087,2450.6966525607872,3188.7525117889254,609.3078475697836,2294.5249714603488,3188.4026075219194,487.4344253347705,2538.8136715759592,2921.712228274992,0.18000000000006366,sil,T
DCB_se2_ag1_f_01_1,15506,IH0,5893,it,579.8439728786165,1751.149564180518,3013.296732992441,636.3786383447334,1763.834348476353,2869.911364237687,611.7791147451392,1870.5914453047264,2862.0854173885004,0.10000000000013642,sp,T
DCB_se2_ag1_f_01_1,15511,AH1,5895,one,709.6922339311731,1397.194896079855,3409.0448920325066,749.6484634660804,963.3049857961378,3482.5973726224584,682.619406517679,1736.5236360177116,3116.9389647358416,0.07000000000016371,W,N
DCB_se2_ag1_f_01_1,15514,IH1,5896,year,559.0932228006191,2229.135187788118,2576.9714274258013,571.910659111374,2167.027444273256,2652.267334779672,486.3310361671506,2658.4823188367855,2849.487513424666,0.12000000000011823,Y,R
DCB_se2_ag1_f_01_1,15516,AE1,5897,and,622.5398250335352,2316.270835187914,2474.6317723524894,625.3915716352393,2350.52467474166,2459.3949093242627,619.0457938776501,2391.949398589346,3162.407762287886,0.05999999999994543,R,N
DCB_se2_ag1_f_01_1,15519,EH1,5898,then,595.8367921670836,2172.2723163567825,3240.3231292212745,597.0571621917857,2185.843159937124,3240.909350805925,560.7303926225064,2330.6175326726693,3213.1078718934914,0.049999999999954525,DH,N
DCB_se2_ag1_f_01_1,15521,AH0,5899,i'm,729.9239190173626,1376.979625279478,2122.161765390307,737.5536798804594,1617.0834693177733,2185.1637938650006,701.8936016517926,1709.9493711289488,3005.690559677013,0.05999999999994543,N,M
DCB_se2_ag1_f_01_1,15524,OW1,5900,going,661.6072871197208,948.4041457446864,2968.5172679815137,699.0451278105818,1101.434918513468,3133.625935003905,687.7533089474182,1269.9892796274016,3381.995170821681,0.06999999999993634,G,IH0
DCB_se2_ag1_f_01_1,15525,IH0,5900,going,625.3901302466451,1427.0347668508703,3242.7073546537927,654.0676320540192,1267.946722980565,3172.28645105158,591.480806032903,1550.1883088970303,3158.1067240659854,0.03999999999996362,OW1,N
DCB_se2_ag1_f_01_1,15527,IH0,5901,into,582.1342581527796,2148.89404439723,3386.8851885561776,619.380462149064,2177.957532457216,3386.025266597959,618.5566951552134,2177.3891575486414,3386.4897418557184,0.040000000000190994,N,N
DCB_se2_ag1_f_01_1,15530,UW1,5901,into,540.7211969463652,1478.4475177451552,3340.658916565887,566.4103401917323,1465.4372844074367,3254.196525091416,503.388686230806,1755.1117206808738,3226.876073792664,0.049999999999954525,T,M
DCB_se2_ag1_f_01_1,15532,AY1,5902,my,840.0118270155424,1798.2046222199192,2652.840658152694,908.6454439787244,1782.0081611282103,2589.998383757562,773.6407260578309,1878.0338251905887,2904.5875544790697,0.09999999999990905,M,S
DCB_se2_ag1_f_01_1,15534,EH1,5903,second,723.6065690849828,2022.6543683593911,2949.9234056212213,738.3990969135821,2014.5474745949705,2869.2642728948963,710.5841300213654,2055.2803080430726,2752.6488403394574,0.060000000000172804,S,K
DCB_se2_ag1_f_01_1,15536,AH0,5903,second,564.7989014308486,2446.9792411120134,3047.634449886524,698.0217093021873,2253.0936961844764,2604.6058977892594,574.5792198502247,2472.8109838749124,2990.053844200172,0.029999999999972715,K,N
DCB_se2_ag1_f_01_1,15541,ER1,5905,term,606.1233322433691,1608.6383029461776,2041.311015248009,703.901200582773,1263.1515626585115,1944.3122638332306,606.5632872924341,1929.4266376628432,3142.1890435699656,0.13000000000010914,T,M
DCB_se2_ag1_f_01_1,15550,AY1,5911,my,638.0019419920193,1828.3142045873751,2580.2463427077446,665.9181900768829,1824.1087771870534,2551.393889579223,635.9942687128333,1973.427595187279,2261.729883172006,0.029999999999972715,M,EH1
DCB_se2_ag1_f_01_1,15551,EH1,5912,s,573.3263832619118,1268.2551110973247,2908.365907099449,748.0637588108002,1831.8034598980662,2679.1252079771957,643.3698490189122,2350.653490570818,2610.0647870482258,0.75,AY1,S
DCB_se2_ag1_f_01_1,15555,AY1,5914,my,671.0474079326428,1739.082317964565,2471.5995795007007,700.4344762742822,1743.494318034046,2435.7144421245775,626.2011631833628,1755.2668340611526,2490.178329550489,0.029999999999972715,M,S
DCB_se2_ag1_f_01_1,15557,EH1,5915,second,658.3000780213489,1771.1610475030534,2451.8285108898863,696.7955827845027,1735.8154191517613,2334.0428023390737,691.7698591452308,1848.0440610336843,2276.846787452072,0.10000000000013642,S,K
DCB_se2_ag1_f_01_1,15559,AH0,5915,second,592.5002482829574,1689.2207313346332,2134.487312822308,662.9372100541677,1876.6156164019178,2125.8111513166273,662.9372100541677,1876.6156164019178,2125.8111513166273,0.03999999999996362,K,N
DCB_se2_ag1_f_01_1,15563,ER1,5916,term,645.2873151583832,1867.1231261962726,2369.902966008974,731.871498229826,1701.020088139508,2312.322816198724,582.0751066945576,1991.0088014174282,2457.2753566474094,0.1999999999998181,T,M
DCB_se2_ag1_f_01_1,15567,AY1,5918,right,535.6476680877914,2189.7693823194436,2401.747349885354,554.494484008745,2113.8080342076896,2329.384477998966,549.3747641587162,2250.0184157966864,2458.775530311303,0.029999999999972715,R,T
DCB_se2_ag1_f_01_1,15571,IH1,5920,mr,399.49284257607934,1724.4646369716118,2535.3966606887534,462.878347170295,1908.0019357140604,2816.572135079823,460.629100384838,1915.7373987739932,2841.931017923558,0.029999999999972715,M,S
DCB_se2_ag1_f_01_1,15574,ER0,5920,mr,390.2366295303802,1996.818891707548,3125.9137845422833,463.4536856709313,1539.595167633163,2556.329966503842,378.1379058545918,2078.461133376763,3089.556612285227,0.029999999999972715,T,TN
DCB_se2_ag1_f_01_1,15581,AY1,5926,right,811.1924887992316,1714.1009768313284,2178.174601521738,818.6689108116034,1692.6933052154866,2163.3903476091027,788.5445410589622,1712.1411214437446,2234.1811660143294,0.08000000000015461,R,T
DCB_se2_ag1_f_01_1,15585,OW2,5928,okay,676.4642286361322,1539.6026532714427,3127.7677110785235,911.4579371437133,1346.8594181309786,2434.363643257955,654.6359335150078,1941.3485051989342,2757.9005936223466,0.1799999999998363,sil,K
DCB_se2_ag1_f_01_1,15587,EY1,5928,okay,691.353003090269,1848.1879155358015,2887.415702456396,714.3353734535642,2156.236286064929,2793.4518090503934,688.8473912422851,2469.528332531203,2883.449467640405,0.16999999999984539,K,sp
DCB_se2_ag1_f_01_1,15591,OW1,5930,so,687.9389751382088,1141.0702443334774,3021.710203873297,734.7880532826053,1643.0901731125277,2946.8008767977813,710.8833527715825,1650.4959842068288,2952.4399122389473,0.2999999999999545,S,AH1
DCB_se2_ag1_f_01_1,15592,AH1,5931,uh,839.5974978926546,1563.2845724738572,3111.4004500744277,914.9697780791533,1447.0143974126183,3040.7663422388564,800.2016976942631,1577.7303388062837,3149.4572209100406,0.4099999999998545,OW1,sp
DCB_se2_ag1_f_01_1,15595,AE1,5933,that,757.178686701085,1967.6715681856613,3123.4028469036116,772.9156788588602,1784.4469248976995,3073.9638373493126,650.5014610662007,2055.6667736044956,3193.202125876072,0.03999999999996362,DH,T
DCB_se2_ag1_f_01_1,15598,AA1,5934,was,643.7531726776455,1600.1271205278024,3237.3333092696107,667.4346927707397,1376.3848049905632,3201.510357466429,645.3376520209922,1599.1932434252521,3232.9135193158013,0.05999999999994543,W,Z
DCB_se2_ag1_f_01_1,15601,EH1,5935,when,661.4158728046216,1528.7971211575218,1702.2109404269231,703.5359251512515,1305.167032480054,2078.421448496594,692.4688056367568,1621.1475970413046,3390.605633406677,0.14999999999986358,W,N
DCB_se2_ag1_f_01_1,15604,AW1,5937,our,927.9615151938402,1666.7579779414625,2528.3400115056797,1043.0625943543919,1777.438286706523,2171.799843526368,1025.4883502615262,1817.5277140182766,2365.722513007448,0.2699999999999818,sp,ER0
DCB_se2_ag1_f_01_1,15605,ER0,5937,our,622.5927681051849,1158.8343182861122,2724.9410958132044,652.2081153814316,1268.6656679941657,2782.663289406352,625.0878069635238,1396.2881192272164,2878.8250367257,0.05999999999994543,AW1,B
DCB_se2_ag1_f_01_1,15608,AE1,5938,branch,704.0858523864862,2018.7406996464815,2243.454306029623,714.7502407194695,1841.0483909566,2140.9476434654757,701.3257770229695,2039.1290359161958,2269.3096586029246,0.049999999999954525,R,N
DCB_se2_ag1_f_01_1,15612,AY0,5939,director,760.017163411053,1941.519584593561,2498.0797396985313,758.8542173820739,1941.7800843447878,2488.4392961442477,688.676856033651,1983.5333322964789,2518.6939361474147,0.060000000000172804,D,R
DCB_se2_ag1_f_01_1,15614,EH1,5939,director,684.3334037535096,1911.1696609022927,2412.429589780623,685.0832736119636,1926.422502747427,2421.3223741222055,663.2927204052227,1960.3402256111192,2439.0354330364808,0.049999999999954525,R,K
DCB_se2_ag1_f_01_1,15617,ER0,5939,director,541.535060285521,1573.5965958128643,2731.8424352962197,558.7545326062569,1333.3081622522207,2817.3708817556517,499.607810149733,2067.045833338498,2217.640402445648,0.0500000000001819,T,W
DCB_se2_ag1_f_01_1,15619,AH0,5940,was,471.7058373086479,1569.289895126645,2394.0184669224654,546.0459058912019,1539.4843224676054,2388.0401312583876,457.5750148215948,1712.794005465004,2931.3148507168944,0.029999999999972715,W,Z
DCB_se2_ag1_f_01_1,15621,AH0,5941,a,595.2389117242076,1789.8847760349352,3017.804913971729,600.4235561226075,1811.449459107148,3059.652343344763,582.7234857880187,1825.908604993818,3087.014544008397,0.060000000000172804,Z,M
DCB_se2_ag1_f_01_1,15623,AE1,5942,man,661.7346478632812,1880.9125411000252,2706.981465985135,686.093072153106,2111.2930542144736,3508.21983293101,618.2802115282067,2194.283801126146,2992.170897489677,0.09999999999990905,M,N
DCB_se2_ag1_f_01_1,15626,EY1,5943,named,593.9370656529642,2250.0516741531324,2876.0490966963685,609.7928068051439,1382.9475150071496,2268.219508532301,585.9121976686216,2682.349354561661,3037.573557927251,0.07999999999992724,N,M
DCB_se2_ag1_f_01_1,15630,IH1,5944,mr,635.154739736801,2139.987699468132,2830.6237655189475,640.6932928453301,2095.881918493659,2889.5504373630943,619.5876666809413,2179.797688396297,2453.43649116824,0.07000000000016371,M,S
DCB_se2_ag1_f_01_1,15633,ER0,5944,mr,427.2398434875743,2144.556752985446,2568.2210910004255,523.6350047982776,2117.4638411613046,2938.7846831925567,481.7589642720907,2339.3449270541146,2818.5864574075586,0.07999999999992724,T,TN
DCB_se2_ag1_f_01_1,15636,IY1,5946,he,400.57015325801706,2515.669703373563,3123.5993126320654,480.3156835826568,2235.6939580486496,3145.4811462457674,397.78611680765954,2522.1620331844792,3122.532488642633,0.07000000000016371,HH,S
DCB_se2_ag1_f_01_1,15639,EY1,5947,stayed,586.7292116105046,2408.8505359209585,3073.3358598018463,610.6870586128724,2220.6730497121575,2921.894756686313,580.5730741071956,2425.2793076532416,2878.8811857947708,0.06999999999993634,T,D
DCB_se2_ag1_f_01_1,15642,ER0,5948,for,616.3390821485148,1387.8614280892818,2343.096372257894,619.2895749797947,1545.1354984180277,2866.898124065254,619.2895749797947,1545.1354984180277,2866.898124065254,0.03999999999996362,F,L
DCB_se2_ag1_f_01_1,15644,AY1,5949,like,747.7129832659664,1540.462678185508,2294.871867794903,782.4052341192111,1618.4636366130765,2667.1140840886933,687.5195569568689,2120.906613647356,3014.604042673514,0.049999999999954525,L,K
DCB_se2_ag1_f_01_1,15646,AH0,5950,a,699.4611381343234,1411.049313308161,3003.2209211280033,699.2388181430769,1410.526466323114,2991.5663670360746,592.3624055378161,1504.8321321000496,3035.109578585422,0.08999999999991815,K,sp
DCB_se2_ag1_f_01_1,15649,AH1,5952,month,687.3381823547606,1586.9707492766934,3100.171665723192,732.1299773802548,1511.9141818525172,3093.0232540050592,691.0945152565879,1616.9103359288695,3226.0913790114037,0.06999999999993634,M,N
DCB_se2_ag1_f_01_1,15652,ER0,5953,or,548.4343317401763,1514.879648416676,2025.3750776308516,634.0392980369535,1651.831606634021,2207.9174687662157,573.3936858726566,1672.4929739349027,2335.4960960157214,0.13000000000010914,TH,T
DCB_se2_ag1_f_01_1,15654,UW1,5954,two,474.0116292687962,1275.9177205287365,2463.1979747903347,619.8305899819817,1600.49606109683,2778.033221028335,552.155152094816,1843.3496086629018,2510.926409527369,0.20000000000004547,T,
DCB_se2_ag1_f_01_1,15657,IY1,5956,he,366.23946949384964,2148.110523972154,2908.6957556682937,481.3212615721712,1482.3117998335315,2609.7306815331262,373.08330947344376,2217.8660347228365,2886.5517315792017,0.03999999999996362,HH,W
DCB_se2_ag1_f_01_1,15659,AA1,5957,was,468.7258947752828,1550.936433615422,2905.033697366766,505.6156244757054,1306.4583623971241,2868.225151270157,455.6341466990631,1597.6411806966942,2714.0411615145285,0.049999999999954525,W,Z
DCB_se2_ag1_f_01_1,15662,AA1,5958,not,997.5255134454721,1936.1445087869802,2714.0167451409375,1008.0162495906794,1958.653330449869,2750.96616341107,906.0638246898718,1974.7096265157293,2736.691197551021,0.06999999999993634,N,T
DCB_se2_ag1_f_01_1,15665,IY1,5959,here,506.9099005487385,2042.5865380066493,2442.4555162519064,539.391185409655,1774.9576714132766,2652.186359694029,482.93859051794783,2323.347074581941,2696.988190009019,0.08000000000015461,HH,R
DCB_se2_ag1_f_01_1,15668,AE1,5960,that,665.6867414838651,1136.9950919539635,2147.701179313835,757.1364480565737,1447.0372032385576,1782.617428056739,730.7956115204199,2123.0436668114025,2955.9923887012005,0.09000000000014552,DH,T
DCB_se2_ag1_f_01_1,15671,AO1,5961,long,633.0642493837605,1251.3475843876731,2201.0446331884864,749.3233665099801,1376.6509165219898,3208.6180189080906,734.4587962663437,1398.8151859471018,3303.137892294728,0.16000000000008185,L,NG
DCB_se2_ag1_f_01_1,15675,IY1,5963,e,512.6603292208293,2497.58936599042,2648.775586302291,521.3984369190541,2551.996070108532,2661.607418939157,520.62033504326,2575.8830546963773,2609.6134316149523,0.11999999999989086,sil,sp
DCB_se2_ag1_f_01_1,15677,IH0,5965,exactly,695.9059112567528,1539.6822246739575,2612.9484488519392,701.7885179649975,2057.9947606060123,3001.902231074636,529.3714285651333,2263.586635421794,2987.648383421562,0.10000000000013642,sp,G
DCB_se2_ag1_f_01_1,15680,AE1,5965,exactly,1198.5582127554317,1681.5284489357866,2559.506300603435,1208.380060948299,2127.1374736432945,2910.693344469821,1182.7648662255117,2364.2939386833054,2992.8609832015036,0.10000000000013642,Z,K
DCB_se2_ag1_f_01_1,15684,IY0,5965,exactly,563.2791550827017,2234.8261743221387,2609.241996176099,786.5133401265814,1748.6641046125178,2736.0036776170887,552.8938768406715,2275.8441030902263,2643.161638382652,0.13999999999987267,L,sp
DCB_se2_ag1_f_01_1,15693,AY1,5971,right,563.9337650604408,2568.4249915761143,2606.5298146151413,845.764161239092,1527.4018248409102,1998.8395926372493,581.886001755039,2543.64680625608,2706.1821898078224,0.25,R,T
DCB_se2_ag1_f_01_1,15697,IY1,5973,he,429.431600814693,1785.159686197036,2625.1589570980937,526.8097918040507,1691.0659609066836,2706.597906474848,519.3297839402289,2219.5472548611215,2656.6297760736193,0.13999999999987267,HH,W
DCB_se2_ag1_f_01_1,15699,AA1,5974,was,497.54593344817926,1641.9979037233156,2855.884402077196,504.14500272864655,1564.8873817909541,2844.2563956903014,498.24372547710664,1662.2066372450872,2845.1812852871276,0.03000000000020009,W,Z
DCB_se2_ag1_f_01_1,15702,AW1,5976,our,479.43223428018814,1905.121991405259,2912.833793744431,554.4382427173001,1945.8174676604701,2924.6116083724405,450.743522439454,2057.0797446214506,2998.777418576626,0.029999999999972715,sp,ER0
DCB_se2_ag1_f_01_1,15703,ER0,5976,our,480.74997832788233,2174.872418468202,2887.778219433299,494.53163983258577,2075.1535409055577,2911.3290145743686,480.46948333326964,2439.7442401676076,2924.5584688985855,0.029999999999972715,AW1,HH
DCB_se2_ag1_f_01_1,15705,IY1,5977,he,515.8109440583257,2670.317467520833,2900.7076736173112,591.5798037426447,2755.6383206415526,2966.8671828725764,527.6331290753545,2817.788510547853,2912.2502174029873,0.06999999999993634,HH,W
DCB_se2_ag1_f_01_1,15707,AH0,5978,was,498.54340802313453,1724.5872834524168,2846.328211565225,501.09772696889644,1761.3076161141596,2888.844289269995,496.00150638188524,1821.7586646355867,2924.0437384402117,0.029999999999972715,W,Z
DCB_se2_ag1_f_01_1,15709,AA1,5979,our,824.515239669104,1684.0001790718175,2353.392824234309,825.9789995846855,1672.6422379717708,2347.093047507501,699.5837897950911,1819.6311949174292,2451.6647522503513,0.049999999999954525,Z,R
DCB_se2_ag1_f_01_1,15713,AE1,5980,branch,750.5960927092177,1848.8021335081673,2057.723047685724,762.897802570956,1758.9754511850101,2064.34936452574,730.2194837560504,1872.7102387037294,2047.5380142022798,0.03999999999996362,R,N
DCB_se2_ag1_f_01_1,15717,AY0,5981,director,644.3700509760087,1619.8875291401355,1926.763286309256,647.1333369453581,1822.6199456583315,1921.2797849461526,631.587767903897,1967.488872507157,2137.624570404895,0.040000000000190994,D,R
DCB_se2_ag1_f_01_1,15719,EH1,5981,director,606.254036566229,1571.9755822978848,2227.034130449221,630.8154377183248,1525.277527149058,2328.397630908969,570.9585743384586,1799.0600720265306,2129.592378675307,0.049999999999954525,R,K
DCB_se2_ag1_f_01_1,15722,ER0,5981,director,522.422700799351,1649.3128556966883,2752.169927664295,524.5722518117366,1915.8393704980058,3140.1034454721616,517.9412319358003,2084.626400548448,3251.5527311376713,0.029999999999972715,T,M
DCB_se2_ag1_f_01_1,15724,IH1,5982,mr,600.3079364030357,1984.029445842355,2367.603945066592,601.0947723873743,1951.630968200743,2213.402055180325,582.2568992597493,2113.7211331121957,2974.842505313999,0.05999999999994543,M,S
DCB_se2_ag1_f_01_1,15727,ER0,5982,mr,429.6862172505273,2129.6771384533467,2803.0302357284327,496.36519279740094,2110.16429964855,3023.090048859397,425.0829277614719,2256.6594750437794,3057.865826774867,0.08000000000015461,T,TN
DCB_se2_ag1_f_01_1,15730,AE1,5985,and,778.990231934677,2317.701436750166,3275.347104778316,842.528609587013,2062.155209996365,2915.812686093819,648.8328250360055,2289.9725380575687,3316.5276077648996,0.16000000000008185,sp,N
DCB_se2_ag1_f_01_1,15733,IY1,5986,he,556.3918680404405,3212.1390113499365,3459.463304715535,622.8916871657007,3197.686000827742,3818.1217716910287,570.4034890946479,3236.173119728568,3357.958797643137,0.19000000000005457,HH,
DCB_se2_ag1_f_01_1,15736,IY1,5988,he,466.2170563626561,2534.595659322702,3067.822645353712,627.1548162221758,2425.7390699853972,3403.759134204608,461.5472344369485,2608.3195981149165,3343.2808118575804,0.03999999999996362,HH,HH
DCB_se2_ag1_f_01_1,15738,AE1,5989,had,717.898034015316,1829.7396779858536,2048.1353483346284,762.7662427581092,1851.899565978284,2051.8300928409817,667.4130117306671,1989.6100300971161,2036.1280968842293,0.03999999999996362,HH,D
DCB_se2_ag1_f_01_1,15740,AH0,5990,a,615.6847276653311,1626.1518093623192,2927.1849321558775,686.5165841379209,1730.7280651106637,3241.8553172825596,617.064788246587,1915.2769011997668,2345.6083258983567,0.10999999999989996,D,P
DCB_se2_ag1_f_01_1,15742,AE1,5991,panel,811.5323535178782,1997.118620189045,2978.623866773192,864.1301880273127,2021.4149364049129,2993.8249261387755,782.1348082701098,2111.2568572245527,2427.0639677315494,0.11999999999989086,P,N
DCB_se2_ag1_f_01_1,15744,AH0,5991,panel,623.0709882861291,1316.2674656051472,3351.6902887582573,631.5192346606602,1530.872853020841,3353.058177479865,502.8292137312698,1744.777439202028,2651.9129719187076,0.06999999999993634,N,L
DCB_se2_ag1_f_01_1,15746,AH1,5992,of,712.4577623639503,1638.734310780499,3196.5203015333586,749.4812486645798,1541.5243732442393,3268.235531834625,694.214111319103,1668.3344032340076,3184.6860053087516,0.10000000000013642,L,V
DCB_se2_ag1_f_01_1,15748,AH1,5993,um,746.1774392148712,1484.1080331156911,2093.0324533546946,758.2522366488746,1499.5682411021655,2976.429246647825,688.7841577696248,1553.0910280608518,3320.097752700353,0.15000000000009095,V,M
DCB_se2_ag1_f_01_1,15751,UW1,5994,youth,520.1720877644108,1415.7312371363578,3058.858527031321,532.3775361007586,1428.0082809933783,3122.734277009481,511.13643012340395,2296.5590487538866,2976.0593153573654,0.16000000000008185,Y,TH
DCB_se2_ag1_f_01_1,15755,AE1,5996,and,599.4992288520251,2068.9720815738738,2711.9341339949638,818.8514967616044,2030.8620991713738,3219.9472518544903,586.679642904839,2661.4702995648936,2760.716131783706,0.05999999999994543,sil,N
DCB_se2_ag1_f_01_1,15758,IY1,5997,he,463.0324516711406,2539.6176078852372,3164.2656869357415,488.9025883610216,2783.945116807614,3080.076903392785,487.8298601038188,2795.955185029568,3070.67587265597,0.10999999999989996,HH,L
DCB_se2_ag1_f_01_1,15760,AY1,5998,like,733.8517230625775,1951.5138756009333,2982.5561070507433,810.9914496514866,1812.8070214601203,2930.5425052536752,571.3549225984198,2697.3886448227763,3310.573404264026,0.060000000000172804,L,K
DCB_se2_ag1_f_01_1,15763,AO2,5999,y'all,652.2614303017955,1640.3013954998187,2935.6547687504626,695.62107475866,1509.2585972245934,2910.9670404281906,477.63559528589394,2181.371286425824,3012.2175991173453,0.049999999999954525,Y,L
DCB_se2_ag1_f_01_1,15766,AH1,6000,gonna,628.9413113480535,1346.1292232914595,3213.3211889057525,638.8255924326197,1356.3871361601175,3131.5122871658973,631.4976396639483,1385.668561116953,3097.097832964727,0.03999999999996362,G,N
DCB_se2_ag1_f_01_1,15768,AH0,6000,gonna,570.0725734637389,1652.0996727994777,2705.7744939876657,580.798493056959,1454.229506229094,2637.7504374676937,556.6702367858288,1812.4394359788323,2495.4666014877334,0.05999999999994543,N,sp
DCB_se2_ag1_f_01_1,15770,IH1,6002,interview,598.660456771425,1432.8108371745911,2301.680754583946,643.5088532250131,822.5896441281863,2230.542935931201,625.75045187861,2292.714429229356,2976.94770802156,0.10999999999989996,sp,N
DCB_se2_ag1_f_01_1,15772,ER0,6002,interview,474.8158185428835,1700.1381496997426,2515.3697513236743,610.7393659603572,1553.4219586224153,2617.3193426021994,481.6430130703158,2189.6644872018996,2400.089821155218,0.0500000000001819,N,V
DCB_se2_ag1_f_01_1,15775,UW2,6002,interview,449.5705145622928,1310.1623103381935,2724.140142771452,531.040631237984,1095.604220515514,2743.2942831558935,454.93275121816214,2297.435756107997,2667.0181135452026,0.14000000000010004,Y,sp
DCB_se2_ag1_f_01_1,15778,IH1,6004,mr,568.9784897025114,2041.4005008173997,2929.243682573724,592.7707695312482,1829.842644545805,2750.7984069831814,563.7810059478146,2047.9016151545552,2937.505881218232,0.07000000000016371,M,S
DCB_se2_ag1_f_01_1,15781,ER0,6004,mr,613.1950015701776,1403.6635915768086,3045.2680555026936,614.1529092174128,1406.7150482291497,3054.0804176557576,579.1643816944372,1495.8976296435117,2890.681104421104,0.029999999999972715,T,TN
DCB_se2_ag1_f_01_1,15785,IH0,6007,to,475.116901164687,1727.2387342864913,2924.5677111673685,616.6368889687792,1998.0665514793245,3034.2744728359485,616.6368889687792,1998.0665514793245,3034.2744728359485,0.05999999999994543,T,B
DCB_se2_ag1_f_01_1,15787,IY1,6008,be,483.1816100354492,2839.4621513800525,3044.7722538510116,524.6882748970665,2875.1576970520564,3240.144296831672,450.1149940270646,2883.511012155036,3510.312275112364,0.049999999999954525,B,Y
DCB_se2_ag1_f_01_1,15789,AO1,6009,your,718.6206004732861,1441.1276942946818,2712.766170170579,770.0288982978836,1329.0827632939859,2769.7141466233593,709.5216877544495,1454.1447702491228,2725.9492799126674,0.029999999999972715,Y,R
DCB_se2_ag1_f_01_1,15792,UW1,6010,new,443.9869056076987,1499.236514482598,2993.304330802466,558.1003686550526,1768.0282967393996,3098.6635096271557,531.7108242982924,1981.7690995963778,3049.0703717084916,0.10999999999989996,N,T
DCB_se2_ag1_f_01_1,15794,IY1,6011,team,584.1367534074634,2467.8355294128955,3147.2757110045964,613.2355534457181,2484.507207117884,3213.8600671612817,603.04562467546,2525.7009239650915,3192.2567770047376,0.09000000000014552,T,M
DCB_se2_ag1_f_01_1,15797,IY0,6012,director,650.2374692270002,1744.1715815976625,2388.733178674411,671.8843422447517,1598.8830883480857,2366.909788174773,635.1182442255715,2066.3971396783586,2814.8033156343404,0.049999999999954525,D,R
DCB_se2_ag1_f_01_1,15799,EH1,6012,director,682.6344531996803,1615.4261106082486,2394.3393996962736,708.2331774677765,1560.8381162708295,2282.2179642247693,692.3898394572743,2047.848939308223,2239.650033747784,0.0500000000001819,R,K
DCB_se2_ag1_f_01_1,15802,ER0,6012,director,509.3682598537811,2031.453154366103,2977.622754935738,620.1582114249563,1935.1524225984044,2686.260832426026,570.8153074415033,2459.086553296339,2552.4535289076985,0.12000000000011823,T,sp
DCB_se2_ag1_f_01_1,15805,IH1,6014,it,497.10600302613733,2321.5773399375726,3315.7254878144313,567.0740918228962,2298.735776999946,3323.991970517059,521.2257078934557,2358.449378881437,3412.8876811819946,0.05999999999994543,,T
DCB_se2_ag1_f_01_1,15808,AH0,6015,was,451.0112738901002,1503.5555188397386,3218.525425367206,456.7172359471833,1407.9655950599335,2957.278117761286,437.1978765166994,1569.864209468158,3014.0314531067547,0.029999999999972715,W,Z
DCB_se2_ag1_f_01_1,15812,IH0,6017,it,440.4067838604435,1903.1804446532217,2922.9326633926216,868.2155970099292,1720.0608092820576,2186.0057616334757,382.47027265150507,1987.0154712462333,3069.5310037050012,0.049999999999954525,,T
DCB_se2_ag1_f_01_1,15816,AA1,6019,was,500.4138905190039,1303.7791969094385,2910.3007700840626,551.0560073480018,1564.0952909304099,2934.2585108981216,475.06072357981054,1711.3783851465205,2830.2852016094675,0.17000000000007276,W,Z
DCB_se2_ag1_f_01_1,15819,IY1,6020,we,566.7368263781548,2538.5084322149837,2946.9147261708954,799.3046484789634,2002.4334778315838,3315.5604282478153,587.211046827506,2557.29377002681,3011.2062870405025,0.06999999999993634,W,OW1
DCB_se2_ag1_f_01_1,15820,OW1,6021,only,965.3207936926815,1265.2001148142547,3254.920125065075,974.2139040417404,1288.4847497306575,3295.5837574200104,799.3046484789634,2002.4334778315838,3315.5604282478153,0.05999999999994543,IY1,N
DCB_se2_ag1_f_01_1,15823,IY0,6021,only,501.8991699594241,2605.6936130621393,3011.912796074122,693.9629020340572,2656.1005801057217,2949.8378892535006,693.9629020340572,2656.1005801057217,2949.8378892535006,0.029999999999972715,L,IH1
DCB_se2_ag1_f_01_1,15824,IH1,6022,interviewed,554.6962183462673,2183.6053888201336,2559.85261351124,733.8245590872303,2712.8331802560733,2923.803288481492,698.9241394504222,2663.1615986232946,2946.5975865410987,0.06999999999993634,IY0,N
DCB_se2_ag1_f_01_1,15826,ER0,6022,interviewed,535.3208180591854,1762.167835045038,2807.0436311480385,558.8322511285517,1490.7050682162605,2689.001007046413,543.4689882146535,1859.9727095973724,2947.2026236985243,0.029999999999972715,N,V
DCB_se2_ag1_f_01_1,15829,UW2,6022,interviewed,543.6584147540952,1290.6474449026477,2666.7963317710164,546.3305867579915,1352.4527123028006,2697.2491614428877,524.4307617378339,2236.336020085902,2513.2163201255125,0.09999999999990905,Y,D
DCB_se2_ag1_f_01_1,15832,IH1,6023,him,733.1313138254981,1506.887889644719,2636.672402858064,751.8960609782742,1688.064272786738,1834.6966536218804,592.7369967367626,2160.1922151329245,3332.2436333647947,0.11000000000012733,HH,M
DCB_se2_ag1_f_01_1,15836,AE1,6025,that,681.4813859219115,1909.2770173837464,2742.6844915904708,686.0083262988757,1915.6479540075547,2776.3023329808484,670.5308205902685,1937.4199672075572,2793.677054856252,0.029999999999972715,DH,T
DCB_se2_ag1_f_01_1,15840,AH1,6027,the,853.5929649651588,1360.3712872105293,2957.8874038909207,877.2436685534799,1449.41021873687,2951.1389480076455,877.2436685534799,1449.41021873687,2951.1389480076455,0.029999999999972715,DH,OW1
DCB_se2_ag1_f_01_1,15841,OW1,6028,only,766.4848587994077,1328.3759506711851,3197.5266769607397,853.2476894121462,1219.2451098576266,3112.7775776148064,759.997718599046,1360.6303866492078,3090.8347154174267,0.2400000000000091,AH1,N
DCB_se2_ag1_f_01_1,15844,IY0,6028,only,556.9685901285768,1800.1425010000173,2718.509249052164,687.691027114555,1807.4763147832093,2853.5720846457443,563.8156370653279,1818.8455047328164,2811.212953796357,0.03000000000020009,L,P
DCB_se2_ag1_f_01_1,15846,ER1,6029,person,503.8754485048628,1748.3707775938099,2793.827228982051,894.4215416186071,1601.7432359821921,2508.0827695781322,792.4008607443122,1772.56544156902,2886.442769709577,0.029999999999972715,P,S
DCB_se2_ag1_f_01_1,15848,AH0,6029,person,699.2250117084802,1642.1933158984082,2425.373178645945,712.1425598358496,1653.5833166250684,2477.7729551427365,676.8515856371748,1763.338210209672,2742.8819949411427,0.029999999999972715,S,N
DCB_se2_ag1_f_01_1,15851,AE1,6030,that,958.4812180941557,1569.4603523745684,2518.9583691384264,1035.0387193187546,1619.6485308329902,2569.5032333820973,876.0600326299891,1648.9769192348274,2569.1825621731527,0.029999999999972715,DH,T
DCB_se2_ag1_f_01_1,15853,AY1,6031,i,828.5164780432158,1576.5848210903653,2435.3719783893907,928.6047682552127,1625.245125303558,2389.683228970104,903.2583142027131,1628.6237843831095,2432.053395078438,0.049999999999954525,T,R
DCB_se2_ag1_f_01_1,15855,IH0,6032,remember,607.6907728690446,1365.8929654493952,2368.3605800151895,635.5185529160284,1388.881534366461,2374.7169723887555,583.2534921618027,1477.3559255855803,2329.37682670456,0.06999999999993634,R,M
DCB_se2_ag1_f_01_1,15857,EH1,6032,remember,631.8281849125209,1619.7289113046356,2407.2625255722533,674.5037236812526,1568.9574892778758,2415.3049536376016,638.366561656431,1621.5176632727505,2419.334926526766,0.0500000000001819,M,M
DCB_se2_ag1_f_01_1,15860,ER0,6032,remember,718.0293519160873,1195.0777227499602,2583.502325635782,826.0756175143716,1244.99694417467,1758.3541964964766,438.3809100125042,1553.2146358683967,2484.194146740767,0.2300000000000182,B,sp
DCB_se2_ag1_f_01_1,15863,AE1,6034,that,755.6407904583681,2047.321467316146,2207.8437932446404,808.9286074043491,1907.247141629311,2133.0094486809858,779.8936553314902,2061.7447199057356,2139.9350054279794,0.03999999999996362,DH,T
DCB_se2_ag1_f_01_1,15865,AY1,6035,i,828.1035148173534,1617.6383628718356,2243.279702793377,906.5608803597177,1199.972382439138,2155.819697960243,825.867417044659,1615.5079080730256,2240.0874227148042,0.08000000000015461,T,R
DCB_se2_ag1_f_01_1,15867,IH0,6036,remember,487.08105359216324,1228.601407032547,2255.6065854539224,559.9659355422241,1270.811512374934,1976.9566932663517,467.1432372792517,1344.2684850978446,2441.735636372966,0.05999999999994543,R,M
DCB_se2_ag1_f_01_1,15869,EH1,6036,remember,645.2497880862203,1590.4295429375752,2606.188307435417,688.7507259841467,1567.2582100570164,2743.353298690076,642.8025000363934,1596.9617450509568,2578.8557582383755,0.03999999999996362,M,M
DCB_se2_ag1_f_01_1,15872,ER0,6036,remember,540.2932789527553,1572.1600331545785,2317.302067278814,549.8970283328864,1512.0743440399463,2325.1178874413313,515.8763479468255,1956.7376677657837,2517.5166993629628,0.05999999999994543,B,sp
DCB_se2_ag1_f_01_1,15874,IH0,6038,inter,610.90145995124,1930.7539776301996,2388.622137019478,659.8140618329545,2106.0942400616027,3166.426066411423,615.4343511037687,2289.733677453358,2329.710057959794,0.09000000000014552,sp,N
DCB_se2_ag1_f_01_1,15877,ER1,6038,inter,490.4430774591513,2050.14276445452,2417.0817042798567,564.4214177614447,2084.153214862507,2632.358145079423,506.4679402889041,2103.428970097914,2635.1344753592593,0.049999999999954525,T,sp
DCB_se2_ag1_f_01_1,15879,IH1,6040,interviewing,519.1962877148779,2356.712506739614,2835.1900040456594,578.6937327681562,1735.595123435555,2471.443836179685,531.0477864414221,2473.385598597558,2692.1563684124744,0.10000000000013642,sp,N
DCB_se2_ag1_f_01_1,15882,ER0,6040,interviewing,487.28238910635173,1839.6552254834316,2291.9208989689296,491.4418066963106,1882.5847641730827,2351.64602672762,488.1349171998102,1982.1322214977204,2399.072172113677,0.040000000000190994,T,V
DCB_se2_ag1_f_01_1,15885,UW2,6040,interviewing,453.32477368227217,1340.369673252771,2399.8396892294786,533.9836676761402,1209.295036650194,2413.3102347764216,474.0032316509384,2154.033276790086,2577.7950191445543,0.12000000000011823,Y,IH0
DCB_se2_ag1_f_01_1,15886,IH0,6040,interviewing,535.947077887619,1465.744938878767,2375.490622650187,565.399093727513,1421.7346567863535,2365.216958662072,471.9505794630512,1676.3410728674144,2328.328560761803,0.05999999999994543,UW2,NG
DCB_se2_ag1_f_01_1,15894,AH1,6044,but,642.0378316588362,1679.4494148122033,3138.332450899252,794.0854436283267,1780.17460754261,3166.0696984110978,790.2018233549513,1844.5906977484585,3145.066579490978,0.10000000000013642,B,T
DCB_se2_ag1_f_01_1,15896,AH1,6045,um,866.1659350552609,1670.4479515874,2664.167713917608,883.1551427134523,1768.0270888874654,2715.7906299953024,868.0526979183196,1916.4710026819319,2414.8590449314243,0.08999999999991815,T,M
DCB_se2_ag1_f_01_1,15898,AY1,6046,i,690.5745170705727,1367.3872719557735,2312.3126519310945,1104.8671509644482,1733.4210848074536,1986.4044947480859,1102.261674523082,1735.949744725574,1931.9545968455766,0.14999999999986358,M,R
DCB_se2_ag1_f_01_1,15901,AY1,6049,i,1034.5744755250691,1579.0423508745346,2405.39602743029,1087.9169672098633,1489.6236416799336,2395.391851954492,956.3685810042748,1654.932472346993,2528.235414587838,0.16999999999984539,sp,spn
DCB_se2_ag1_f_01_1,15904,EH1,6051,never,656.6237050482481,1478.7369292248356,2776.7852855497126,656.678440972846,1482.5934393986963,2781.740834816634,607.1724586840475,1741.1637836012728,2997.559012705333,0.05999999999994543,N,V
DCB_se2_ag1_f_01_1,15906,ER0,6051,never,581.7870024688572,1426.9861489056225,2862.2725507121827,621.6618709873464,1400.6036338884346,2798.5381946447046,554.8281080426856,1670.2785257056685,2723.0874204963948,0.040000000000190994,V,F
DCB_se2_ag1_f_01_1,15908,ER0,6052,forget,585.7961728513064,1866.3773762981114,2751.1496324343343,663.7009147261065,1869.3750399610744,2813.6787174286233,512.877872400565,2328.6876405791127,2650.998246810505,0.06999999999993634,F,G
DCB_se2_ag1_f_01_1,15910,EH1,6052,forget,454.9063964470854,2619.9534482844283,2784.592919998264,492.0325815081876,2670.163746515187,2800.307995794598,484.60537957606084,2676.1973458627212,2734.5181344316547,0.07000000000016371,G,T
DCB_se2_ag1_f_01_1,15913,IY1,6053,he,548.1916564287376,2719.3629948097305,3335.7010957049033,574.1229565173751,2776.658209238828,3327.180247036517,423.802210264874,2863.2579252539913,3397.8627586466714,0.07999999999992724,HH,K
DCB_se2_ag1_f_01_1,15915,EY1,6054,came,647.9269589390701,1906.2627981591072,2712.3764927090506,732.6076350720203,2075.574549119451,2756.0644362598755,679.8379113303465,2148.881149078483,2583.1186806724886,0.049999999999954525,K,M
DCB_se2_ag1_f_01_1,15917,IH1,6055,in,565.7534735380874,1499.3722055081523,2534.458281006438,584.991350671058,1730.3674450794233,2321.4060732001744,543.4385769650751,2469.831576085131,3328.1502680930657,0.03999999999996362,M,N
DCB_se2_ag1_f_01_1,15920,IY1,6056,here,559.8649627720641,2417.5203117291876,3276.281782927552,565.3724142624511,2410.6665794873516,3285.095372629879,571.0286775513795,2369.918791089317,3417.7092414382437,0.08999999999991815,HH,R
DCB_se2_ag1_f_01_1,15923,IH0,6057,with,559.637868182027,1489.1297719734846,2337.4898005416167,566.4646401529187,1487.7888871415914,2499.9732191756934,555.3344771648134,1645.4014095740702,2416.6491168579328,0.05999999999994543,W,DH
DCB_se2_ag1_f_01_1,15925,AH0,6058,a,692.7756027003137,1608.5268949550227,2934.3796149279806,693.9831779316719,1520.3869559643956,2812.61723875133,552.1404356889761,1850.385251698788,3121.268619082458,0.16000000000008185,DH,
DCB_se2_ag1_f_01_1,15928,AH1,6060,um,718.2158244155206,1462.9595656858107,2438.319928903219,819.0584630229334,1447.5949716122075,1653.8955619355927,772.4810841293778,1602.463993236132,2823.9884384580314,0.17000000000007276,sil,M
DCB_se2_ag1_f_01_1,15932,IH0,6062,with,528.8059322433701,1572.9589542346562,2983.574462218715,535.5093931810543,1449.1630587355264,2512.5965653918197,501.4983492730053,1690.718214029641,2915.015654737503,0.03999999999996362,W,DH
DCB_se2_ag1_f_01_1,15934,AH0,6063,a,678.3024113636114,1399.0989056643016,3133.019033169177,678.0231475666916,1402.7396101727975,3132.949664780626,595.2486822684579,1859.431170124341,3110.8165913454163,0.07999999999992724,DH,sp
DCB_se2_ag1_f_01_1,15936,AO1,6065,orange,504.038420011961,1224.2701697260386,2564.5527634341647,671.1530840481853,1472.866742077007,2788.5310770253764,673.3719933184362,1483.5812893793259,2789.4321919736985,0.07999999999992724,sp,R
DCB_se2_ag1_f_01_1,15938,IH0,6065,orange,536.6838756080123,1622.6608854649492,2316.6080342170912,565.0764384432456,1541.3849523372207,2109.82248535849,529.9513504895756,1872.8995693529612,2339.452381536443,0.03000000000020009,R,N
DCB_se2_ag1_f_01_1,15941,AH0,6066,and,482.7982397146327,2082.65221513407,2736.207793703017,505.5332781484379,2062.1537791388664,2691.8785586623258,466.2180925493925,2127.7831636583705,2768.7459241830124,0.029999999999972715,JH,N
DCB_se2_ag1_f_01_1,15945,IY1,6067,green,491.2461285456156,2155.5280456157875,2876.1763044018735,598.1103397240361,1827.6031059911622,2474.3847857570977,487.1970802229251,2204.530842853774,2882.269377679344,0.13000000000010914,R,N
DCB_se2_ag1_f_01_1,15949,AE1,6069,and,668.9531167010279,1942.6227705671058,2674.2231121307686,798.7017554537308,1687.572655922157,2481.6424133422447,690.0763923858951,1993.3515656277689,2599.238748633161,0.07999999999992724,,N
DCB_se2_ag1_f_01_1,15952,AY1,6070,white,788.1577830856248,1886.8155559643162,2328.6489803733593,1000.5410742100541,1585.9226550040087,2323.9901349359993,792.1201764759865,1886.3708571596133,2348.479119394168,0.11000000000012733,W,T
DCB_se2_ag1_f_01_1,15957,AY1,6072,like,728.7440131132863,1729.578464013051,2271.6896728242364,865.0883984985084,1973.3092125236426,3096.304957496942,565.0158450235848,2546.332836943103,2810.2868573917162,0.08999999999991815,L,K
DCB_se2_ag1_f_01_1,15962,EH1,6074,checkered,758.9303869658606,2001.1985454030132,2360.69028902884,785.6792321302635,1990.5440911414162,2415.5557082286123,759.2675016782578,1986.8682240404573,2141.093530449285,0.07000000000016371,CH,K
DCB_se2_ag1_f_01_1,15964,ER0,6074,checkered,568.8348650080236,1848.8638449917316,2192.680769157908,574.4570463337491,1897.4049443597798,2677.999671097268,519.8555533979887,2027.597174686758,2484.841657690731,0.12999999999988177,K,D
DCB_se2_ag1_f_01_1,15968,ER1,6076,shirt,572.9330329333176,1752.3066496410552,2059.8583306298387,780.5004917620445,1795.5970748690395,2167.9816279643446,677.2128491397625,1849.1089903388588,1948.6184318658213,0.2699999999999818,SH,T
DCB_se2_ag1_f_01_1,15971,AY1,6077,type,742.1650209990635,1879.208146614247,2279.515754840382,953.8022094841502,1535.6480640259556,2143.3894159742667,619.0074091564227,2056.1251017432737,2565.24599699113,0.07000000000016371,T,P
DCB_se2_ag1_f_01_1,15975,IH1,6079,thing,601.537330800906,1693.0513758356085,2389.314036435145,610.9596466755409,2043.9995460330242,2765.1666068305362,605.985464068782,2650.7308098177346,2914.346597466384,0.13000000000010914,TH,NG
DCB_se2_ag1_f_01_1,15978,AE1,6081,and,607.4951684674149,2059.419603877759,2787.495991205821,831.841716834548,1284.174532657878,2700.8082623464743,601.9644970892343,2349.005963262933,3049.9127400828243,0.05999999999994543,,N
DCB_se2_ag1_f_01_1,15981,IY1,6082,he,509.0384784357881,2484.4101132056016,3156.4375764667534,619.7495139367262,2377.232309096264,2546.5188043369158,470.52777008167294,3029.46757873813,3382.768092502196,0.15000000000009095,HH,HH
DCB_se2_ag1_f_01_1,15983,AE1,6083,had,733.8828688066654,2090.937544181475,2960.557505394244,743.6947733287948,2124.8056230250904,2994.162997960301,743.6947733287948,2124.8056230250904,2994.162997960301,0.029999999999972715,HH,D
DCB_se2_ag1_f_01_1,15985,AH0,6084,a,638.3834626386003,1391.6934843113281,2553.170953011782,663.3893930365329,1447.5257267721024,2781.360019060657,541.1192652321905,1856.045009770215,2113.217246547543,0.08000000000015461,D,sp
DCB_se2_ag1_f_01_1,15987,AO1,6086,orange,526.904233364435,1458.7409174511038,3330.552855417637,796.8314140926714,1418.170278540657,1702.6611157073567,509.79486985816465,2007.4590323809539,3152.067983010009,0.10999999999989996,sp,R
DCB_se2_ag1_f_01_1,15989,AH0,6086,orange,635.5190329621014,1865.366811728866,2355.4598755009383,664.7002698122554,1737.8009641356991,2209.8743492880303,617.7152453483786,1960.3511510352512,2751.0510979662504,0.029999999999972715,R,N
DCB_se2_ag1_f_01_1,15993,AH1,6087,tux,667.8096578381649,1726.637680785025,3284.7332301187967,727.070833806481,1736.0359243860066,3353.5190646711135,714.7446260607501,1815.2087154700403,3216.627222365943,0.12999999999988177,T,K
DCB_se2_ag1_f_01_1,15997,AE1,6089,and,765.754286457232,2169.195814294873,2937.3758628762207,846.9584737232713,2208.773536381071,2764.2909706229693,663.6649001566198,2263.6915736312576,2838.1514451250805,0.20000000000004547,sp,N
DCB_se2_ag1_f_01_1,16000,AY1,6090,like,928.9848039991523,1561.266816195565,2617.820590293725,944.3257319869087,1844.9429881922451,2959.9373647575876,797.4590187254612,2032.123574858983,3042.871180625169,0.07000000000016371,L,K
DCB_se2_ag1_f_01_1,16004,AE1,6092,khaki,1147.2454617048356,2048.9507409459975,2247.9018278270914,1160.9067878159606,2162.644087702988,2172.4368417057462,1159.7766370923991,2160.101218898916,2171.7040697159023,0.07999999999992724,K,K
DCB_se2_ag1_f_01_1,16006,IY0,6092,khaki,560.1154196660328,2749.040491579581,3130.038737855786,640.1349229468826,2804.6278900105867,3323.9203991391214,480.4802422063929,2775.5599389079607,2947.1044721379208,0.08000000000015461,K,P
DCB_se2_ag1_f_01_1,16008,AE1,6093,pants,595.5938567106515,2221.7537334790686,3176.5652022380395,730.3684792497925,2142.5187973940324,3059.537023896288,593.1954673435164,2337.9468086406478,3182.5772532427177,0.09999999999990905,P,N
DCB_se2_ag1_f_01_1,16012,AY1,6094,i,1053.610308030513,1667.971214673447,2441.4909134481254,1054.5702825392216,1712.8293897172132,2508.0973806046877,797.6120172422586,1926.6267698080276,2738.2328647398276,0.14999999999986358,S,W
DCB_se2_ag1_f_01_1,16014,IH1,6095,will,582.0361068724228,1373.75038744903,3006.1165263235557,585.9925048763679,1352.004292453501,3022.750712934195,556.2753525514655,1478.4466947692918,3007.155381793811,0.029999999999972715,W,L
DCB_se2_ag1_f_01_1,16017,EH1,6096,never,738.6974407121825,2073.1246979607085,2853.6355934641456,750.9519022713008,1855.0374333084478,2083.5025871528837,652.5273046723291,2110.405893826676,2214.795430699391,0.06999999999993634,N,V
DCB_se2_ag1_f_01_1,16019,ER0,6096,never,564.9305748699578,1412.3696997181708,1565.4507170637812,588.6103175348823,1331.582433155948,1695.6965129704117,534.3997421166923,1678.2750035290587,2637.1384160217826,0.10999999999989996,V,F
DCB_se2_ag1_f_01_1,16021,ER0,6097,forget,533.9809320202894,1660.056643788745,2414.0067429188152,657.6332319492099,1517.5299270629089,2664.6883116043223,467.96422393934904,2065.367131919792,2431.5097888297214,0.08000000000015461,F,G
DCB_se2_ag1_f_01_1,16023,EH1,6097,forget,447.27753228583634,2531.651884458987,2864.0505370363167,509.8782811645397,2507.998696271675,2911.964055791886,447.0239825013529,2583.4650321583576,2873.0526673576646,0.029999999999972715,G,T
DCB_se2_ag1_f_01_1,16026,IH1,6098,his,508.0571412029627,2297.480968288937,2793.3619314966722,516.1254053101443,2274.297945441073,2795.283948813456,504.48600349202377,2505.659650524662,3371.6939844116323,0.07000000000016371,HH,Z
DCB_se2_ag1_f_01_1,16029,AW1,6100,outfit,980.658286785517,1667.2640266075148,2756.301770621808,1132.4870185473421,2067.4566434767125,2453.50199043829,1093.1826801927596,2243.3467812457857,2427.636367378436,0.11000000000012733,sp,T
DCB_se2_ag1_f_01_1,16032,IH2,6100,outfit,485.0621447441014,2430.001412129101,3160.5689836473566,515.777515830767,2369.007138080664,3166.7341185727955,501.32133725074783,2465.249277982648,3318.5290933679626,0.17000000000007276,F,T
DCB_se2_ag1_f_01_1,16037,EH1,6102,never,674.5880812667568,2095.9597141648787,2891.466177142613,682.260593918003,1944.3318669012358,2630.811532585915,647.3670644635532,2186.747609489906,2964.357834195668,0.060000000000172804,N,V
DCB_se2_ag1_f_01_1,16039,ER0,6102,never,649.077995100945,1405.3890572367343,2038.0911762881901,651.1300311979434,1438.5324775687245,2050.8835724841906,644.7494631354638,1466.3085215474512,2063.7879415473158,0.029999999999972715,V,IH0
DCB_se2_ag1_f_01_1,16040,IH0,6103,in,651.7641164876156,1506.5360462483727,2120.319343207237,660.0035783064434,1490.8762028924225,2162.9497150908455,655.5654268730826,1506.072724532246,2137.092151424393,0.029999999999972715,ER0,N
DCB_se2_ag1_f_01_1,16043,AY1,6104,my,880.395945867964,1453.743960674119,2950.4854669559977,956.3744985948329,1396.995832435584,2911.5453824812826,862.0110611691733,1477.6721760933372,2940.8556293822985,0.05999999999994543,M,L
DCB_se2_ag1_f_01_1,16045,AY1,6105,life,691.3032942090732,2003.8486950137044,2632.7551548845045,806.4223621421623,1760.9990003195621,2739.660030341467,590.5887649683103,2146.349016054001,2855.5218130786757,0.09999999999990905,L,F
DCB_se2_ag1_f_01_1,16049,AH1,6107,but,662.9263747618581,1691.6485635781871,3093.93523997675,722.4167193380407,1788.290605698432,3081.13075536516,722.4167193380407,1788.290605698432,3081.13075536516,0.029999999999972715,B,T
DCB_se2_ag1_f_01_1,16051,AY1,6108,i,959.4213494424934,1661.8002486856203,2361.738901616597,1021.653086468578,1827.0855590186454,2456.251887993865,966.5311551038327,1950.2867824150628,2646.1800193615322,0.13000000000010914,T,R
DCB_se2_ag1_f_01_1,16053,IH0,6109,remember,655.6990214742414,1370.7665903093782,2287.2530602575907,655.4671846315458,1375.2702889227012,2308.4968631739216,569.1656387915415,1499.4957119570508,2415.0920692975756,0.03999999999996362,R,M
DCB_se2_ag1_f_01_1,16055,EH1,6109,remember,721.7188470274051,1622.006940404404,2943.495814235967,728.2727348728026,1626.5091151266683,2790.0754678887106,727.4082276511605,1635.3362199880833,2940.6844712542984,0.03999999999996362,M,M
DCB_se2_ag1_f_01_1,16058,ER0,6109,remember,680.794012853309,1524.804823170554,2393.93679799832,803.6728582501494,1746.9259407831046,2502.258308620357,779.9308228976475,1803.7713090904685,2598.0847382758934,0.10999999999989996,B,AH1
DCB_se2_ag1_f_01_1,16059,AH1,6110,us,831.2750078590419,1784.3677916761094,3040.257742843996,842.8393011474532,1627.1042608943283,3019.5398144709125,665.7159875582705,1891.1214995064604,3130.3281832482517,0.16000000000008185,ER0,S
DCB_se2_ag1_f_01_1,16063,AO1,6112,talking,701.1828380952845,1231.5746820996026,3032.1989332254243,728.1794517043369,1282.5733236383417,3144.4155855848467,658.705739125581,1415.1395552641554,3365.8434960684835,0.08999999999991815,T,K
DCB_se2_ag1_f_01_1,16065,IH0,6112,talking,582.1716170882008,2249.7076005397107,3009.5254604366546,655.6930956158043,2187.935380486401,2908.3813219195326,577.6783364556101,2258.702132494394,2999.6714212186616,0.049999999999954525,K,NG
DCB_se2_ag1_f_01_1,16068,IH0,6113,to,638.0349524689566,2067.8703751851913,2996.205513586032,642.6510266602788,2063.367244847007,2862.011012519573,640.6496950287712,2069.13430647043,2908.1446781217974,0.05999999999994543,T,HH
DCB_se2_ag1_f_01_1,16070,IH1,6114,him,725.0041699179433,1790.953282410674,3331.1582275388278,735.4192027750951,1844.6581076076445,3361.051762421375,729.7211556978418,1889.6754637662941,3327.962542427234,0.11000000000012733,HH,M
DCB_se2_ag1_f_01_1,16072,AH0,6115,and,630.2291217630332,1932.2197906664235,2945.951328971909,648.2694335187307,2003.4631743845696,2922.2381228934596,637.12468430997,2045.5103555240366,2995.0774276441225,0.03999999999996362,M,N
DCB_se2_ag1_f_01_1,16075,OW1,6116,going,616.6366523505676,1012.1872756030397,2239.1091772508917,637.0029442189136,913.1671799387582,2557.9189545086833,623.6199151182274,1065.3365237179667,2211.395194474718,0.08999999999991815,G,IH0
DCB_se2_ag1_f_01_1,16076,IH0,6116,going,656.6870000138745,848.0101389137451,2213.9665792838205,671.7117567971256,835.9885226634533,2159.7709369949725,637.0029442189136,913.1671799387582,2557.9189545086833,0.029999999999972715,OW1,N
DCB_se2_ag1_f_01_1,16079,AE1,6117,back,864.9838565854978,1464.6231801192628,2299.648360281831,866.2773567670661,1462.9746659034884,2310.509525444113,834.9223026739804,1530.5250915741576,2203.769629933075,0.05999999999994543,B,K
DCB_se2_ag1_f_01_1,16081,AH0,6118,and,609.0496207734747,1326.9288386123578,2596.4116031764224,637.9219517185235,1285.5746140661686,2334.71662661532,637.5008369861307,1643.3104380671148,2650.9518320657057,0.029999999999972715,K,N
DCB_se2_ag1_f_01_1,16084,AO1,6119,forth,556.690522185445,986.581103651719,3057.773975955673,607.8648810611724,1141.6194376485016,2957.138206010402,602.2044738280562,1150.6905157611566,2978.814078248587,0.049999999999954525,F,R
DCB_se2_ag1_f_01_1,16089,AY1,6121,like,641.584261804935,1930.5590792789374,3588.2083773344793,708.4324529630319,1929.5357608062618,3326.93495988405,682.8330998891404,1943.4662340512832,3313.8404984812823,0.029999999999972715,L,K
DCB_se2_ag1_f_01_1,16092,IH0,6122,with,617.2802954504106,1495.5005205060565,2934.9567975766304,623.5626962706704,1559.7852671790843,2920.646860333575,587.0044876152871,1626.910344206708,2897.840947896318,0.03999999999996362,W,DH
DCB_se2_ag1_f_01_1,16095,AH0,6123,the,467.58161544842613,1818.0749374805528,3096.308834346519,610.9773218351799,1856.312961312892,3051.4841967413468,593.5511417991024,1868.6771784316622,3073.620823089591,0.05999999999994543,DH,K
DCB_se2_ag1_f_01_1,16097,AA2,6124,conversation,856.2199913653888,1336.2318470447233,1990.3198789891433,925.8795652705362,1233.8552461062093,1997.6565062472405,749.6235098008103,1457.3907984790098,3186.866115233195,0.10000000000013642,K,N
DCB_se2_ag1_f_01_1,16100,ER0,6124,conversation,593.4614368046908,1743.04733776192,2686.00526412139,601.1512324111889,1565.8630087674433,2683.7998093035812,587.8390849752099,1875.9078715593644,2953.3446705049455,0.06999999999993634,V,S
DCB_se2_ag1_f_01_1,16102,EY1,6124,conversation,462.7094450123155,2268.01869021585,2974.265311980847,655.292334455715,2126.938939884268,2962.193308584096,427.476483478024,2548.6951570498336,2782.4857998960856,0.09999999999990905,S,SH
DCB_se2_ag1_f_01_1,16104,AH0,6124,conversation,608.8233247346102,2062.049798456825,3178.131249848358,623.5650618940417,2104.283105868358,3284.104096691344,518.1681069154299,2126.1647372294865,3263.4729044658297,0.08000000000015461,SH,N
DCB_se2_ag1_f_01_1,16108,AE1,6126,and,683.3910822130964,2403.6264937512015,3395.874135316518,715.3136939819202,2144.2436793720035,3036.3136393406735,698.3375766423816,2725.72623168495,2752.7978627708208,0.14999999999986358,sil,N
DCB_se2_ag1_f_01_1,16111,IY1,6127,he,616.464627656667,2850.712453771065,3086.3667902015354,674.071703165989,2321.57906313844,3088.313242584974,591.0004000303973,3009.14570976694,3167.8646081131333,0.09999999999990905,HH,W
DCB_se2_ag1_f_01_1,16113,AH1,6128,was,594.4699551055318,1447.854725727734,3163.0188067419335,604.445574896069,1463.1309069257682,3226.527705689928,579.0526229331319,1552.8324499317152,3217.3036324403297,0.07999999999992724,W,Z
DCB_se2_ag1_f_01_1,16116,AY1,6129,like,815.9964742901593,2026.336708744313,2843.885757158897,859.8933201630286,1837.784405191076,2600.387528933001,580.2111182202274,2128.923648685399,2907.3612120268617,0.09000000000014552,L,K
DCB_se2_ag1_f_01_1,16119,AH0,6131,a,738.3238136478938,2078.099369393152,3086.89010550701,783.6604543119613,2020.1744917580743,3004.16066088073,720.3603451042305,2159.5583412657966,3039.310920032839,0.31999999999993634,sp,AE1
DCB_se2_ag1_f_01_1,16120,AE1,6132,and,712.3316700334899,2131.6201756416945,3173.249758281544,747.3668935341661,2106.1942324300553,3175.2340422748975,670.6239100753992,2235.7652405200624,3153.843146959548,0.09000000000014552,AH0,N
DCB_se2_ag1_f_01_1,16122,AY1,6133,i,1014.3693912238903,1644.9525162864757,2434.195107770445,1031.887347618154,1683.212264103567,2415.6102603468707,995.3204778923496,1749.3387987780975,2155.0257507797214,0.07999999999992724,N,W
DCB_se2_ag1_f_01_1,16124,AH0,6134,was,571.0009976991755,1466.349210335921,3022.9107396489067,606.1143206551709,1487.9065244716987,3132.132608335689,500.74591055468704,1559.7634214948234,2956.7743380792485,0.029999999999972715,W,Z
DCB_se2_ag1_f_01_1,16126,AE1,6135,asking,711.3392137936073,2168.9517063123426,3072.1108535809144,769.4996901401365,2100.612270406309,3018.9212022422334,693.6604704408119,2250.3737638705343,3167.183032257212,0.18000000000006366,Z,S
DCB_se2_ag1_f_01_1,16129,IH0,6135,asking,658.8834117822236,2076.6794892310254,3059.8345873283643,734.9073843365777,2084.7862128045763,3250.8970001578737,722.472356922167,2116.0783423105586,3144.1158045560173,0.07000000000016371,K,NG
DCB_se2_ag1_f_01_1,16132,IH1,6136,him,805.6519074101587,1581.9163666148008,1879.1148894789676,811.3019963601404,1685.6966158471282,2030.2736430617965,697.1467566653348,1791.1776211103559,3388.9057881051144,0.049999999999954525,HH,M
DCB_se2_ag1_f_01_1,16136,EH1,6137,questions,795.6051854671649,1858.5988109307375,2895.068771308578,797.0931139597277,1892.167810575093,2906.8728330989115,667.4627250609759,2036.9476382342607,3181.3907578793337,0.09999999999990905,W,S
DCB_se2_ag1_f_01_1,16139,AH0,6137,questions,542.1323332515152,2055.3112752881348,3164.1284707673613,852.8474377005213,2075.8937347014426,3063.616776304216,617.9930948004591,2092.397232666028,3304.532249340667,0.03999999999996362,CH,N
DCB_se2_ag1_f_01_1,16142,AH0,6138,and,585.2343705747321,1982.7320798327855,3118.208986640925,634.4243944496848,2056.2841875539084,3073.364787744244,634.6037984225853,2062.7597406592604,3058.742032134561,0.0500000000001819,Z,N
DCB_se2_ag1_f_01_1,16146,IY1,6140,he,637.8981762451223,2596.2416149068144,3018.9753539984877,650.6163183629973,2759.940107278805,3058.659824505198,631.4574393815462,2906.054514238053,3598.796615171642,0.07000000000016371,HH,W
DCB_se2_ag1_f_01_1,16148,AH0,6141,was,444.9964082670609,1745.2576850314547,2870.256649599157,477.2317575222239,1541.1514234941362,2915.1746422248175,441.0556612118287,1761.3933525555365,3066.8846454302607,0.029999999999972715,W,Z
DCB_se2_ag1_f_01_1,16150,AE1,6142,asking,805.0374430551725,2098.0013822139194,3008.8774447839214,816.4374748634972,2099.2858881580246,3054.5633857262437,782.3535785440422,2112.7741993659674,2985.0111687634876,0.16000000000008185,Z,S
DCB_se2_ag1_f_01_1,16153,IH0,6142,asking,541.5522406660399,2016.7720274341023,3094.8155706142,688.9429082879046,2003.4312172513435,3024.083864401867,507.3538239123291,2050.519016887714,3159.566983635599,0.03999999999996362,K,NG
DCB_se2_ag1_f_01_1,16155,AH1,6143,us,769.3852292540782,1819.0096249223232,2496.3575892109507,809.1826655603439,1786.084539367307,2117.3089291673805,675.3444666890427,1844.0352877409834,2660.486974107719,0.09000000000014552,NG,S
DCB_se2_ag1_f_01_1,16159,EH1,6144,questions,694.5070556807271,1692.5690520109604,2623.5236409881227,712.1830437379294,1588.2035967767147,2546.831838148191,673.1997636638315,1921.7475564314664,2586.7160209163294,0.049999999999954525,W,S
DCB_se2_ag1_f_01_1,16162,AH0,6144,questions,537.6716832415785,1865.835129107125,1968.808666418371,783.2937744402184,2066.1522128044603,2650.827371239018,704.5897312589385,2120.300317507996,2302.286891414894,0.029999999999972715,CH,N
DCB_se2_ag1_f_01_1,16165,AY1,6145,i'm,860.0729911436603,1536.303741385528,2303.8893945160503,860.1181372558814,1540.5863385757932,2301.8463170067953,718.0394444696389,1628.6350355640486,2216.4348399372407,0.03999999999996362,Z,M
DCB_se2_ag1_f_01_1,16168,AY1,6146,like,804.8159130874498,2035.9966441486583,3455.300646777627,846.6312238172322,1584.0870284255625,1964.6219612384455,787.2161109865859,2103.315255486272,2503.3845496329113,0.06999999999993634,L,K
DCB_se2_ag1_f_01_1,16172,AH1,6148,but,572.1678550837044,1319.7352076889827,3199.655199235618,589.7406273411065,1312.8538459724534,3315.228192372459,571.0647880579569,1320.0515772548936,3199.737721883791,0.029999999999972715,B,T
DCB_se2_ag1_f_01_1,16175,AH1,6149,what,754.1966858200774,1209.894370112655,3688.2502901915977,791.4230292252638,1380.6473121000877,3839.591874033055,653.5803697661258,1481.3015475565533,3704.0608120910815,0.03999999999996362,W,T
DCB_se2_ag1_f_01_1,16178,AE1,6150,can,647.1783669930204,2638.3027807691683,3302.756635037786,650.228555604738,2654.482367067659,3325.6633482928264,622.6970087792184,2765.3991764776847,3371.538667977515,0.040000000000190994,K,N
DCB_se2_ag1_f_01_1,16181,UW1,6151,you,533.1181953122899,1137.5151353277274,2663.355924092468,562.7655521473729,1642.3706750436525,2547.333960297853,520.920754776467,2679.0737571385735,3610.199311987953,0.09999999999990905,Y,R
DCB_se2_ag1_f_01_1,16183,IH1,6152,really,563.5389063491112,1667.0336515858723,2503.7594625450574,564.2992431656482,1637.0719963493534,2347.0288363942814,563.4580986378527,1669.4866315898687,2521.0660541043076,0.03999999999996362,R,L
DCB_se2_ag1_f_01_1,16185,IY0,6152,really,374.92930016463464,574.736918497995,2781.270571991694,605.2047481149134,2731.457297333386,3945.3586080596006,561.075815800979,2767.866270637546,4060.846963877883,0.07999999999992724,L,D
DCB_se2_ag1_f_01_1,16187,UW1,6153,do,601.1535105805709,1169.2472671763428,3284.8874738055783,886.4678319791117,2032.5113483858568,3363.9597636890126,843.3390335928304,2032.8893785891635,3369.931472336717,0.12999999999988177,D,F
DCB_se2_ag1_f_01_1,16189,AO1,6154,for,589.5162145032721,1224.0212082848227,3124.093792815275,610.5771811755336,1263.7142653629699,3101.9687151472804,609.663005922098,1321.0622123013338,3005.835357973624,0.029999999999972715,F,R
DCB_se2_ag1_f_01_1,16191,AH1,6155,us,691.8502363613252,1768.6611183582309,3152.140028043655,762.1339950110083,1579.7764192299749,3073.189232982058,748.7723946483477,1926.9438157135608,3104.966937701474,0.21000000000003638,R,S
DCB_se2_ag1_f_01_1,16194,AE1,6157,and,650.9926049469329,2181.398408958517,3028.40155456019,1090.1427278348713,2010.9612996471947,3053.354922385827,673.7173873809239,2224.9535411471,3010.188540728426,0.10999999999989996,,N
DCB_se2_ag1_f_01_1,16197,IY1,6158,he,532.8802186906628,2154.4067653088982,3018.021062347854,590.8139182551133,2755.0132004405373,3286.411635561797,547.297152888014,2782.709459056015,3150.1193965419743,0.1799999999998363,HH,W
DCB_se2_ag1_f_01_1,16199,AH1,6159,was,553.1235964982096,1319.835396498686,2816.613809050597,609.0106317443148,1674.5424821047598,2618.732409564663,594.711118904844,1753.4843207324964,3480.8228142299286,0.10999999999989996,W,Z
DCB_se2_ag1_f_01_1,16202,AY1,6160,like,919.1178838642059,1655.292133837759,2751.2180754726496,967.4989336835418,1724.0221975842778,2820.158938069764,940.0505342923716,1730.134308249215,2490.0617121489054,0.029999999999972715,L,K
DCB_se2_ag1_f_01_1,16204,AY1,6161,i,1086.6345038110983,1754.1224858998228,2578.328572133605,1177.4992106413922,1859.4944903929722,2557.109733777042,1122.1663225447367,1901.2564422554087,2567.363257736029,0.21000000000003638,K,K
DCB_se2_ag1_f_01_1,16206,AH0,6162,can,567.5629044621477,2032.6588288892865,3166.0581830339665,975.9198041387156,2065.6398407923566,2877.8088807941995,938.5498694367175,2057.6233385901446,2862.7619084975418,0.03999999999996362,K,N
DCB_se2_ag1_f_01_1,16209,EY1,6163,make,530.7561330582831,2558.936697657437,3432.988447265524,648.8385408685539,2187.9336095875583,2397.1202948665386,510.5597633086343,2511.8289889911807,3398.061102181723,0.09999999999990905,M,K
DCB_se2_ag1_f_01_1,16211,IH1,6164,it,479.51394263186523,2526.4483657928213,3037.0225984221497,540.1869867922268,2622.5163615400566,3245.894632472769,518.1256130756441,2715.9199796877897,3170.6257518880075,0.03999999999996362,K,T
DCB_se2_ag1_f_01_1,16214,AH0,6165,the,535.0600267870442,1424.1438473374667,3238.3404519802684,642.4117688594021,1735.7324123539524,3179.8981108549897,574.4832939992963,1944.422621129393,3243.325076305819,0.09999999999990905,DH,B
DCB_se2_ag1_f_01_1,16216,EH1,6166,best,792.0681691994903,1992.3060729365873,3071.4081277138835,802.4918107119315,1978.4644322016445,3222.002105891386,676.5062065486909,2032.6893310877356,3270.7823525787503,0.14000000000010004,B,S
DCB_se2_ag1_f_01_1,16219,IH0,6167,experience,535.5761135922996,1975.282224892066,2933.6632736876954,536.2117655355995,1949.9420362851472,3082.7190081393333,533.4703908299512,2014.130073490227,2973.574934793442,0.029999999999972715,T,K
DCB_se2_ag1_f_01_1,16223,IH1,6167,experience,634.4471556675594,1526.6343629760581,2193.800954285889,658.956469444518,1610.0755299088003,2228.5770829962753,658.956469444518,1610.0755299088003,2228.5770829962753,0.029999999999972715,P,R
DCB_se2_ag1_f_01_1,16225,IY0,6167,experience,609.759967008185,1831.2359758544644,2221.624218280106,646.1255778735148,2043.432505401263,2267.597330325226,639.2267773345759,2137.8538060103124,2221.3217351899484,0.029999999999972715,R,AH0
DCB_se2_ag1_f_01_1,16226,AH0,6167,experience,564.3860308627467,967.690460472115,2242.833522845085,571.3132294498738,1481.8944293155623,2257.794698813197,557.8812340569973,2112.464024408106,2926.602401759287,0.03000000000020009,IY0,N
DCB_se2_ag1_f_01_1,16230,AH0,6168,that,616.2259216033435,2016.1143393850712,2152.625699541816,620.7692309388298,1672.865995589655,2119.179317593467,593.6086495326583,2227.508581254254,3021.6868332991753,0.049999999999954525,DH,T
DCB_se2_ag1_f_01_1,16233,UW1,6169,you,441.9177450222294,1311.5429023782674,2487.0743380651143,490.3470905431014,2189.4748809604816,3267.6090120086774,484.2050169460152,2207.5962096600824,3191.494051833385,0.049999999999954525,Y,K
DCB_se2_ag1_f_01_1,16235,UH1,6170,could,494.36965013204906,2050.073497469274,3119.2803488447166,619.2405315277598,1773.5983149960805,2212.1424236225403,519.0944761835075,2076.335978323835,3165.0455435365952,0.03999999999996362,K,D
DCB_se2_ag1_f_01_1,16237,EH1,6171,ever,862.9241322426748,1827.0268908038154,2489.8826311299968,888.4933211018413,2016.1058916374523,3191.086452491967,803.0524644697587,2090.177786534703,3190.003316113487,0.14000000000010004,D,V
DCB_se2_ag1_f_01_1,16239,ER0,6171,ever,655.9904657931003,1758.191319956235,3051.78017761228,703.8193345980048,2011.603934708517,3116.877275567697,690.1587855608265,2050.1248857820588,3167.41928930534,0.06999999999993634,V,HH
DCB_se2_ag1_f_01_1,16241,AE1,6172,have,632.0468273517021,2312.7313402570794,3146.398645259237,665.3911607342316,1476.0826473113686,2246.554961143499,623.746978281725,2325.2410751185253,3179.71680756599,0.17000000000007276,HH,V
DCB_se2_ag1_f_01_1,16245,AH0,6174,and,838.1462027752024,2071.3562234894807,2984.3414316712356,952.2376245457966,2049.8563033514492,2889.6553966779484,856.6218037754348,2308.031995182709,3551.2551778180605,0.07999999999992724,sil,N
DCB_se2_ag1_f_01_1,16247,AY1,6175,i,900.7930923633195,1711.8638546078623,3093.4460038189686,930.2662549595458,1772.7153053050947,3142.331828762498,894.4209075328739,1902.8509223307387,3288.467321466549,0.09999999999990905,N,W
DCB_se2_ag1_f_01_1,16249,AH0,6176,was,600.0597585206126,1525.4981342258989,3260.927595999644,643.8319979221349,1494.3652583739258,3261.8519359596457,562.133274580405,1715.9680663278386,3328.953270497883,0.029999999999972715,W,Z
DCB_se2_ag1_f_01_1,16253,AY1,6178,like,762.5935821412914,2146.9606139529915,2970.6154923219683,973.351028885148,2028.297293168701,2914.116695274141,595.5443576557441,2288.780305682174,2751.8340104963486,0.07999999999992724,L,K
DCB_se2_ag1_f_01_1,16258,IY1,6180,he,332.6617831343687,2635.9151031667375,2765.765155318261,490.5816951500205,2467.0972034862293,2883.491199920344,354.5697037417647,2626.379135709021,2870.550819349038,0.10999999999989996,HH,G
DCB_se2_ag1_f_01_1,16260,AA1,6181,got,1034.221133654267,1884.928124556227,2957.219713530299,1127.9766613631643,2113.022997907566,3015.329384166527,835.4272467708013,2256.2956732082375,3199.335150363753,0.18000000000006366,G,T
DCB_se2_ag1_f_01_1,16262,IH1,6182,it,542.5813317182125,2310.687335230613,3293.683078100133,570.042249639761,2278.0398411862534,3254.5043931433443,497.9027321928661,2456.202538809645,3301.988309971001,0.03999999999996362,T,T
DCB_se2_ag1_f_01_1,16267,AE1,6186,and,789.4751298318716,2137.0032162846737,2747.6108383288274,1056.7191775936228,2010.0235551321853,3132.8243035458604,1083.5621969321949,2167.569360260242,3216.8837353657223,0.08999999999991815,,N
DCB_se2_ag1_f_01_1,16269,AY1,6187,i,870.0084930758152,1731.4093142821725,2753.0206836142493,869.8917564415477,1724.844162874608,2753.525134438575,762.3553784850194,1948.0127561941263,2782.823211630136,0.09000000000014552,N,W
DCB_se2_ag1_f_01_1,16271,AH0,6188,was,585.1673239103742,1451.247574052935,2509.3535559849524,621.5938803033532,1400.252344390076,3057.3853550714703,590.3019134366897,1449.7066821543724,2637.7693794241036,0.029999999999972715,W,Z
DCB_se2_ag1_f_01_1,16274,AY1,6189,like,578.310628935946,1726.0702877369806,2763.8564571916813,577.4681551180752,1721.2162195509284,2777.0425566425015,473.589725980624,1784.349444581218,2751.035565157903,0.029999999999972715,L,K
DCB_se2_ag1_f_01_1,16277,AH0,6191,and,619.7739506448193,2006.0520296007792,2883.029350586676,644.6838028280338,1996.0663244232803,2958.7912040759306,577.3894595416126,2086.1819395749803,2832.607833132203,0.08999999999991815,sp,N
DCB_se2_ag1_f_01_1,16279,IH1,6192,it,605.9741324806324,2287.791279750593,3226.78013821782,641.4241575166186,2204.4269632412484,3088.336061578816,607.2666154680852,2290.946823901413,3242.5406031826587,0.2300000000000182,N,T
DCB_se2_ag1_f_01_1,16282,AE1,6193,that,684.2335164920555,1982.8865857747646,2938.1592609508803,692.8740343833475,1998.7897417683912,2864.617807988386,692.1918240691936,2006.7336070909964,2898.4368486907224,0.05999999999994543,DH,T
DCB_se2_ag1_f_01_1,16285,AE1,6195,and,555.6602905648359,2008.0737793318326,3091.1388331667463,683.4055262622567,1830.5539717394179,3026.3484516113595,553.8713547678243,2065.2224501299042,3113.5629347158197,0.12000000000011823,Z,N
DCB_se2_ag1_f_01_1,16289,EH1,6196,then,639.4282102624678,2130.5391201412203,2976.7346026046657,642.7878747534426,2126.447822371788,2946.5309965563097,640.1361731818595,2130.990879970178,2970.005027886043,0.049999999999954525,DH,N
DCB_se2_ag1_f_01_1,16291,AY1,6197,i,884.7646166311147,1592.4081602036185,2225.3115837956893,892.441607405712,1592.4282602023284,2249.8125528106807,777.6239196531305,2024.3885842325167,2471.0401976491735,0.06999999999993634,N,K
DCB_se2_ag1_f_01_1,16293,AY1,6198,kind,823.9148762003452,1852.9115714387515,2913.338550468628,852.037379344182,1880.7980447825792,2566.287221347811,735.4973942108797,2016.6431881289368,3158.4890138638193,0.07999999999992724,K,N
DCB_se2_ag1_f_01_1,16296,AH0,6199,of,648.872369587819,2031.3340695806921,3169.096040986721,665.9374723336871,2096.607923724589,3224.5708081683124,664.870498124406,2104.18967022055,3239.9777988588166,0.029999999999972715,D,V
DCB_se2_ag1_f_01_1,16298,AE1,6200,asked,663.9943489891315,2397.164892928172,3100.2620717254986,722.7103995172145,2203.2285251452777,3215.754140328729,626.1512060053692,2288.686906468349,3007.2128209397306,0.12000000000011823,V,S
DCB_se2_ag1_f_01_1,16301,IH0,6201,him,487.5811576139444,1700.667572567814,2807.8013372910204,542.3109349973865,1948.3489615300825,3116.8657675118147,542.3109349973865,1948.3489615300825,3116.8657675118147,0.029999999999972715,T,M
DCB_se2_ag1_f_01_1,16304,AY1,6202,like,748.7602174152377,1918.7043683743486,3212.7611907503856,753.1630598847837,1954.168343196942,3192.3993829182677,751.7504007909322,1942.7896697868023,3198.9325017387246,0.049999999999954525,L,K
DCB_se2_ag1_f_01_1,16307,AH1,6203,what,538.2819815349541,1282.9464626810216,3106.720043713913,542.7308069086748,1347.9421388460926,3105.7984010918326,530.1757087197825,1468.986032983216,3012.9788273858376,0.03999999999996362,W,T
DCB_se2_ag1_f_01_1,16309,ER0,6204,are,497.5628569787708,1636.7431523673526,2792.1109709098864,546.4056763536435,1710.315351875494,1968.3419406851076,539.6818560270767,2640.151955531309,3199.323847814472,0.049999999999954525,T,Y
DCB_se2_ag1_f_01_1,16311,UH1,6205,your,616.3631825327536,1069.6130525268738,2831.642376442786,625.7136134162027,1183.9501845186865,2791.310189625311,487.2692111906899,2712.458756755879,2958.9324678226185,0.03999999999996362,Y,R
DCB_se2_ag1_f_01_1,16314,EH1,6206,best,676.3396327702675,2046.1445543352138,3097.496008709438,828.5976545321737,2135.8090122047047,3319.2644513051546,825.5053547009408,2148.125921313203,3330.647785277261,0.12999999999988177,B,S
DCB_se2_ag1_f_01_1,16319,EY1,6207,traits,470.571141896869,2210.872706405372,2771.9263101253014,541.0370379569254,1901.3316980732793,2343.5125781213246,469.6998221652531,2249.133697934068,2801.8373070021926,0.029999999999972715,R,T
DCB_se2_ag1_f_01_1,16323,UW1,6208,you,482.68503885860935,1422.2082291575723,2272.9528420577417,512.3160856776241,1890.2371866848011,2616.1785277278223,494.85805061014514,2246.921394484283,3475.3760919429533,0.029999999999972715,Y,N
DCB_se2_ag1_f_01_1,16325,OW1,6209,know,591.513357546908,1467.8473779523833,2986.376585870716,675.7870706363691,1662.7017652972215,2181.9252882043143,605.3995603791535,1805.1682312996104,2343.762346452236,0.13000000000010914,N,sp
DCB_se2_ag1_f_01_1,16328,AH0,6211,the,471.78297780424583,1553.9041140690538,2981.293856507365,496.26432324382745,1516.6130759919977,2911.2812330698416,484.1730839373759,1734.753860121792,2974.6031717366095,0.07999999999992724,DH,sp
DCB_se2_ag1_f_01_1,16332,IH1,6213,typical,534.7053363601813,1725.3441943650944,3021.2330798398257,576.9359235512231,1901.1190312328847,2957.9703878588143,576.9359235512231,1901.1190312328847,2957.9703878588143,0.03999999999996362,T,P
DCB_se2_ag1_f_01_1,16334,AH0,6213,typical,512.4117472525976,1493.2682514953058,2714.6813509467574,526.2740967755489,1517.6578085972744,2982.4974986910383,520.6046396320887,1588.0107844740262,2918.670750831743,0.040000000000190994,P,K
DCB_se2_ag1_f_01_1,16336,AH0,6213,typical,457.15048344127814,974.6083128233207,2643.232938789907,944.825867768996,2108.961891616622,3217.8833604584956,923.1814987479322,2361.323930707877,3242.576544936162,0.03999999999996362,K,L
DCB_se2_ag1_f_01_1,16341,EH1,6215,questions,689.9925652456395,1657.8880063387073,2724.4719276336614,750.1181601081964,1682.9496067319892,2645.102129912668,696.1109183023345,1829.4499834020448,2866.8189695413275,0.10999999999989996,W,S
DCB_se2_ag1_f_01_1,16344,AH0,6215,questions,474.85575774834837,1845.9836938088727,2924.138138027902,803.7997315570236,1956.829181050105,2884.980176501455,803.7997315570236,1956.829181050105,2884.980176501455,0.03999999999996362,CH,N
DCB_se2_ag1_f_01_1,16348,AE1,6217,and,624.1538746688079,2418.1344734937925,3289.7067594692826,725.5029723106923,1802.8588119592262,2881.6544273952895,635.3121624340217,2453.285354995937,3308.98345938372,0.07999999999992724,sp,N
DCB_se2_ag1_f_01_1,16351,IY1,6218,he,512.7870212367108,2784.1502562265587,3180.5261004971194,575.1009848684992,2932.328777194665,3137.890441002189,491.39372393629276,2990.9713215698644,3086.8314655389004,0.14000000000010004,HH,W
DCB_se2_ag1_f_01_1,16353,AH0,6219,was,551.1179872767,1701.9305957130318,3214.447213332741,573.6309285872051,1507.1779472637415,3190.0290986691484,545.240966423139,1735.1798198875338,3192.851454393737,0.029999999999972715,W,Z
DCB_se2_ag1_f_01_1,16356,AY1,6220,like,796.6950016418675,2050.5562351288704,3094.415390273809,863.1913319915933,1892.0809795295197,2792.9277560598075,619.1902937726796,2209.8991122245425,2506.5276151486382,0.10000000000013642,L,K
DCB_se2_ag1_f_01_1,16358,AE1,6221,and,544.3935656918844,2404.0291735084083,3009.60046173448,596.9284583192858,2245.43867282796,3252.68077190661,538.7585154730265,2481.723935159172,2883.6068062839595,0.08999999999991815,K,N
DCB_se2_ag1_f_01_1,16361,AY1,6222,i,929.0267434996533,1783.4982653559332,2695.5134836943,1007.6061291028036,1769.3263867378162,2510.791206090197,800.5053641402727,1967.756419967164,2950.517031934726,0.09999999999990905,D,TH
DCB_se2_ag1_f_01_1,16363,IH1,6223,think,628.1202341830859,2220.3342609728547,3233.4602754384023,828.725722924694,1833.299400075777,2983.7450073508853,602.2920515080795,2512.7826183645284,3182.7689030632464,0.05999999999994543,TH,NG
DCB_se2_ag1_f_01_1,16367,AH1,6224,what,601.5565606344375,1306.969852417507,2944.7958482392337,607.1961803584837,1277.576884174691,2921.2515627582015,601.6131596680609,1307.0425770955028,2944.9625780747506,0.05999999999994543,W,T
DCB_se2_ag1_f_01_1,16372,EY1,6226,mainly,526.7281638686254,1874.8761798194819,2812.156692485426,653.972987693276,2298.1682986584706,3215.0133874686367,511.50035753223267,2605.2071074418614,3150.0676650887763,0.13000000000010914,M,N
DCB_se2_ag1_f_01_1,16375,IY0,6226,mainly,579.0350060356587,2895.7967429200557,3209.057276758721,586.2607914356071,2914.460758557245,3204.608278130168,550.3401671887617,3102.278890736055,3163.574784028269,0.06999999999993634,L,G
DCB_se2_ag1_f_01_1,16377,AA1,6227,got,931.9215454073042,1075.1724276428467,2127.7697051963096,962.1763091006267,1031.3041546461536,2087.424230383889,632.0764252694888,2217.645257920891,2529.9811387853283,0.09000000000014552,G,T
DCB_se2_ag1_f_01_1,16380,IY1,6228,me,509.48667440660125,1200.1134513323996,2771.967724848385,576.8066040728138,2582.0661308646663,3104.833685343162,524.8453848129141,2668.44777850755,3082.4177296502403,0.07999999999992724,M,W
DCB_se2_ag1_f_01_1,16382,AH1,6229,was,591.6610069496886,1420.6900657056403,3119.2377760346785,592.2604463884993,1451.457172361537,2973.1405159659885,567.241583531932,1656.9486275784363,3240.5290299108246,0.049999999999954525,W,Z
DCB_se2_ag1_f_01_1,16385,AE1,6230,that,618.209807062712,2201.4728958571095,3188.736569999061,620.6399168300059,2194.8281109121313,3207.868867223795,606.3542444829545,2270.3715307098955,3195.6935493241067,0.049999999999954525,DH,T
DCB_se2_ag1_f_01_1,16388,IY1,6231,he,545.8396453111474,2800.1481144934064,3237.988240744009,553.2362344418812,2833.007894234678,3262.3936441795863,517.8184184525871,2908.539640711781,3346.7293347488053,0.029999999999972715,HH,W
DCB_se2_ag1_f_01_1,16390,AA1,6232,was,466.6450960791606,1852.7755798865728,3105.422230750441,487.91183344952356,1972.9263109514416,3123.4185384931184,487.91183344952356,1972.9263109514416,3123.4185384931184,0.029999999999972715,W,Z
DCB_se2_ag1_f_01_1,16393,AY1,6233,like,606.4787876124254,1936.0922603165307,3019.3384704241525,608.6387265020396,1895.9172179931907,2997.343433162353,593.0456182375982,2096.8776451988656,3076.058969690124,0.029999999999972715,L,K
DCB_se2_ag1_f_01_1,16395,AY1,6234,i'm,1070.7668634200613,1532.5404370793258,2206.897252242661,1110.365588710495,1786.9220517063961,2305.8340535126895,1002.9199577158186,1934.544685316013,2415.715634087498,0.08999999999991815,K,M
DCB_se2_ag1_f_01_1,16397,AH0,6235,a,638.6504915098404,1511.3836311533935,3283.9394863594143,713.9293811356113,1484.7239581505182,3311.4921664101685,572.0862858137002,1613.3321734850886,3192.888467193059,0.05999999999994543,M,L
DCB_se2_ag1_f_01_1,16399,IH1,6236,listener,627.3122436271708,2104.4926946731116,3128.4205096726764,635.0093554839987,2117.023676073335,3149.2523535382434,535.3958973149832,2115.239452266186,3107.597674967204,0.10000000000013642,L,S
DCB_se2_ag1_f_01_1,16401,AH0,6236,listener,529.898227246519,1860.3326100328395,3190.825947470222,652.8510576895466,1795.6868515696854,2358.483338272966,528.3225545773977,1862.0875559681406,3196.1929848752593,0.029999999999972715,S,N
DCB_se2_ag1_f_01_1,16403,ER0,6236,listener,582.7483825460845,1851.9919841837618,1930.5689619705963,720.9909554015468,1852.76864975591,2707.649729333422,724.7827030204153,1861.3466118371744,2717.554293140405,0.14000000000010004,N,
DCB_se2_ag1_f_01_1,16405,AY1,6238,i'm,854.0934580335573,1668.2853362664755,2958.2967137694886,974.283134014488,1807.8118616702054,3321.816111306512,765.8929531359086,1843.6642937212255,2516.921451774266,0.09000000000014552,,M
DCB_se2_ag1_f_01_1,16407,AH0,6239,a,627.8446164678556,1366.111083600891,2873.6520928178693,661.2920162677075,1377.2722976754535,2559.3354042625447,539.7002755354496,1492.2561399202518,3054.4893576327217,0.06999999999993634,M,P
DCB_se2_ag1_f_01_1,16409,ER1,6240,person,681.4425876574206,1636.9565130367296,1940.7093145474566,701.3379227400522,1610.9057858330882,1873.3725365847927,660.2876357551355,1790.9444159477998,1999.5523774347794,0.060000000000172804,P,S
DCB_se2_ag1_f_01_1,16411,AH0,6240,person,509.65679289826056,1863.3348309919652,1962.7416437709032,941.027948369934,1573.0332137303617,2355.0302662310723,507.4818008473668,1937.385781944885,2467.150204387891,0.029999999999972715,S,N
DCB_se2_ag1_f_01_1,16414,AH0,6241,that,659.8719701189561,1383.9477849394505,1931.297575314129,660.0525946844417,1418.6333740177636,1933.0358168125438,647.5189070656247,1610.1883228785039,2928.7504675689265,0.040000000000190994,DH,T
DCB_se2_ag1_f_01_1,16417,IH1,6242,listens,659.7285070107166,2155.73586067284,3261.8435756287377,683.7094938282852,2131.135528489001,3272.6967635596147,654.4894773159855,2160.1756995356327,3257.053659697459,0.08999999999991815,L,S
DCB_se2_ag1_f_01_1,16419,AH0,6242,listens,568.3184618923947,1944.990609156601,2950.5019173638134,600.7128641760436,2043.7682441188651,3129.5457332140973,600.7128641760436,2043.7682441188651,3129.5457332140973,0.040000000000190994,S,N
DCB_se2_ag1_f_01_1,16423,AE1,6244,and,794.6249421013728,1944.0253537534268,3303.3665618139157,1027.3109778152448,1875.6621372495988,3091.53261715,803.4225032852353,2018.1931546688472,3377.6460290707637,0.08000000000015461,sp,N
DCB_se2_ag1_f_01_1,16425,AY1,6245,i,1000.1800932332744,1792.1414652800188,2570.384569624606,1064.6611167996916,1751.121892410326,2522.940863294933,940.0540366889369,1833.0991802880646,2483.576166711223,0.09999999999990905,N,F
DCB_se2_ag1_f_01_1,16427,IY1,6246,feel,662.4501788499907,1531.7359230670766,3217.440385639347,869.9335650721596,1762.32975690807,3221.1117725812283,862.2627909344424,1764.341033721695,3255.6199867746127,0.03999999999996362,F,L
DCB_se2_ag1_f_01_1,16430,AY1,6247,like,796.7020949505531,1981.5180099123643,2980.6394110288315,964.825569527649,1784.0921126670753,2760.5919066403762,703.7885592813756,2055.3216093977526,2441.872065057282,0.09000000000014552,L,K
DCB_se2_ag1_f_01_1,16434,AO1,6249,for,684.2139097066374,1088.4962598082482,3320.4218501493606,695.0013988569318,1034.6498154353744,3099.6103889180545,681.0726233659768,1095.7953644614943,3327.2455380951533,0.06999999999993634,F,R
DCB_se2_ag1_f_01_1,16436,AO1,6250,all,598.9386211524807,933.4472137839214,3006.3077439042877,756.3675044185682,1125.808193998304,3304.6004473477774,755.5886427530456,1128.1112829168464,3303.796235213825,0.15000000000009095,R,L
DCB_se2_ag1_f_01_1,16438,AH0,6251,of,607.7697957495112,1341.3197040203274,2673.224202886717,789.3194784486286,1330.0990544038075,1813.7474938102307,639.4373896268133,1343.7403427347217,2710.733774535843,0.029999999999972715,L,V
DCB_se2_ag1_f_01_1,16441,AY1,6252,my,952.8351302107411,1553.2193188090603,2254.256609815499,974.4586774928563,1540.149334907204,2300.6696974411816,950.2746558995309,1585.3427087311006,2352.9672134851667,0.06999999999993634,M,L
DCB_se2_ag1_f_01_1,16443,AY1,6253,life,676.7507615068596,1831.8082512006335,2615.681103636595,915.1118487887043,1721.523364652708,2557.1111757961457,605.816963806071,2061.63303901106,2728.3782057368844,0.07999999999992724,L,F
DCB_se2_ag1_f_01_1,16445,IH1,6254,it,609.9126646098591,2141.164870367933,3072.1128981166335,625.1897221214724,2104.976956040358,3088.184632770825,608.810208774612,2153.7111900828354,3090.1696694737125,0.03999999999996362,F,T
DCB_se2_ag1_f_01_1,16448,EH1,6255,never,739.6853361874679,2022.8341163162645,2404.0637019337605,756.092982094199,1934.8880652710884,3080.642373466767,726.6185865909566,2039.8236205829376,2059.864338172969,0.05999999999994543,N,V
DCB_se2_ag1_f_01_1,16450,ER0,6255,never,416.5546589327208,1256.0205632004997,2737.8610545110478,519.5607317981359,1391.9964825795137,3026.5653367393556,385.0932549525793,1511.189728460391,2958.735615284907,0.08999999999991815,V,B
DCB_se2_ag1_f_01_1,16452,IH1,6256,been,660.514912036024,2058.1990240878245,3110.2590574109686,674.7541422219309,1963.1871329104997,2474.742360142027,657.3388315337684,2104.1675683551302,3061.290321322731,0.05999999999994543,B,N
DCB_se2_ag1_f_01_1,16455,AY1,6257,like,794.6990106337489,1415.0568892307765,2041.239096582337,940.1620516985704,1427.2706690748173,2342.112498896626,820.1689096897302,1636.2944554472126,2558.565918528159,0.09000000000014552,L,K
DCB_se2_ag1_f_01_1,16458,AE1,6258,that,694.1801762014163,1317.2012394027313,2421.194241596604,697.3489002989586,1201.5063793372774,2316.608704729371,691.3811469963362,2135.8610434723164,2822.33557682632,0.049999999999954525,DH,T
DCB_se2_ag1_f_01_1,16461,ER1,6259,person,682.3358601489202,1580.1178191361698,1950.963226082264,696.2784432996364,1547.06826128376,1934.1283795358402,660.3045349161786,1747.697168924064,2164.4392151522434,0.049999999999954525,P,S
DCB_se2_ag1_f_01_1,16463,AH0,6259,person,547.0504929786687,1682.3728098707954,2250.260008563691,1088.4831061682542,2053.2183065383088,3417.025249996383,1120.0777199055494,2079.4112881587707,3519.220894535837,0.029999999999972715,S,N
DCB_se2_ag1_f_01_1,16466,AH0,6260,that,627.0331151688312,1900.5719048223416,3117.7392703672263,656.1753999236854,1975.1192700133195,3072.973755647679,653.440646016617,1974.1065124242173,3072.789274767653,0.040000000000190994,DH,T
DCB_se2_ag1_f_01_1,16469,AH0,6261,was,471.26510785996766,1583.239698392767,2853.1698824984783,515.1605996081033,1496.502915028508,2639.717210974739,474.16898570668104,1618.5662435154616,3008.3051823290134,0.029999999999972715,W,Z
DCB_se2_ag1_f_01_1,16472,AY1,6262,like,809.6350574475708,1893.7818551569808,2508.259608342076,823.7712108666624,1698.721337806612,2366.4693205108424,774.3005273288728,2004.8493826950794,2546.610559694845,0.03999999999996362,L,K
DCB_se2_ag1_f_01_1,16475,AY1,6264,i,941.8174112005339,1562.5220905998835,3130.4035755973164,1152.4279833820904,2343.9226382111733,3447.358219786419,1152.4279833820904,2343.9226382111733,3447.358219786419,0.08999999999991815,sp,M
DCB_se2_ag1_f_01_1,16477,AH0,6266,a,626.2848061136954,1441.7985197319126,3262.7729295396157,672.4427896826535,1522.3811479330934,3323.9117144008783,666.3448970463836,1523.2852206081209,3318.3368240020086,0.05999999999994543,M,L
DCB_se2_ag1_f_01_1,16479,IH1,6267,listen,542.7086949496853,2125.7700747132635,3270.2669893623165,622.805013887521,2139.894641322534,3302.1530481476457,619.6605058898984,2139.962011984009,3313.1147534740658,0.07999999999992724,L,S
DCB_se2_ag1_f_01_1,16481,AH0,6267,listen,494.16874171341965,1835.8719415296137,2971.4351996159576,630.4617512049383,1997.611596182019,3405.865088202632,630.4617512049383,1997.611596182019,3405.865088202632,0.029999999999972715,S,N
DCB_se2_ag1_f_01_1,16484,IH0,6268,to,461.3298252412346,2203.9564495289756,3070.591925971132,477.7169532003527,2038.0572152534507,3053.3002342641057,459.415707358505,2370.390508254521,2839.1876543537815,0.03999999999996362,T,Y
DCB_se2_ag1_f_01_1,16486,UW1,6269,you,426.3153059151953,2214.629864864647,3054.7777197094906,503.77480493849885,2051.240555017472,3136.9758446269166,473.81907056873695,2659.080929590002,3015.4669063433785,0.03999999999996362,Y,sp
DCB_se2_ag1_f_01_1,16490,OW1,6271,so,558.8728211516606,1519.922081990906,3001.085633537979,592.9214533738708,1513.056601728113,2919.337435246235,571.7072522186664,1593.4036996812608,2911.251934261006,0.03000000000020009,S,W
DCB_se2_ag1_f_01_1,16492,IH1,6272,when,801.6603120491985,1872.7960174927125,1891.8100138767218,825.8247085429979,1766.9079838500768,2404.7000262192487,712.5851401825595,1979.5882801612534,2505.89857468596,0.05999999999994543,W,N
DCB_se2_ag1_f_01_1,16495,IH1,6273,mr,645.0178384774906,1962.2835811040652,3122.8294326400023,659.7810391852248,1695.9837498607778,1872.2251365441396,642.8641795409943,1964.7457083247662,3120.0516690147224,0.06999999999993634,M,S
DCB_se2_ag1_f_01_1,16498,ER0,6273,mr,503.034753283597,1364.3964422594788,2899.985809769473,595.9185738489493,1896.8349623112185,2999.5455503505245,595.9185738489493,1896.8349623112185,2999.5455503505245,0.029999999999972715,T,TN
DCB_se2_ag1_f_01_1,16502,EH1,6276,said,533.6715955733408,1723.5853655190392,2749.083488804161,628.1822188128788,2535.3051862318503,3198.618117871951,554.950819614833,2453.836726044922,3207.8209709480957,0.12999999999988177,S,D
DCB_se2_ag1_f_01_1,16505,AY1,6278,i,1023.5023274669867,1495.7624748187714,2455.344577330706,1051.780302977715,1501.697501279337,2423.5504048350676,918.4783950133475,1761.5435132510622,2882.5731168548346,0.12999999999988177,,W
DCB_se2_ag1_f_01_1,16507,AH0,6279,will,538.2641784513531,1221.819218614665,3035.862784840781,641.3622526691306,1173.975666794997,3043.004606859905,535.7079466823934,1225.67876877491,3028.600272961934,0.029999999999972715,W,L
DCB_se2_ag1_f_01_1,16510,IH1,6280,listen,566.5014353304291,2058.5078378323674,3024.757823976259,594.1607513318421,2061.6608292509054,2622.0326503494125,567.56408983939,2054.6132149140267,2853.7536715175374,0.06999999999993634,L,S
DCB_se2_ag1_f_01_1,16512,AH0,6280,listen,495.3701597046634,1730.8192203144483,2458.7414365484638,561.5837883701761,1880.3080883981347,2727.2792495836406,526.0534957378094,1876.453240722194,2544.5596643462522,0.029999999999972715,S,N
DCB_se2_ag1_f_01_1,16515,IH0,6281,to,451.53546552494294,2109.890486985728,2985.1047044351735,481.6188833327484,2055.9183779052983,3044.1192185828886,440.2523230891165,2283.1377732268934,2817.076358977532,0.029999999999972715,T,Y
DCB_se2_ag1_f_01_1,16517,UW1,6282,you,551.0063038508873,1867.6622699694528,3053.9495455249494,591.5208980427091,1721.288547150817,3043.3547611239487,522.1692611569212,2132.772245096928,3034.396378969739,0.05999999999994543,Y,sp
DCB_se2_ag1_f_01_1,16520,AY1,6284,like,820.5795782249959,1951.2734135892638,2709.221559751528,857.5539599157515,2029.511590713666,2844.4135123517067,813.9038101646289,2121.2469516351357,2914.64924704434,0.07999999999992724,L,K
DCB_se2_ag1_f_01_1,16525,AE1,6286,yeah,607.1548817297496,1619.936168192332,2224.7432381530016,644.4165757988899,1811.4873510773996,2049.173776495341,561.3452263330389,2021.4383277025904,2778.100879729347,0.25,Y,
DCB_se2_ag1_f_01_1,16529,AE1,6289,yeah,684.2786517162909,1898.2375167365474,2404.2715188466623,859.5535444534564,1919.4335882853711,2363.1940565677455,524.3737306614261,2219.970714607048,2750.244305701324,0.09999999999990905,Y,AY1
DCB_se2_ag1_f_01_1,16530,AY1,6290,i,735.553612767352,1582.7699877317207,2216.100742720045,859.5535444534564,1919.4335882853711,2363.1940565677455,859.5535444534564,1919.4335882853711,2363.1940565677455,0.029999999999972715,AE1,W
DCB_se2_ag1_f_01_1,16532,AA1,6291,was,574.7385868076913,1662.7600263179986,2547.602171957596,859.0118653288196,1426.961972843316,2180.3020424728556,621.0981225558336,1688.8407100274294,2508.1925866467795,0.2199999999997999,W,Z
DCB_se2_ag1_f_01_1,16536,AH1,6293,done,729.6227129184549,1270.5243774797377,2349.57602420184,828.3259113435727,1134.642663998413,2045.8887025961226,651.1486716859387,1533.2755890199778,2413.925073946919,0.03999999999996362,D,N
DCB_se2_ag1_f_01_1,16541,AE1,6295,yeah,771.8091942322117,1917.680187864847,2914.771191378934,1061.3972843853253,2022.148864837769,2619.980709254408,761.5464499898258,2299.5220287442885,3076.5270623383685,0.2799999999999727,Y,spn
DCB_se2_ag1_f_01_1,16546,AE1,6298,yeah,956.5339026193438,1890.4926852799645,2472.7605251603554,956.4866474265493,1884.1276255833022,2473.156404023658,552.2724742579542,2441.2055575841837,3091.7657684063206,0.17000000000007276,Y,IH0
DCB_se2_ag1_f_01_1,16547,IH0,6299,it,660.4947676305983,1762.0936956041833,2644.9363555235323,678.8095458281279,1751.9152995210002,2634.7323214551707,652.6247526131423,1824.127755967856,2601.7324635399978,0.029999999999972715,AE1,T
DCB_se2_ag1_f_01_1,16550,AA1,6300,was,512.7852441422633,1937.3510006872236,2375.14122309862,608.5505011809537,1832.475612145695,2325.386312192434,525.9745488602407,1963.0278682836715,2489.2982849014834,0.029999999999972715,W,Z
DCB_se2_ag1_f_01_1,16553,AY1,6301,like,867.2030397960518,2086.84353602513,2599.4829964754736,942.3883161466531,1889.5424512709594,2552.7077044476973,686.1945128310567,2126.3502452248113,2613.8975075314065,0.07000000000016371,L,K
DCB_se2_ag1_f_01_1,16556,AH0,6303,and,646.4060367741611,2209.838385982383,3122.86458776977,1337.0491036573853,2588.2808342468943,3698.3287756311406,1351.7147991374527,2606.3222994702332,3707.553189133707,0.049999999999954525,sp,N
DCB_se2_ag1_f_01_1,16559,AE1,6304,that,734.3596628349484,2068.7736377777783,3226.584169839686,735.569713908703,2069.0209389914653,3208.6179833828432,734.7719300168529,2068.9297502263203,3220.0952351535984,0.049999999999954525,DH,T
DCB_se2_ag1_f_01_1,16563,AH0,6306,that,589.0948268374984,1817.1605307860189,3123.48589178584,618.4721809783346,1854.729070264915,3134.1360135757373,614.0941606749755,1909.599487345121,3088.5906549759575,0.03999999999996362,DH,T
DCB_se2_ag1_f_01_1,16565,EH1,6307,s,698.6333558497618,1849.2102416734122,2821.1030083845753,805.9737582323554,1840.3931470445084,2734.829391907317,568.7832196709913,1975.346233223581,3072.59572622719,0.07999999999992724,T,S
DCB_se2_ag1_f_01_1,16568,AH1,6308,what,633.6417816354806,1224.1687485427562,3300.1526815030306,648.9137443608879,1257.0058385846974,3300.690742527592,640.660024221598,1264.2035010821417,3282.893773754101,0.029999999999972715,W,T
DCB_se2_ag1_f_01_1,16571,IY1,6309,we,541.87539009659,2704.1303095874223,3227.29577422531,610.0911679740002,1729.745280351479,3090.4525095398235,559.9436379846201,2738.186788078877,3190.1302499112962,0.09999999999990905,W,AO1
DCB_se2_ag1_f_01_1,16572,AO1,6310,all,813.6998850606969,1196.774615131283,2772.217240754836,833.2693416640703,1273.4734986662636,2719.9050099810975,610.0911679740002,1729.745280351479,3090.4525095398235,0.20000000000004547,IY1,L
DCB_se2_ag1_f_01_1,16575,IY1,6311,need,474.9073180078103,1980.6374352863327,3183.13965382108,617.3050920555692,2635.9391108557775,3258.249033591781,529.3875637323009,2881.067621078729,3296.9516842173307,0.08999999999991815,N,D
DCB_se2_ag1_f_01_1,16578,AE1,6312,that,754.7077286255156,2014.8784611241804,3152.913110721467,781.4528125519558,1972.592575080622,3078.403048904336,746.0167209661632,2019.523271624829,3170.39139442069,0.03000000000020009,DH,T
DCB_se2_ag1_f_01_1,16582,AH1,6314,what,519.7292540861616,1129.393850618117,2676.38785561837,523.6536799668489,1223.3957403229158,2195.038337635134,505.20241516022355,1421.017941676193,2967.9432067075013,0.029999999999972715,W,T
DCB_se2_ag1_f_01_1,16585,IY1,6315,we,535.3275280380818,1808.8537532379703,3020.5308241205967,563.1884529010271,1585.8281670939516,2986.1181512508683,535.3746469141206,1862.1033317127392,3115.0803109304516,0.060000000000172804,W,AO1
DCB_se2_ag1_f_01_1,16586,AO1,6316,all,718.5912271088412,1325.6610791135295,2664.345909278636,734.1542488312014,1313.450363766319,2975.8916390756226,563.1884529010271,1585.8281670939516,2986.1181512508683,0.07999999999992724,IY1,L
DCB_se2_ag1_f_01_1,16589,IY1,6317,need,525.5428880227777,2953.896253364042,3556.6596667345034,583.55612519749,2906.1780857821095,3399.245447843362,525.7021546665422,2967.873997297289,3473.0908352457022,0.08000000000015461,N,D
DCB_se2_ag1_f_01_1,16591,IH1,6318,is,506.4634264546071,2131.316528620789,3014.4012611002236,512.4954442124255,2063.227768060651,3130.6958177174706,501.4647788055886,2259.5981880950326,3058.4709103463038,0.049999999999954525,D,Z
DCB_se2_ag1_f_01_1,16594,UW1,6319,youth,543.3791027036065,1462.464487833267,1966.0867809707975,555.1111364464576,2309.779113617488,3046.416153955172,533.8442888209751,2672.2865027502976,3334.746867282286,0.11999999999989086,Y,TH
DCB_se2_ag1_f_01_1,16596,AE1,6320,and,545.2806650497632,2053.245558097114,3040.7562188878865,575.7548618456624,2011.9246504462997,3061.583528784158,550.3447115860723,2077.406087769748,3076.469153066275,0.06999999999993634,TH,N
DCB_se2_ag1_f_01_1,16598,AE1,6321,as,712.5341724512651,1788.6776207764683,2992.8104539920396,726.4051429905741,1946.4828437394478,3026.5376421516403,658.4637265713942,2017.651830647019,3043.548673744634,0.05999999999994543,N,Z
DCB_se2_ag1_f_01_1,16601,IY1,6322,people,419.0242365651582,1295.9346386652683,2927.8474405096276,452.27463382143156,1283.344352100111,2971.5054633146715,359.21441376754314,1840.1423804462618,3084.924927770857,0.06999999999993634,P,P
DCB_se2_ag1_f_01_1,16603,AH0,6322,people,604.7944996755524,923.0278574450983,3004.0039356286266,823.5129732576283,1925.9267454109663,3056.9688580319776,649.507967367219,1917.0037990399114,3054.933510852308,0.03999999999996362,P,L
DCB_se2_ag1_f_01_1,16607,IH1,6324,period,541.6375299785259,2412.1767940495806,2830.7904258715603,607.3493525559294,1847.326344932823,2262.4723238542642,541.6274178186696,2509.024703335045,2870.317034135367,0.07999999999992724,P,R
DCB_se2_ag1_f_01_1,16609,IY0,6324,period,514.460060178926,2831.2598229787372,2976.4784561286765,540.7939398343099,2283.3929812095676,2690.0367801979205,512.0910889795799,2829.807217117187,3077.350885750642,0.14000000000010004,R,AH0
DCB_se2_ag1_f_01_1,16610,AH0,6324,period,498.109999845681,2329.8905633174004,3036.284545331193,502.1341910304513,2215.4634497478733,3046.333020933308,466.8831464487819,2550.6474881604418,2975.254336139046,0.029999999999972715,IY0,D
DCB_se2_ag1_f_01_1,16613,OW1,6325,don't,718.4589179979703,1370.1301080237895,3163.5030196415696,722.9974016188722,1515.4990705268426,3022.5321182952175,722.9974016188722,1515.4990705268426,3022.5321182952175,0.03999999999996362,D,N
DCB_se2_ag1_f_01_1,16617,AE1,6326,matter,838.8977721745753,1794.0488635502156,2669.338050182134,894.7132102514265,1693.2162001269403,2713.201558113898,863.0380230549349,1840.6609022025355,2881.0874803218335,0.05999999999994543,M,T
DCB_se2_ag1_f_01_1,16619,ER0,6326,matter,601.9092992970603,1805.280592154841,2800.0099220648376,723.9260570616215,1890.0823799326645,2933.7109653351927,723.9260570616215,1890.0823799326645,2933.7109653351927,0.029999999999972715,T,HH
DCB_se2_ag1_f_01_1,16621,AW1,6327,how,695.0460614561756,1247.6224108138686,2740.570954743282,886.4218422760262,1302.3006654096316,2884.106087777444,760.4002113495243,1779.822640720997,2760.4168510808977,0.12000000000011823,HH,sp
DCB_se2_ag1_f_01_1,16625,AH1,6329,what,666.6709366768376,1419.42173689161,3382.9842004010156,776.9188299634151,1665.8365612008517,3382.8518607188703,745.9106163600628,1766.1698212847753,3411.1791612422535,0.06999999999993634,W,T
DCB_se2_ag1_f_01_1,16628,EY1,6331,age,574.4947729688655,1596.0664969680674,2983.713351479527,756.2960419307584,1498.0180746902004,2620.2721288135035,581.7287198804274,2789.925933371951,3288.8808464999192,0.2300000000000182,sp,JH
DCB_se2_ag1_f_01_1,16631,UW1,6332,you,566.5083403996201,1081.949771758885,2555.0362041683547,646.8289780503922,1126.2131946027669,2974.84617333678,485.5384989475653,2211.677043351544,2763.4381617498357,0.10999999999989996,Y,AA1
DCB_se2_ag1_f_01_1,16632,AA1,6333,are,769.3741868355875,1203.3492181210472,2596.9856779819784,796.8145708134762,1299.7983281745358,2604.1218493906695,796.8145708134762,1299.7983281745358,2604.1218493906695,0.05999999999994543,UW1,R
DCB_se2_ag1_f_01_1,16635,IH1,6335,it,729.5251200522757,2174.89628031237,3079.4051952960267,834.6415023204341,1956.8761430259124,2585.4648177457047,532.4732685489182,2278.2106043092476,3086.8355927297403,0.06999999999993634,,T
DCB_se2_ag1_f_01_1,16639,AY1,6337,like,679.82126913788,2052.7942072907285,2942.670759479566,718.7933898737676,1905.4494415692398,2906.823394970922,590.257356741211,2290.4648099991964,2905.5000592700203,0.049999999999954525,L,K
DCB_se2_ag1_f_01_1,16641,IH1,6338,if,496.8700017167968,1893.7984643548416,3042.7188057784465,510.28633524895304,2101.093993540024,3065.140825982853,493.60102024153707,2239.845322174446,3037.653233039516,0.05999999999994543,K,F
DCB_se2_ag1_f_01_1,16644,UW1,6339,you,510.3409779474798,1502.0205499120702,3271.3857475406694,755.518156406051,1719.6505906372436,2831.4506699504373,738.576396993965,2126.963368257094,3485.7941578961636,0.1799999999998363,Y,HH
DCB_se2_ag1_f_01_1,16646,AE1,6340,have,759.8665973866355,2086.539339764267,3183.1512308886568,785.779956878643,2164.9655114960315,3143.862866413058,779.6064986958489,2187.6680181770794,3181.6363162877387,0.049999999999954525,HH,V
DCB_se2_ag1_f_01_1,16650,AE1,6342,that,719.3220557515772,1816.3786622272007,2237.367828164129,729.4957430470956,1953.997525499743,3081.5928600513653,686.186080813405,2151.0633063947735,2873.312078639861,0.029999999999972715,DH,T
DCB_se2_ag1_f_01_1,16653,AH1,6343,one,777.6675396632122,1323.0195645724132,2825.7339552931217,777.9566976255849,1322.694538243614,2822.486809706635,770.6646379281431,1330.891135609966,2904.3741603735716,0.03999999999996362,W,N
DCB_se2_ag1_f_01_1,16656,ER1,6344,person,664.6540199804151,1884.078876817706,2175.024868605664,689.3464484300038,1712.44661801316,1933.3845306512437,606.3598556015787,2111.0282022781907,2790.2838649799555,0.07999999999992724,P,S
DCB_se2_ag1_f_01_1,16658,AH0,6344,person,751.0628407487171,2078.5480968654115,3097.1454591225274,751.9783243998056,2017.2633641008129,2987.5032240782703,721.1988667604924,2112.056723276766,3183.2511452248973,0.029999999999972715,S,N
DCB_se2_ag1_f_01_1,16661,AE1,6345,that,681.9904857869074,1457.3151355179725,2851.1123663212147,691.6949529448841,1453.897960561247,2898.40303693797,647.5012007823452,2030.5453185455813,2859.8315320640295,0.029999999999972715,DH,T
DCB_se2_ag1_f_01_1,16664,UH1,6346,would,461.5826493338615,1381.8960275635864,2664.867676382059,475.9021171706389,1429.8591714109712,2555.504667444954,471.41225902273385,1431.745645358164,2557.0925144611037,0.029999999999972715,W,D
DCB_se2_ag1_f_01_1,16667,IH1,6347,listen,505.5525875237564,2172.0136075678565,3274.206945752028,532.0876662609651,2020.5791978713467,2641.8346162138296,506.1051485345344,2165.4624445314707,3343.3022103158423,0.07999999999992724,L,S
DCB_se2_ag1_f_01_1,16669,AH0,6347,listen,518.5710941587008,1804.460015342559,3347.7493221006634,525.1135207363479,1788.508177000455,3241.655597120024,496.75242987278557,1865.6631124590058,3140.2775744292603,0.029999999999972715,S,N
DCB_se2_ag1_f_01_1,16672,AH0,6348,to,458.5174074720818,1142.639018693424,2982.965181671606,601.9986993003796,1899.6945552617378,3020.4959416419997,601.9986993003796,1899.6945552617378,3020.4959416419997,0.06999999999993634,T,W
DCB_se2_ag1_f_01_1,16674,AH1,6349,what,506.60138474901254,1386.3490426358346,3322.621021546849,506.4924868156181,1367.3566357175905,3302.7082265701133,505.55740123492643,1446.8146887610294,3244.5632479109527,0.029999999999972715,W,T
DCB_se2_ag1_f_01_1,16678,AH1,6351,coming,824.5243750401108,1581.0857691344297,2894.0049769589004,885.2084452391089,1815.745742206378,3477.526592376026,878.7105000825849,1821.5821965497546,3394.8391456836575,0.03999999999996362,K,M
DCB_se2_ag1_f_01_1,16680,IH0,6351,coming,573.6865250785373,1358.4073531242982,2128.5910899823166,717.1928323973926,1584.9746198286666,2258.576476472935,717.1928323973926,1584.9746198286666,2258.576476472935,0.029999999999972715,M,NG
DCB_se2_ag1_f_01_1,16682,AW1,6352,out,1056.2797860441533,1806.2928046441705,2496.216883988299,1072.6781083819155,1813.6873355216715,2490.975944972045,995.7658074967666,1828.2356852663138,2434.6818336346964,0.10000000000013642,NG,T
DCB_se2_ag1_f_01_1,16684,AH0,6353,of,480.48563311381923,1770.4670004690597,2357.7901383493136,528.4242675672709,1847.3162192184368,1971.5323373249314,514.361779441229,1906.7013096324588,2054.8404342025174,0.029999999999972715,T,V
DCB_se2_ag1_f_01_1,16687,UH1,6354,your,506.38145446901035,1422.29853465226,2746.1578488697514,670.5089422969102,1540.2455217028273,3243.473929797641,476.34578468117775,1844.4669530990468,2759.805480436908,0.029999999999972715,Y,R
DCB_se2_ag1_f_01_1,16690,AW1,6355,mouth,924.8567927276767,1562.2003848578447,2574.872174869848,973.1202617950487,1684.9063661044304,2601.101379573595,865.3080616813298,1808.5048777713605,3290.156124945568,0.08999999999991815,M,TH
DCB_se2_ag1_f_01_1,16694,AE1,6357,actually,979.3920914606763,2086.961667974847,2389.892572029486,996.2544305206658,2112.416474020838,2399.5510958027544,733.8005597802847,2243.6189906379996,3181.297247811133,0.15000000000009095,sil,K
DCB_se2_ag1_f_01_1,16698,IY0,6357,actually,566.7866078935679,2896.451788474271,3295.2819372892127,593.4479199564397,2858.877251631761,3256.1600880525443,563.9029307786152,2983.516056197446,3021.740246158093,0.05999999999994543,L,G
DCB_se2_ag1_f_01_1,16700,IH1,6358,give,545.7960110519227,2385.1038883782126,3080.1641853769434,589.9533851933602,1974.8369799036332,2839.3795822257175,491.694257115956,2729.6727086942956,3241.364203587337,0.049999999999954525,G,V
DCB_se2_ag1_f_01_1,16703,UW1,6359,you,493.13109494169106,1542.6283492341308,2971.8029251671705,506.51491255338203,1402.2297113814354,3039.9366142436515,474.5765458028431,2094.4687877443953,2893.8238431065224,0.07999999999992724,Y,AH0
DCB_se2_ag1_f_01_1,16704,AH0,6360,a,471.6138442975421,1631.706055693225,3112.1903181311295,496.94698900793287,1667.4303904756785,3134.057220771752,496.94698900793287,1667.4303904756785,3134.057220771752,0.06999999999993634,UW1,S
DCB_se2_ag1_f_01_1,16706,AH0,6361,solution,492.7547752211699,1572.2993622123715,3187.6974603424796,540.614670301062,1938.5327515039035,3026.8632690078716,509.5432361314615,2283.4883834517213,3421.181766118775,0.060000000000172804,S,L
DCB_se2_ag1_f_01_1,16708,UW1,6361,solution,439.15419496565386,1131.905945510989,3236.787418547556,1170.4309947929771,1936.9016670756523,3173.6808369255637,1171.1929814290763,1940.2432403501152,3162.6940829423784,0.06999999999993634,L,SH
DCB_se2_ag1_f_01_1,16710,AH0,6361,solution,524.9457323801763,1846.4260731010786,3533.334755194509,549.0573865421447,1889.1482038996112,3396.447684106699,501.9830777680306,1938.3391106141007,3376.471331843103,0.040000000000190994,SH,N
DCB_se2_ag1_f_01_1,16713,UW1,6362,to,577.704656321749,2246.5670019815316,2762.049852239876,599.5612286233245,2187.562255514614,3254.870917595383,553.2984157010833,2277.7679192296623,2768.7852199253507,0.029999999999972715,T,Y
DCB_se2_ag1_f_01_1,16715,AO1,6363,your,566.1951347129028,1422.27749757013,3084.140854823677,611.4285296837318,1214.1535375444935,3103.472653162729,530.2424647048541,1845.8025065511715,2954.577061909204,0.0500000000001819,Y,R
DCB_se2_ag1_f_01_1,16719,AA1,6364,problem,948.446255959012,1593.763977075558,2338.585931711279,949.8229273849497,1561.8059843044825,2383.373593812091,943.3550564165663,1633.9141012293242,2271.2466484674283,0.13000000000010914,R,B
DCB_se2_ag1_f_01_1,16722,AH0,6364,problem,717.7698670447816,1581.905648003228,3418.10991513185,729.4335027653705,1602.0092448074824,3406.8010419570383,704.3526505019283,1650.8052624362406,3433.0202369591984,0.029999999999972715,L,M
DCB_se2_ag1_f_01_1,16726,AE1,6366,that,826.6311481495727,1904.398785037699,2714.6230887670113,862.0661224073243,1949.5054629296717,2968.858007753117,730.4792754891298,2111.5302509155003,3134.9456929408884,0.05999999999994543,DH,T
DCB_se2_ag1_f_01_1,16730,AE1,6368,that,752.9161490272833,1553.763293643888,2278.0217207141213,767.2527380079476,1892.8846143719218,2265.7209730628524,765.6903717724301,1892.1529682942116,2261.8114409244376,0.07999999999992724,DH,T
DCB_se2_ag1_f_01_1,16734,ER1,6370,person,555.9773871016656,1436.267459149841,1694.3282995544432,728.8429336350054,1340.0240028447752,1709.6296000568775,540.9172865469941,1610.0465790697274,2177.3394739750265,0.08000000000015461,P,S
DCB_se2_ag1_f_01_1,16736,AH0,6370,person,604.3731041367759,1955.2294542941122,3066.6476102950037,648.9986802686085,1918.2652020515593,2743.137998667648,627.6230483730906,2050.043208175725,3058.543077915827,0.049999999999954525,S,N
DCB_se2_ag1_f_01_1,16740,IH1,6372,period,545.1373566361367,2316.9032359819707,2661.98155182304,553.6014870762691,2243.1485225698916,2585.2204118408313,551.6784692192648,2402.210706873043,2656.1645209944063,0.11000000000012733,P,R
DCB_se2_ag1_f_01_1,16742,IY0,6372,period,455.77217947546615,2517.449970570596,2770.4126070980915,478.9663371208691,2244.401030721528,2603.60069784175,463.85354858155637,2715.259032863998,2786.509608560669,0.08999999999991815,R,AH0
DCB_se2_ag1_f_01_1,16743,AH0,6372,period,438.29896486593293,2586.8446178267527,2770.556057085209,504.8022041857917,2574.2515608867134,2758.110368194119,444.6845717384896,2637.949999787301,2863.8646806071156,0.029999999999972715,IY0,D
DCB_se2_ag1_f_01_1,16748,AE1,6374,yeah,722.6992130246048,1945.5798594169466,2985.6272661878256,785.7187216266796,1767.4203477509823,2579.398118825106,649.2965756326772,2391.551192647716,3019.5346723089315,0.42000000000007276,Y,
DCB_se2_ag1_f_01_1,16752,AE1,6376,yeah,722.1240017532035,1960.8577384995838,2996.8209221835796,796.5642593406723,1866.51205286654,3115.016463940871,635.4817119751077,2230.478222415933,2918.7801258427776,0.38000000000010914,Y,
DCB_se2_ag1_f_01_1,16756,EH1,6378,definitely,686.7125230892183,1701.380295755529,2109.8039790764033,704.0150390414669,1942.2937318036734,2790.74475882193,566.6688617793096,2116.4007562984934,3072.560308019546,0.08999999999991815,D,F
DCB_se2_ag1_f_01_1,16758,AH0,6378,definitely,594.3600993963505,1929.3025927241283,3151.3520044861716,751.4928526752184,2052.826915860633,2658.5502374871066,751.4928526752184,2052.826915860633,2658.5502374871066,0.03999999999996362,F,N
DCB_se2_ag1_f_01_1,16760,AH0,6378,definitely,675.5668159294485,2048.2364950582805,3275.7013213131277,692.412701892363,2050.7049775083997,3292.9026834489996,602.3149816868488,2132.2604748715366,3284.380300837666,0.05999999999994543,N,T
DCB_se2_ag1_f_01_1,16763,IY0,6378,definitely,570.3671377105085,1640.8586357428069,3027.919673058478,1047.5030695299254,2520.2733608150265,3067.630471450822,972.4888774940969,2817.527395478541,3237.596001203316,0.12000000000011823,L,
DCB_se2_ag1_f_01_1,16767,EH1,6380,definitely,791.9287952225781,2125.5446667963997,2911.5448814604943,828.311661083713,2125.185683018668,2974.275789928066,655.5051846960707,2191.718038400957,2976.2288977471353,0.11999999999989086,D,F
DCB_se2_ag1_f_01_1,16769,AH0,6380,definitely,646.5559271369075,2037.9649923725483,3101.049089385862,652.6272141418419,2030.3987352386564,3082.442076540796,632.6498357042772,2055.295265743116,3143.6678655533065,0.03999999999996362,F,N
DCB_se2_ag1_f_01_1,16771,AH0,6380,definitely,617.1981308079819,2272.201836957567,3227.5941863130374,635.1729325151019,2300.625654494818,3360.78094180947,548.4810217667826,2306.5261234970503,3269.925894953866,0.17000000000007276,N,T
DCB_se2_ag1_f_01_1,16774,IY0,6380,definitely,501.2420648893553,1451.392151369686,3048.206329537884,789.4566555296144,2130.3512258387814,3100.095747716952,517.7774187972393,2903.2127797637454,3067.869224443484,0.1999999999998181,L,
DCB_se2_ag1_f_01_1,16781,EH1,6384,yes,700.5456291679635,1955.0068289233282,3352.3146961701195,842.967767317493,2158.8431875795645,3227.0859230373644,645.0869138365048,2405.7547136363205,3323.915195676173,0.32999999999992724,Y,S
DCB_se2_ag1_f_01_1,16786,AE1,6386,yeah,529.2950930442165,1907.0960072337646,2870.2355075381943,949.9392543315391,1760.0174090848082,3084.400726694659,653.7097212352684,2188.4762912476,2844.2504026566876,0.2799999999999727,Y,
DCB_se2_ag1_f_01_1,16790,AY1,6388,right,735.9723389087252,1822.177613071642,2258.768281729483,819.9360517465582,1505.8168826343237,2100.8171805816205,746.8235308540197,1834.3427388840043,2277.0951401117322,0.08999999999991815,R,T
DCB_se2_ag1_f_01_1,16795,AA1,6390,cause,598.7690078658001,1868.0429055689979,2712.1202081777838,665.713149031022,1885.008905742892,2597.8518638329456,548.2111855740192,2113.9998916314084,2384.7272749550443,0.05999999999994543,K,Z
DCB_se2_ag1_f_01_1,16797,AY1,6391,i,612.3520293156502,1971.154967481966,2143.5890390310683,864.4505391125492,1849.849455351552,2698.204879951399,607.0672647550094,1974.4032140708223,2124.703154086436,0.10999999999989996,Z,DH
DCB_se2_ag1_f_01_1,16799,AE1,6392,that,751.8610831173313,1941.0891680412599,2696.6752153267257,811.5800572713789,2004.2858977403407,2809.1362276789705,811.5800572713789,2004.2858977403407,2809.1362276789705,0.0500000000001819,DH,T
DCB_se2_ag1_f_01_1,16803,AW1,6394,how,663.747450885008,1751.438136623376,2768.3253544110066,787.772082871716,1541.5485236599975,2360.0507346755994,738.5494561124576,1800.4514234706116,2659.992626523008,0.14000000000010004,HH,AY1
DCB_se2_ag1_f_01_1,16804,AY1,6395,i,815.21517323708,1767.1569623762348,2064.351614626576,962.1899627524216,1962.3892271331513,2226.5843460883307,879.2452668730324,2033.7987246620232,2726.873455164951,0.16000000000008185,AW1,AE1
DCB_se2_ag1_f_01_1,16805,AE1,6396,am,733.8598274259517,2224.614094271389,2528.960781204192,858.9766535204136,2028.273916536,2859.7403806862526,730.5161109504799,2235.281999379828,2488.9925451671584,0.1899999999998272,AY1,M
DCB_se2_ag1_f_01_1,16808,OW1,6397,though,602.5156840359571,1413.5606425740655,3120.6056453593706,653.9503315414174,1766.4501522411642,3102.6047614392864,652.2376184331615,1773.4037363155048,3100.0622309101786,0.11999999999989086,DH,sp
DCB_se2_ag1_f_01_1,16810,IH1,6399,if,568.8710042134142,2161.8430550160137,3120.362406385636,868.3946622550852,1862.098738419519,3096.0353969715534,612.4383608028501,2223.1387450167404,3172.149455417314,0.10000000000013642,sp,F
DCB_se2_ag1_f_01_1,16812,AY1,6400,i've,1108.4338472744023,1699.7003775575147,2654.469121226409,1114.9908021554372,1776.5328957288766,2163.137229274303,1114.5441344356677,1776.181309306521,2155.6357075409182,0.15000000000009095,F,V
DCB_se2_ag1_f_01_1,16814,AO1,6401,always,719.5199602668409,1152.5641611802703,3426.3008727839756,809.2601818616241,1118.9838028007125,3029.0974890241246,720.7032484150764,1162.2385185189935,3458.430359374614,0.06999999999993634,V,L
DCB_se2_ag1_f_01_1,16817,IY0,6401,always,503.70000667400893,2063.4186353213167,2797.065821082383,579.417304871553,1738.7544829031067,3070.975082024145,505.99660193895636,2064.360034397016,2647.8764755319407,0.049999999999954525,W,Z
DCB_se2_ag1_f_01_1,16820,AH0,6402,been,646.6477575983168,1594.9316942887,2526.6730717000128,671.2779816589921,1594.375437724276,2908.0520003443244,598.4034572031985,1633.5527967156936,2024.0113748314532,0.029999999999972715,B,N
DCB_se2_ag1_f_01_1,16823,AY1,6403,like,756.5036879715967,1805.3492566678624,2479.1168839840366,869.6538738011069,1640.6145565983877,2690.8984234462305,612.9325876443012,1851.4730731078405,2663.864503450625,0.06999999999993634,L,K
DCB_se2_ag1_f_01_1,16826,AE1,6404,that,700.6345978649108,2057.227784356438,2919.1621270789647,710.8688246496273,1791.642457723358,2890.329631455755,671.0858461877809,2209.2476779850494,3153.333948768113,0.07999999999992724,DH,T
DCB_se2_ag1_f_01_1,16829,IH0,6406,it,547.233275109596,2022.268387656051,3041.053540142496,642.2733629413489,2106.042270010965,3147.3306034687475,625.8060229758286,2116.2420346245167,3113.015998977258,0.040000000000190994,sp,T
DCB_se2_ag1_f_01_1,16833,AY1,6408,like,710.070307797475,1848.247861699268,2660.1486112872108,798.6974775521822,1694.5969245896852,2656.2018299735255,527.5906622487739,2469.9937582009156,2694.8458023892767,0.12000000000011823,L,K
DCB_se2_ag1_f_01_1,16836,IH1,6410,if,576.8928286994933,2214.29724767488,2782.3253589463898,597.901388535077,2154.3094500675174,2863.7328454352496,563.5358700821839,2261.7073543272686,2977.8861605918137,0.07999999999992724,,F
DCB_se2_ag1_f_01_1,16839,AH1,6411,somebody,699.4568018501075,1316.8444574039927,3126.5241262825534,697.4323026737005,1314.8499585848372,3147.9581318492483,649.8641538882168,1409.7825736264947,3787.520735583543,0.03999999999996362,S,M
DCB_se2_ag1_f_01_1,16842,AA2,6411,somebody,851.2877319860761,1722.2039840741234,3009.34183687922,874.2564361991869,1639.04944752738,2949.597130273477,724.9967211181531,1846.6501033297718,3030.1138394497516,0.05999999999994543,B,D
DCB_se2_ag1_f_01_1,16844,IY0,6411,somebody,537.9296995208123,1455.3535817655236,2879.4094486317736,617.2479377723457,2400.5732163367447,3069.8364458396923,557.2897406704985,2616.798373099813,3189.6260160214024,0.09000000000014552,D,AE1
DCB_se2_ag1_f_01_1,16845,AE1,6412,aks,726.478608859846,2226.54766622838,3287.8907263072865,777.6107635388806,2265.54166479578,3157.993246985722,698.1367890343448,2241.5181949845796,3290.2979518275174,0.14999999999986358,IY0,K
DCB_se2_ag1_f_01_1,16849,IY1,6413,me,529.429970753108,1939.920049886462,3047.009542679705,535.2159629308462,2576.394031365767,3067.3328791240165,530.4481321332925,2564.0439468824334,3300.260963850642,0.029999999999972715,M,T
DCB_se2_ag1_f_01_1,16851,AH0,6414,to,515.4752316308512,1885.0251765977107,3070.3751246012807,518.0558949563601,1979.4423417107732,3155.254682790864,516.7796817528122,1993.602950362966,3230.852588330531,0.049999999999954525,T,D
DCB_se2_ag1_f_01_1,16853,UW1,6415,do,535.0167078582864,1728.6714945763074,3173.705918869575,548.4830220667982,1696.1026325172986,3370.6982934981584,492.0328891690555,1753.2221532237306,3320.5535938544112,0.10000000000013642,D,S
DCB_se2_ag1_f_01_1,16855,AH1,6416,something,742.4832139235137,1478.0656495592602,2876.3475379250835,769.0380616030686,1518.6426634784566,2780.274625925844,588.5699490235941,1758.665148906925,3014.5533318989774,0.05999999999994543,S,M
DCB_se2_ag1_f_01_1,16858,IH0,6416,something,497.59123804509113,1887.7861906004073,3235.915254096448,564.2114828976269,2010.1881978794725,3406.531422528533,564.2114828976269,2010.1881978794725,3406.531422528533,0.049999999999954525,TH,NG
DCB_se2_ag1_f_01_1,16862,AY1,6418,i,878.1312487044908,1448.2318412750024,3011.5318169783554,988.0631478838382,1609.931849734571,2519.034201976152,931.3549527018388,2354.0722838047086,3508.4055907451702,0.2699999999999818,,spn
DCB_se2_ag1_f_01_1,16865,UW1,6420,do,473.68335889318263,1093.7901692429693,3028.1172148569976,584.3060580323313,1748.7157518895867,3145.095590730989,542.224764551275,1769.711264392634,3124.4459974208607,0.16999999999984539,D,IH0
DCB_se2_ag1_f_01_1,16866,IH0,6421,it,489.1053816907445,1235.16228395727,2963.3661093674996,529.6277768627795,1211.5550388715226,2896.3322241819296,514.4897415967448,1502.5866075017368,2845.5890466966425,0.07000000000016371,UW1,T
DCB_se2_ag1_f_01_1,16873,IH0,6425,it,547.1339914549873,1776.8910985779269,2636.870505828155,603.7151496389667,2155.708359758224,2940.5630088355233,416.5461806500539,2286.945077625354,2912.6041561631823,0.2599999999999909,,T
DCB_se2_ag1_f_01_1,16877,AH1,6427,ju-,704.1516085297213,1710.1830660419105,3016.409968973305,775.4494814530842,1737.0535280383262,3075.9674949289288,489.53273045029823,1698.5358962673827,2984.775361380401,0.09000000000014552,JH,
DCB_se2_ag1_f_01_1,16880,IY1,6429,even,539.557635793732,2271.1987949813074,2939.9872827044414,599.7072723499157,2263.6710093494967,2987.199374669787,549.9169896404167,2313.683519397436,3039.5737539913407,0.05999999999994543,sil,V
DCB_se2_ag1_f_01_1,16882,IH0,6429,even,604.9525801814025,1789.6735598531109,3008.9209060068797,608.55573340384,1819.739853104497,3011.940152358214,602.7029708456056,1858.3929648713151,2950.76533924565,0.03999999999996362,V,N
DCB_se2_ag1_f_01_1,16884,IH0,6430,if,599.5158925409908,1799.097299501359,3152.464211786834,604.2715496621047,1845.1846290658484,3187.99777162508,604.272664381347,1845.1893142605334,3188.001548302436,0.049999999999954525,N,F
DCB_se2_ag1_f_01_1,16886,AY1,6431,i,769.4592491876829,1606.6601111344974,2478.8468769416604,783.416746208261,1586.2164917797454,2509.478002227623,778.1471345673231,1631.8270163704283,2487.3884978996143,0.049999999999954525,F,D
DCB_se2_ag1_f_01_1,16888,OW1,6432,don't,665.2383173449558,1169.7605955992778,3146.4751353737747,685.8397865719882,1591.9252730259025,2922.4290515827083,681.7517568673115,1628.2119384859,2924.455875947447,0.06999999999993634,D,N
DCB_se2_ag1_f_01_1,16891,IY1,6433,feel,618.1241698654918,1260.5713077530622,3000.9981777814633,849.5112746509458,1774.540054979469,2663.43721538348,849.5112746509458,1774.540054979469,2663.43721538348,0.040000000000190994,F,L
DCB_se2_ag1_f_01_1,16894,AY1,6434,like,784.5724319900868,1807.4964503978883,3121.5679616132034,814.2159671439704,1702.3700949441668,3104.380005037427,638.4315095725857,2131.985599531379,3137.554329573712,0.049999999999954525,L,K
DCB_se2_ag1_f_01_1,16897,UW1,6435,doing,578.898678968455,1286.7473870986476,2997.8996289165893,575.4147360692696,1091.397078008681,3129.0988547468082,509.8908099426745,1767.0904748989844,2845.556672971204,0.09999999999990905,D,IH0
DCB_se2_ag1_f_01_1,16898,IH0,6435,doing,582.8839626485964,1410.9820045863303,2999.1692263841496,590.5589491722361,1260.2834297345196,3111.0100238760087,559.1308012364057,1559.1591375683397,2921.2544329742645,0.049999999999954525,UW1,NG
DCB_se2_ag1_f_01_1,16900,IH1,6436,it,583.7245452047197,2229.3437334890054,2919.8455843772776,615.6996989927914,2247.610485496297,3116.572992828698,581.4202390551008,2244.4558856766416,2849.894526425504,0.0500000000001819,NG,T
DCB_se2_ag1_f_01_1,16904,AH1,6438,but,673.9370345499336,1353.7653453429048,3296.2346812000724,744.9039295928978,1660.0279643491763,3172.80537693942,744.9039295928978,1660.0279643491763,3172.80537693942,0.05999999999994543,B,T
DCB_se2_ag1_f_01_1,16906,AY1,6439,i,850.8964873288487,1757.1145433597953,2500.7923998942465,912.5245078965061,1783.5915019243232,2491.494567116246,901.9210696397738,1910.996874371254,2619.912760030268,0.11000000000012733,T,TH
DCB_se2_ag1_f_01_1,16908,IH1,6440,think,526.7022225874329,2095.1053014740946,2402.7571164972223,540.0923510582568,1786.7557417477879,3092.2830748429355,523.4106480474182,2377.8726704958044,2993.3631551319063,0.049999999999954525,TH,NG
DCB_se2_ag1_f_01_1,16912,AE1,6441,that,647.6109818262634,2001.6320620439262,2845.8339005546686,648.6729688789849,1999.9026863381785,2960.296078200773,647.67958142352,2008.6269019875851,2527.565266975042,0.029999999999972715,DH,T
DCB_se2_ag1_f_01_1,16916,AY1,6443,why,1014.6137502136415,1616.5927701319115,2408.4582496973767,1020.8061986472684,1617.5462386908716,2477.6891487201237,1016.0739617338943,1627.6391488798113,2454.930046736666,0.060000000000172804,W,AY1
DCB_se2_ag1_f_01_1,16917,AY1,6444,i,956.1190567453438,1391.6556782009868,2361.604974234215,1022.3641459238445,1526.1457106832595,2473.490323519308,1020.3551943341689,1607.8779367778177,2493.1729965392506,0.06999999999993634,AY1,AO1
DCB_se2_ag1_f_01_1,16918,AO1,6445,also,742.0526738944001,1208.8866566902673,2821.953085460111,813.8166830122,1315.288601485117,2636.322877668079,813.8166830122,1315.288601485117,2636.322877668079,0.09999999999990905,AY1,L
DCB_se2_ag1_f_01_1,16921,OW0,6445,also,572.8066683832498,948.7483772171857,3457.77396096827,882.7024532967421,1601.5106710059572,2343.2870619499204,882.7024532967421,1601.5106710059572,2343.2870619499204,0.14000000000010004,S,HH
DCB_se2_ag1_f_01_1,16923,AE1,6446,have,948.5653317744955,1662.8422243848133,2579.5627660765163,1060.2604329518053,1746.6946340418708,2524.599053460577,1060.2604329518053,1746.6946340418708,2524.599053460577,0.049999999999954525,HH,V
DCB_se2_ag1_f_01_1,16926,AH0,6447,to,641.506383266201,1828.649195130773,3332.5699806190614,715.3665842921203,1830.4886747472256,3379.7276095665097,612.9613497098359,1847.3960289841912,3361.897994234427,0.15999999999985448,T,
DCB_se2_ag1_f_01_1,16930,AH0,6449,that,645.3170460844831,1774.7086999048843,3172.3450288540694,705.7298852556099,1777.6493397307825,3214.383758755276,689.0032023711191,1794.4551798241046,3163.6356184303686,0.029999999999972715,DH,T
DCB_se2_ag1_f_01_1,16934,AY1,6451,why,923.9078699917188,1497.6781884879103,2559.943399856219,923.6740787799854,1499.7616955762321,2556.495479181076,923.5179632739778,1501.1529701282225,2554.1931091437987,0.029999999999972715,W,AY1
DCB_se2_ag1_f_01_1,16935,AY1,6452,i,896.1286677402348,1369.584482509185,2548.6835993464174,915.0680269564662,1427.338505726819,2544.8403733113414,915.0680269564662,1427.338505726819,2544.8403733113414,0.029999999999972715,AY1,AO1
DCB_se2_ag1_f_01_1,16936,AO1,6453,also,727.8165759618001,1185.9830962498577,2713.942675856643,842.6857045923014,1384.8907804225942,2535.8587081485052,842.6857045923014,1384.8907804225942,2535.8587081485052,0.060000000000172804,AY1,L
DCB_se2_ag1_f_01_1,16939,OW0,6453,also,504.19480613965806,1266.0536084598766,3311.017849368928,583.9598308295459,1221.204886983175,3728.8916925910376,463.8394877564463,1405.936573089444,3446.110977537048,0.060000000000172804,S,T
DCB_se2_ag1_f_01_1,16941,IY1,6454,teach,509.2390321926269,2300.1657635389415,2825.1646265313448,572.0102506348593,2387.5649493606975,3105.520668055517,523.0920985622854,2948.3655394008324,3490.579900980189,0.060000000000172804,T,CH
DCB_se2_ag1_f_01_1,16944,IY1,6455,people,567.9824720275107,2476.475943647358,3171.3919024433494,583.1366323167779,2799.819539378197,3282.7265622899045,566.9926720222969,2857.8019950827156,3231.9974494894873,0.07000000000016371,P,P
DCB_se2_ag1_f_01_1,16946,AH0,6455,people,511.0834963225966,982.3161536707191,3171.324853705489,782.1300666583194,1683.0184265635914,2775.618668267298,782.1300666583194,1683.0184265635914,2775.618668267298,0.07999999999992724,P,L
DCB_se2_ag1_f_01_1,16951,AH0,6457,to,725.3543187692654,1585.9697889959195,3193.5597545740816,823.8662692166115,1323.708081233848,3020.0634890842102,704.3338157385429,1688.9781573848597,3192.6498375000915,0.040000000000190994,T,AH1
DCB_se2_ag1_f_01_1,16952,AH1,6458,um,850.8856067176021,1433.1351274922306,2239.041906877619,871.3647378062223,1458.233554049816,1791.455318737321,828.3755141666879,1500.1697979957523,3010.662600099714,0.13999999999987267,AH0,M
DCB_se2_ag1_f_01_1,16955,AE1,6459,have,766.7303257343402,2145.1765276546203,3119.605283287433,769.3004238826742,1992.7353224544313,3111.6288802099466,765.758916229653,2198.087096436729,3132.3248670904036,0.029999999999972715,HH,V
DCB_se2_ag1_f_01_1,16958,AE1,6460,that,704.306714180405,1967.5796522377645,3139.986021519358,704.6153940118128,2044.06852688824,3170.025890350085,703.5715995829839,2017.294666054417,3247.08556301524,0.06999999999993634,DH,T
DCB_se2_ag1_f_01_1,16961,AY1,6461,time,848.7293970588016,1536.160583576118,1838.181847052881,881.1573473166172,1645.952683568653,2106.5956246946325,878.0316291736228,1673.1743541684186,2111.025156034077,0.05999999999994543,T,M
DCB_se2_ag1_f_01_1,16964,ER0,6462,for,573.3776316273014,1706.5320220507842,3265.0442173992665,946.3060797786604,1580.6360107462092,2780.295310031324,521.4566249352869,2450.04584381843,3101.7859773923865,0.049999999999954525,F,Y
DCB_se2_ag1_f_01_1,16966,ER0,6463,yourself,622.0854491824108,1354.5694089976603,3230.3191956664264,624.6970190243783,1406.4464280271766,3216.1751667788276,509.2284532905601,2315.993236232357,3205.5579616867753,0.11999999999989086,Y,S
DCB_se2_ag1_f_01_1,16968,EH1,6463,yourself,762.6292788334554,1637.2973349748024,3041.742265544714,776.1912856683091,1610.92909025923,3420.592114941907,582.8471454338475,1725.9388373394575,3166.855923803263,0.09999999999990905,S,L
DCB_se2_ag1_f_01_1,16973,AA1,6465,cause,591.9009092703672,1746.0873325570753,3439.8695124577307,676.4513562695566,1818.1867808997947,2795.882307161064,527.9197430540377,1856.1501563822142,3089.139936946308,0.05999999999994543,K,Z
DCB_se2_ag1_f_01_1,16976,AA1,6466,not,881.8794226958155,1809.475897375648,2652.02344215208,922.0850092587976,1724.234144733343,2734.706934091414,814.6719859962675,1869.5104611886131,3134.0069693769638,0.049999999999954525,N,T
DCB_se2_ag1_f_01_1,16978,AH0,6467,a,664.6915820699516,1536.249110227134,3033.8086640472357,677.79836284668,1687.069875266581,2949.5491122395833,678.0411486628949,1706.7294650785402,2955.3386917224825,0.05999999999994543,T,L
DCB_se2_ag1_f_01_1,16980,AA1,6468,lot,830.357339949785,1636.117884271344,2925.0542983110267,835.1111351256044,1596.7143276671893,2927.880618119088,788.9839451270885,1841.7056826513026,3048.682937833963,0.029999999999972715,L,T
DCB_se2_ag1_f_01_1,16982,AH0,6469,of,647.6604538534823,1908.5167316819284,3055.417639289305,660.5403267774375,1835.792581690065,3140.4566401838133,655.1428257093531,1922.9935089949647,3072.2803843373326,0.03000000000020009,T,V
DCB_se2_ag1_f_01_1,16985,IY1,6470,people,526.7634700389186,2798.2671187906917,2925.540269460372,582.4913697803046,2139.656308205889,3113.4101208178263,524.4227288251467,2719.9533075645804,2958.139544985649,0.049999999999954525,P,P
DCB_se2_ag1_f_01_1,16987,AH0,6470,people,551.6070446090331,1368.7914493959697,3131.9500239987497,565.8755639726767,1559.0025026625217,3179.808396933686,522.023839143381,1883.579020190071,3111.9043412066217,0.029999999999972715,P,L
DCB_se2_ag1_f_01_1,16990,AE1,6471,have,654.3590946087163,2206.812591318165,2915.0555269840343,708.3640468140235,1860.5857637117501,2820.6669242378407,686.3768988134883,2255.79494104862,3110.977997640505,0.05999999999994543,HH,V
DCB_se2_ag1_f_01_1,16993,AE1,6472,that,707.7410332155183,2004.9013695735894,2987.298116869397,705.6815303367055,1896.7269014459623,3066.374737406912,678.9499100309267,2178.316980513578,3103.252763092672,0.05999999999994543,DH,T
DCB_se2_ag1_f_01_1,16996,AY1,6473,time,885.8052949431302,1762.1414564929116,2275.380733624701,899.8624458067559,1740.756816327182,2312.132568863497,839.5575463184942,1799.2886215669419,2793.284438093713,0.060000000000172804,T,M
DCB_se2_ag1_f_01_1,16999,ER0,6474,for,651.3645104095094,1731.7414551399318,3040.200777322721,654.0137919461104,1756.2977994435776,3042.5129016676024,649.5768787778012,1770.6229740218812,3051.068254005423,0.03999999999996362,F,DH
DCB_se2_ag1_f_01_1,17001,AH0,6475,themselves,608.874464299399,1576.7031211024596,2809.954146534701,653.7927961388048,1845.2723425176719,3124.667774721911,622.2043483076355,1910.9260856260278,3113.4938142973137,0.08000000000015461,DH,M
DCB_se2_ag1_f_01_1,17004,EH1,6475,themselves,496.366851705882,997.1800567719079,2354.3487952539585,654.4105324433112,1668.4865279559226,3293.6013903174417,502.0201943980767,2248.8045468574214,3170.8216979111785,0.14000000000010004,S,L
DCB_se2_ag1_f_01_1,17010,OW1,6477,so,583.0828549486805,1662.1195498226195,2775.4337468428876,638.6438219416773,1726.3380497899159,2770.434760320846,611.478971026578,1748.4873189377822,2466.168155873878,0.029999999999972715,S,sp
DCB_se2_ag1_f_01_1,17016,AY1,6481,i,593.5251187056657,1771.1444944853683,2712.0797795836274,686.9286865064992,1751.832620241234,2732.7188059409946,663.8184080179241,1945.3642360979998,2844.4340108432875,0.029999999999972715,sp,S
DCB_se2_ag1_f_01_1,17019,AA1,6482,started,717.9818738473913,1587.1809172564883,2589.611488761312,727.6444174460349,1468.75876305568,2265.5594383938137,712.3377204968637,1608.0316805391749,2733.5238019280127,0.03000000000020009,T,R
DCB_se2_ag1_f_01_1,17022,AH0,6482,started,609.686572029696,1676.521912047686,2687.8567159511376,727.5298767459474,1665.9794084282216,2604.0091700189846,689.3320154908769,1684.6908399579477,2686.0368158961346,0.029999999999972715,T,D
DCB_se2_ag1_f_01_1,17024,AE1,6483,at,728.427431242234,1755.0264833820108,2875.0709914515473,728.5373934776599,1753.4765704179079,2883.825071439473,727.9374876300362,1761.9322174577496,2836.066640965739,0.029999999999972715,D,T
DCB_se2_ag1_f_01_1,17028,OW2,6486,okay,743.9936057420423,1343.2392320211798,3245.9195537282735,864.9300749403421,1650.151480451973,2197.2905269760963,864.9300749403421,1650.151480451973,2197.2905269760963,0.11000000000012733,sp,K
DCB_se2_ag1_f_01_1,17030,EY1,6486,okay,738.309627724832,947.9862023319768,3080.2967632905297,829.0483123314856,2208.894449365445,3400.5331541493374,615.142765467686,2907.2830224233826,3108.1126575678613,0.20000000000004547,K,B
DCB_se2_ag1_f_01_1,17032,IH0,6487,because,510.79226107385017,2815.7802130912532,3243.5836968324766,526.4026603764406,2742.9430797151326,3389.9655454967437,513.9140935030055,2953.2470129985295,3128.943570167435,0.06999999999993634,B,K
DCB_se2_ag1_f_01_1,17034,AH1,6487,because,672.1513633944077,1551.5481283935471,3204.933719919702,686.2122428877993,1579.1790969100284,3330.488053965857,546.9540250279498,1639.743767025104,3256.9503994971524,0.11999999999989086,K,Z
DCB_se2_ag1_f_01_1,17037,AY1,6488,my,894.3018721022074,1330.112716001081,3547.6119636485532,1064.90463050685,1261.2756719805784,3276.944514819776,1008.2719279509165,1542.5626587874854,3648.0289086190005,0.16999999999984539,M,sp
DCB_se2_ag1_f_01_1,17040,OW1,6490,so,556.7500614241902,1224.7178741653443,3238.0370324151154,636.9281509252136,1284.3343682045374,3251.6991412240623,566.5769201254775,1696.7346208824931,3286.335580745977,0.08000000000015461,S,W
DCB_se2_ag1_f_01_1,17042,IY1,6491,we,372.44373046260563,1097.8925866657223,3071.7464955351697,562.0077414271652,2837.4159408630826,3325.488644534061,541.680835424123,2930.9181643416496,3368.21336514116,0.10999999999989996,W,M
DCB_se2_ag1_f_01_1,17044,UW1,6492,moved,667.8065634901358,722.1286041039828,3242.9229031507125,664.9486705503518,728.8707611931536,3245.9189762468477,499.40297258499163,1250.2936498861825,3309.3471342164544,0.12999999999988177,M,V
DCB_se2_ag1_f_01_1,17048,IH0,6493,because,537.0132471112571,2810.1578143332567,3403.3357700864963,888.5717577493527,2952.7839230152545,3689.505465963959,670.9214904885612,2997.906507626176,3576.827755966163,0.05999999999994543,B,K
DCB_se2_ag1_f_01_1,17050,AA1,6493,because,708.5172416039726,1739.9545422869428,3323.212002464723,705.7309946784796,1731.4354405877853,3304.9977946740955,599.9286039812464,2066.724859801348,2984.748580130738,0.06999999999993634,K,Z
DCB_se2_ag1_f_01_1,17053,AY1,6494,my,999.4787576934528,1552.707592633891,3452.0435455663987,1040.3719717780302,1470.4742887242442,3488.1728200487396,1009.2068196844342,1565.0630523367452,3516.498519867389,0.05999999999994543,M,M
DCB_se2_ag1_f_01_1,17055,AA1,6495,mom,893.9423851333293,1193.7159590837161,1529.2243784030711,902.9425837529187,1447.0590737707207,1470.3951716460879,877.5313967545836,1473.8477910769648,3645.006011531706,0.12000000000011823,M,M
DCB_se2_ag1_f_01_1,17058,AH0,6496,was,542.1111316374187,1483.2559838727552,3305.009933139612,590.9840183792634,1443.0839968985258,3295.605099042176,498.9010590391569,1707.7702421240472,3344.050465153458,0.040000000000190994,W,Z
DCB_se2_ag1_f_01_1,17061,IH1,6497,sick,491.99199263377614,2289.2353582490464,3345.5885077139706,626.1326061529766,2109.0705999288693,3235.438443737553,476.91454867274484,2388.3536384262625,3263.2262177248795,0.05999999999994543,S,K
DCB_se2_ag1_f_01_1,17063,AH0,6498,and,611.6213411669443,2296.599999770382,3144.4390741436937,730.516522473273,1963.0823069830044,2600.3996262696687,519.2655105747749,2515.2565856602996,3069.2427377772847,0.060000000000172804,K,N
DCB_se2_ag1_f_01_1,17066,AY1,6499,tired,1027.3414110074502,1867.435506472174,2647.4806917396672,1056.769131812449,1879.2681469184342,2563.897738051507,1055.9396962919454,1901.082347224288,2660.6229465014903,0.060000000000172804,T,ER0
DCB_se2_ag1_f_01_1,17067,ER0,6499,tired,872.85631392957,1847.3351036494184,1959.086153348662,1003.7026168412629,1794.8018961566117,1899.8907286597791,855.3380753745824,1852.5210675322942,1963.759835281681,0.029999999999972715,AY1,D
DCB_se2_ag1_f_01_1,17069,AH0,6500,of,661.2878964840555,1668.5208462478674,1906.2261573946028,701.5448224939569,1772.8059410096025,2703.9441536146182,661.3799353045589,1923.688453807997,2027.4646124055016,0.029999999999972715,D,V
DCB_se2_ag1_f_01_1,17071,AW1,6501,our,975.1940913770359,1575.992147348119,2859.789084617213,985.4986758024683,1637.4625251807263,2776.2492455373745,743.1027408445221,1767.4305572842748,2946.940695457987,0.12000000000011823,V,R
DCB_se2_ag1_f_01_1,17074,EY1,6502,neighborhood,556.3222028765986,1046.7144776533669,2536.003775453839,585.8560940626016,2118.1390260499275,3186.42508198701,549.0599943217219,2555.147001385262,3214.9910400614635,0.08999999999991815,N,B
DCB_se2_ag1_f_01_1,17076,ER0,6502,neighborhood,640.5222776093998,1377.291309836834,3398.9522991408257,642.3521190511835,1386.8804061471712,3435.5838063666506,638.9329378709939,1426.6193892701763,3442.057645716679,0.05999999999994543,B,HH
DCB_se2_ag1_f_01_1,17078,UH2,6502,neighborhood,600.1951280920309,1391.8779467659842,3567.007990065342,684.3728465742195,1633.1431784503832,3224.857258178095,684.3728465742195,1633.1431784503832,3224.857258178095,0.25,HH,D
DCB_se2_ag1_f_01_1,17082,OW1,6504,so,482.12046057668084,856.389877111163,3326.946501680613,646.646658885087,1150.5188929677101,3249.7691805878094,571.4851273510156,1870.7288720861902,3520.2088804390255,0.2800000000002001,S,sp
DCB_se2_ag1_f_01_1,17086,AY1,6506,like,701.4513509835994,1882.3290748976624,2067.5841760429657,744.9460571680445,1559.6438004635227,2781.174853691561,611.9908240710213,2010.9702690440733,2643.9428766058836,0.0500000000001819,L,K
DCB_se2_ag1_f_01_1,17088,EH1,6507,every,780.129499051703,1957.9306308405419,2349.454521687211,809.366936551329,1824.875779840871,2223.32084160683,613.0535231923336,2419.8457242596355,2758.4107336358543,0.13999999999987267,K,V
DCB_se2_ag1_f_01_1,17091,IY0,6507,every,513.7399272035052,2312.9045033625516,3107.455560292586,548.0716340718797,2281.5399455435363,3221.3770553867203,516.2329518252326,2319.554313678815,3225.4568572062863,0.03999999999996362,R,D
DCB_se2_ag1_f_01_1,17093,EY1,6508,day,582.3882765405308,2636.849364944509,3300.6517817356334,643.410134819293,2505.1646525368287,3362.0916584044517,568.0243785304444,2626.1896544766832,3288.1592787998375,0.10000000000013642,D,W
DCB_se2_ag1_f_01_1,17095,IY1,6509,we,479.3564437897735,979.8288533409215,3005.579187211826,490.7599922056986,917.5129051356447,2885.1990077566343,465.31006734162827,1072.2203529376645,3027.3541103893554,0.05999999999994543,W,W
DCB_se2_ag1_f_01_1,17097,UH1,6510,would,434.52654685384715,885.5741659635866,3063.5889128470562,458.4091797884495,859.8195670433156,3047.3161849880807,451.07381588917593,1143.0922504740342,3086.4518988559826,0.029999999999972715,W,D
DCB_se2_ag1_f_01_1,17100,AH1,6511,come,874.6818321119472,1458.8843268854037,3374.9729853361873,891.7774380988445,1499.1692483181705,3375.0030212906318,891.6161657299854,1498.8694429192412,3373.053285670407,0.049999999999954525,K,M
DCB_se2_ag1_f_01_1,17103,OW1,6512,home,697.2607427664817,1091.018886598688,1894.5785969838316,864.3860975211466,1025.6583170907056,1870.1843813064283,747.2865369502715,1550.8299847989736,3146.7215496029576,0.12000000000011823,HH,M
DCB_se2_ag1_f_01_1,17105,AH0,6513,and,608.4352818852291,1845.2829265556995,3281.757888371194,613.7115059182006,1572.6974848762652,3216.0620679775984,590.4317230688567,1888.9190510737474,3285.254137592671,0.03999999999996362,M,N
DCB_se2_ag1_f_01_1,17108,EY1,6514,they,597.842048621374,2182.733990745228,3205.083403045466,601.2453718946931,2049.363793272265,3084.48453109434,600.182043412075,2246.999514613221,3385.6069812971114,0.060000000000172804,DH,spn
DCB_se2_ag1_f_01_1,17111,IY1,6516,be,496.04755998561654,2508.2404641677467,3000.0778906229057,538.454279397846,2391.248457877917,3049.8595001767617,523.357395575945,2733.0080994141586,2889.842971581355,0.049999999999954525,B,P
DCB_se2_ag1_f_01_1,17113,IY1,6517,people,578.0339289561207,2509.1083506219097,2696.893367602612,608.5838713052011,2238.72655576762,2887.2076043861016,476.66667594230194,2776.996048124942,3330.214005339601,0.049999999999954525,P,P
DCB_se2_ag1_f_01_1,17115,AH0,6517,people,498.382997761019,1079.1865083105479,3110.3257867150382,550.6786083344517,1306.7048487589118,2952.019883130514,471.1722638598368,1843.7389298898324,2928.5720585807985,0.03999999999996362,P,L
DCB_se2_ag1_f_01_1,17118,AY1,6518,like,837.7166417697454,1732.2008549262744,2872.1577278358445,873.3653756622452,1681.8525149200673,2821.447236282062,693.6008751255714,1965.4461054187936,2902.177463678892,0.05999999999994543,L,K
DCB_se2_ag1_f_01_1,17122,OW1,6519,smoking,634.4506997388936,1092.7504960665703,3250.5224304163053,665.7494518119514,1247.4525573356807,3107.0048831725467,660.0587720832168,1252.9991394952185,3286.5774155006284,0.14000000000010004,M,K
DCB_se2_ag1_f_01_1,17124,IH0,6519,smoking,632.8041041627497,2497.112374038912,3123.1548188052807,757.649652125605,1965.047779717563,2654.4764308800654,640.1435170468412,2484.1819336713083,3142.4453320200437,0.03999999999996362,K,NG
DCB_se2_ag1_f_01_1,17128,AE1,6521,and,676.1342274332687,2043.9793832979115,3110.8806855731978,717.2400115683607,1793.1128208035084,2936.8486531229955,667.5698249872634,2218.067943569479,3223.511918597414,0.08999999999991815,sil,N
DCB_se2_ag1_f_01_1,17132,IH1,6522,drinking,676.8043023858999,1888.5851664923,2389.340419418064,682.1062797512828,1836.2034259134557,2360.9214398322893,603.2441125736906,2152.887593789076,2646.6560802994513,0.03999999999996362,R,NG
DCB_se2_ag1_f_01_1,17135,IH0,6522,drinking,632.8764976012325,2483.562628493518,3111.316549081934,648.715598711186,2553.2084927348787,3176.2584057887366,572.8283667567863,2622.8318559680206,3086.7757739196513,0.06999999999993634,K,NG
DCB_se2_ag1_f_01_1,17137,IH1,6523,in,686.5537363379092,2260.597967334298,3126.2079457757063,720.3378588588413,1996.4034115842362,2852.8633025296067,662.4926452869192,2395.760835927489,3073.0143538672137,0.05999999999994543,NG,N
DCB_se2_ag1_f_01_1,17141,AH1,6524,front,887.0409063308416,1676.4152937230333,2298.854533652007,889.7434427212864,1709.2193352593538,2371.4733137187113,874.8278896014003,1746.7461788249266,2489.524283422038,0.03999999999996362,R,N
DCB_se2_ag1_f_01_1,17144,AH1,6525,of,919.2550109830801,1927.4142690526512,2709.475864947548,1000.0537181189239,1892.140263173524,2751.099697916112,917.1054145944444,1950.5750937037892,2721.0347629798043,0.029999999999972715,T,V
DCB_se2_ag1_f_01_1,17146,AW1,6526,our,1121.5839005825173,1612.6594439472678,2425.814980500754,1143.807626712572,1785.3946191104376,2453.959601180036,1043.0095189878764,2118.4758154791107,2769.981203833621,0.20000000000004547,V,R
DCB_se2_ag1_f_01_1,17149,AH0,6528,apartment,436.0953094080339,1815.1573526645032,2811.5740533000685,528.3650430607343,1862.374698235512,2850.0093998613456,416.0997835556913,1886.1851314860812,2816.9196482830976,0.029999999999972715,sp,P
DCB_se2_ag1_f_01_1,17151,AA1,6528,apartment,865.5918492982514,1427.9959512849732,2074.1385215823766,903.5097288140095,1458.5312193678417,2158.645895929224,888.6694187102885,1523.303701036312,2232.37297507348,0.05999999999994543,P,R
DCB_se2_ag1_f_01_1,17155,AH0,6528,apartment,620.7700829908854,1949.5730138364424,2915.8870228165415,631.6489145329568,1832.0533697920355,2877.528894723301,625.9348363801333,2133.0285513313706,2760.475119357744,0.049999999999954525,M,N
DCB_se2_ag1_f_01_1,17159,IH1,6529,building,619.0262216631776,1982.3373810409564,2433.5928674470265,674.949002731242,1793.1909588122228,2209.1562475014944,618.4497856190359,1975.5468596932208,2439.4968644928035,0.060000000000172804,B,L
DCB_se2_ag1_f_01_1,17162,IH0,6529,building,570.9213698647784,1750.7091751955465,3026.0292698601666,607.6306922489521,1867.7039282096216,3084.268863192532,585.9412941516575,2071.530425426511,3065.6312490859264,0.029999999999972715,D,NG
DCB_se2_ag1_f_01_1,17171,EH1,6532,when,668.8544851073191,1587.870815195669,2805.143143639466,683.0652863693786,1638.9098688063266,3195.3237072814295,679.5490280789361,1657.375196375569,3142.904653222997,0.029999999999972715,W,N
DCB_se2_ag1_f_01_1,17173,AY1,6533,i,897.328856694888,1772.7425692041538,2400.317345381669,901.9828487178878,1804.888825665457,2719.7418222622387,886.8241940883504,1821.2155728245225,3054.8269886063936,0.0500000000001819,N,W
DCB_se2_ag1_f_01_1,17175,AH0,6534,was,591.7633039102908,1467.9522111948959,3273.7027052069498,618.4757196205281,1423.530249314454,3268.1482924330676,489.47754940048156,1579.2109427039227,3179.3207402165776,0.029999999999972715,W,Z
DCB_se2_ag1_f_01_1,17177,IH0,6535,in,636.0066919660659,1814.5569801039824,3360.1110011288633,657.8709667643075,1747.193900833208,3041.6055344178594,637.5577884970332,1813.52043066149,3351.7339475650715,0.049999999999954525,Z,N
DCB_se2_ag1_f_01_1,17180,AA1,6536,parkland,853.9986643269173,1398.4452766679706,1916.6487494400474,859.6051758460939,1531.1871294995872,2080.551622968257,842.3286231011459,1546.1862048182738,2053.552187853725,0.049999999999954525,P,R
DCB_se2_ag1_f_01_1,17184,AE2,6536,parkland,747.4200326798208,1742.039369548318,3236.9227575109185,779.7388098426028,1764.6395913212684,2326.1512268248403,759.231329562801,1787.3234822997385,2919.91757204874,0.029999999999972715,L,N
DCB_se2_ag1_f_01_1,17190,OW1,6538,so,525.2713048459045,1518.105159087038,3240.0171701845015,539.6725118930805,1546.9256034592304,3365.5932542356045,531.9872291738328,1664.0478512339546,3273.6844121429945,0.049999999999954525,S,DH
DCB_se2_ag1_f_01_1,17192,EY1,6539,they,620.5269241560618,1953.2490770107472,3027.57050073052,645.9554700271491,1852.8965247330948,3075.7849169678993,623.6811207125205,2091.5502426497947,3291.959013138567,0.06999999999993634,DH,spn
DCB_se2_ag1_f_01_1,17195,IY0,6541,be,511.1446318026028,2403.57848547715,3176.9762858932636,514.2807881604409,2372.374008245251,3255.3588634913526,503.49639646912647,2450.275673709498,3197.820093918784,0.05999999999994543,B,P
DCB_se2_ag1_f_01_1,17197,IY1,6542,people,583.4228285729403,2381.3195572178056,3132.361026058106,583.5527316502667,2376.644684113106,3131.9160210638224,572.1663389948802,2435.6087472183663,3249.9779863540716,0.05999999999994543,P,P
DCB_se2_ag1_f_01_1,17199,AH0,6542,people,470.40367837668657,1088.3193598277871,3013.978543842407,565.8513675437362,1239.6361117011509,2954.441707972359,561.5845351953341,1252.8473061862164,2967.40435020958,0.03000000000020009,P,L
DCB_se2_ag1_f_01_1,17203,OW1,6543,smoking,684.54325407445,1277.473684641792,3090.916390411842,696.7173912565559,1317.7893297581306,3239.4973513342075,687.4765151295906,1334.1242370866555,3172.2929213939005,0.08000000000015461,M,K
DCB_se2_ag1_f_01_1,17205,IH0,6543,smoking,626.9639783744905,1811.4113985377019,3156.6356449457917,653.0649908958393,1813.3634877229679,3195.9161430972413,583.5332559704824,1836.5041758065763,3200.1242141251532,0.029999999999972715,K,NG
DCB_se2_ag1_f_01_1,17207,AE1,6544,and,575.6737636540753,1136.4440463626174,2621.0062120085813,592.9229688556484,2293.511077214472,2952.536763556918,517.4407589781042,2406.9715377869843,3504.416408508628,0.049999999999954525,NG,N
DCB_se2_ag1_f_01_1,17211,IH1,6545,drinking,666.3576583306427,2200.94977753846,2279.120590322755,670.5149127720933,2204.774998497998,2424.448503658285,669.0501101427332,2203.4271873889284,2373.242422199622,0.029999999999972715,R,NG
DCB_se2_ag1_f_01_1,17214,IH0,6545,drinking,511.1473569716696,2190.365983367331,2324.8991827717796,666.7537457520451,1936.278067364596,2959.866334317689,558.3316896972467,2313.0763994868353,3000.2965014571146,0.029999999999972715,K,NG
DCB_se2_ag1_f_01_1,17217,AY1,6546,like,817.255242845183,1961.1470346475016,2558.0299847772967,913.8824163703819,1715.7500771428977,2274.485349148424,804.6091505959149,2020.7483530992372,2545.466061656229,0.06999999999993634,L,K
DCB_se2_ag1_f_01_1,17221,IH1,6548,in,621.4556512785593,2240.2026336401314,2963.538006491523,682.3068751641513,1666.0519062423984,2293.535522762151,621.4145916694387,2240.1920947876597,2963.409522833247,0.0500000000001819,sil,N
DCB_se2_ag1_f_01_1,17225,AH1,6549,front,819.2295869229297,1425.9040841671338,1938.3285069975523,821.9007917898157,1433.085605922585,1918.8745578099245,782.5112407831379,1461.9697467816268,1977.2174396415232,0.029999999999972715,R,N
DCB_se2_ag1_f_01_1,17228,AH1,6550,of,714.012084265748,1634.9609199018037,2408.395247463606,731.4860351869188,1711.3695718273539,2373.1277339404874,704.9897382895196,1758.4201367312048,3382.412176174944,0.029999999999972715,T,V
DCB_se2_ag1_f_01_1,17230,AW1,6551,our,1008.0583193133782,1705.8358481091752,2353.446883916158,1060.4422151335111,1685.0224258104674,2500.463709535383,909.7492460100348,1760.6743796601174,2552.167293423457,0.18000000000006366,V,R
DCB_se2_ag1_f_01_1,17233,IH1,6552,building,473.9875012721849,2146.601861464518,3100.5308348175186,596.8341962565071,1568.8685309833827,3126.5801802216665,457.49631506694425,2232.1759395140953,3129.875219105278,0.07000000000016371,B,L
DCB_se2_ag1_f_01_1,17236,IH0,6552,building,640.8248245830544,2030.4206825218191,3675.3833939670726,640.6866553807183,2027.376198147633,3681.1181220765293,629.7045060553622,2072.2351117079297,3392.906244012552,0.05999999999994543,D,NG
DCB_se2_ag1_f_01_1,17240,AW1,6554,loud,793.2812730019476,1255.8285063489739,2689.3003232304504,986.8893194813389,1643.3499342083328,2055.7797877273465,910.5730670860912,1707.3165705931465,2019.1895167113605,0.21000000000003638,L,D
DCB_se2_ag1_f_01_1,17243,OY1,6555,boisterous,511.45854738217156,1393.9927320035597,2870.0972753700157,515.7072728674881,1096.5186197419532,2796.238123123134,504.8296437863274,1884.511401811847,3074.9588253884494,0.08999999999991815,B,S
DCB_se2_ag1_f_01_1,17247,AH0,6555,boisterous,501.86593337359295,1803.2088962997138,2747.8291294840715,515.7342165620704,1883.768183742577,2936.4129589894537,464.6276420882812,2028.224684951062,2889.8983958531485,0.03999999999996362,R,S
DCB_se2_ag1_f_01_1,17250,ER1,6556,cursing,661.741682964653,1740.226707334283,1859.7275001915946,698.4509519479712,1476.4695936125772,1740.5999403023045,669.981207918183,1781.1305068610188,1837.9134209593124,0.07999999999992724,K,S
DCB_se2_ag1_f_01_1,17252,IH0,6556,cursing,545.5168456540684,2033.6777498563276,3236.2125205574566,870.5856358407106,2093.3473139211974,3459.545843083793,870.5856358407106,2093.3473139211974,3459.545843083793,0.0500000000001819,S,NG
DCB_se2_ag1_f_01_1,17254,AE1,6557,and,601.0743039593424,2112.961942526243,3276.01259406691,602.5155601715445,2102.0448953289874,3254.1806641234875,596.0923509818184,2118.7317175864064,3289.421405300229,0.03999999999996362,NG,N
DCB_se2_ag1_f_01_1,17258,AO1,6559,all,757.6233035846539,1424.159100643367,3052.582332333757,834.0555881151319,1451.4773761480108,2824.0276851037393,711.3576242993673,1515.740864786843,3046.8995525729306,0.029999999999972715,sil,L
DCB_se2_ag1_f_01_1,17261,AE1,6560,that,711.7096679655958,1905.5145237331776,2987.1089951335935,712.9790127157695,1883.8275963750839,3009.980552653662,701.7362382069247,1957.232091956624,2760.9106599211095,0.03000000000020009,DH,T
DCB_se2_ag1_f_01_1,17265,AH1,6561,stuff,686.6154000971674,1813.005425933435,3010.6936409524633,692.7026827724375,1846.2657473648856,3048.6178315063967,657.8998484994262,1881.182886923412,3023.2932058086217,0.03999999999996362,T,F
DCB_se2_ag1_f_01_1,17267,AE1,6562,and,590.5820677542544,1986.648803864763,3047.7857453776473,637.2088400202217,2059.4128347935466,3177.3451151268664,632.1741222444989,2063.2109742615316,3170.8167214741957,0.0500000000001819,F,N
DCB_se2_ag1_f_01_1,17270,AE1,6563,that,733.8429862822173,1967.0517972613945,2950.4118067563163,748.177533261605,1972.237157693174,3014.2989843111327,716.2095536622242,1994.49747060159,2981.981257063409,0.029999999999972715,DH,T
DCB_se2_ag1_f_01_1,17274,AA1,6565,not,915.1188283496973,1808.0564027525795,2102.195257685425,933.2071210699137,1765.9304851356267,2423.1676773127933,872.0862957162591,1882.3699514524756,2387.163613325095,0.05999999999994543,N,T
DCB_se2_ag1_f_01_1,17277,AH1,6566,what,505.3725194914473,1195.9253866962526,2550.154771745009,603.7396036139983,1008.4004004911324,1943.8936033490527,514.2299692844797,1511.5969695210888,3264.9303979119577,0.029999999999972715,W,T
DCB_se2_ag1_f_01_1,17280,IY1,6567,she,527.6903335749446,1828.383224214611,2940.8363857897994,555.8184532621951,1389.1835821174645,2759.0420375663425,529.6296083549067,2321.4243399734873,3187.359209004282,0.03999999999996362,SH,W
DCB_se2_ag1_f_01_1,17282,AO1,6568,wanted,659.2904092931354,1216.973616932139,2858.7378870906136,665.4604977417587,1296.8922439137386,3089.113600600831,624.8297607126703,1628.676339480904,3305.4299345812206,0.03999999999996362,W,N
DCB_se2_ag1_f_01_1,17284,IH0,6568,wanted,526.8143856966241,1632.3667018787041,2757.916520502883,527.4528111512373,1632.9923217920552,2729.911631540799,527.266956977548,1632.8101954823987,2738.06422862116,0.03999999999996362,N,D
DCB_se2_ag1_f_01_1,17287,AH0,6569,to,591.3105600725396,1613.4070348908426,2926.629534507748,616.7757994083846,1595.5846800405102,2747.114523016229,588.5315489784183,1850.7995397736672,3151.059428588063,0.22000000000002728,T,sp
DCB_se2_ag1_f_01_1,17290,EY1,6571,raise,519.1434935456457,1488.9419303496763,2617.1694620148223,638.8251280457689,1544.1270819851818,2332.3540894703583,529.4140732698371,2763.9642325588684,2946.537726460235,0.12999999999988177,R,Z
DCB_se2_ag1_f_01_1,17293,ER0,6572,her,614.6856968148112,1736.5554185164174,1919.6486207442522,654.3047293274191,1155.0787866391079,1852.1254778983132,498.82492314628587,1873.4607287799927,2465.9806951808005,0.07999999999992724,HH,CH
DCB_se2_ag1_f_01_1,17295,IH1,6573,children,518.3459773648609,1110.0523525403846,2716.37601236444,773.7245770278898,1659.8889771011225,3333.593799868849,733.3342870193513,1668.7090540141965,3294.177161766321,0.040000000000190994,CH,L
DCB_se2_ag1_f_01_1,17299,AH0,6573,children,595.7570849494671,1929.4485143697705,3059.639602207712,599.2764751609452,1914.6270569003952,3119.7095529102053,542.388441291447,1962.1777951694532,3055.013606250621,0.029999999999972715,R,N
DCB_se2_ag1_f_01_1,17301,IH0,6574,in,644.2838170757775,2117.6785460967335,2985.684039622644,648.9763475071517,2139.833075377585,3038.864028987894,644.2381928953138,2143.683588778701,2988.873966062185,0.049999999999954525,N,N
DCB_se2_ag1_f_01_1,17306,OW1,6576,so,607.3818253226516,1084.594200658046,3052.0589165934166,642.2711157553214,1459.808377924324,3081.119132478256,634.7916399679148,1535.3405075349594,3193.2183928423615,0.11999999999989086,S,W
DCB_se2_ag1_f_01_1,17308,IY1,6577,we,599.6945517896687,2858.905963486429,3097.501567948934,600.1673472186293,2854.4827595216348,3097.0308433490313,590.0116526907948,2858.428682157894,3137.8307856586425,0.09999999999990905,W,IY0
DCB_se2_ag1_f_01_1,17309,IY0,6578,eventually,572.7788267839433,858.3126975856079,2845.8599757136194,572.3440380684982,897.4418196736581,2830.877198946921,478.11159703628465,2554.9218371103757,3957.3516739226457,0.03999999999996362,IY1,V
DCB_se2_ag1_f_01_1,17311,EH1,6578,eventually,605.9905937474105,1924.9499900806736,2758.0145061546955,654.7648268409674,2196.375775655128,3128.555340765483,654.7648268409674,2196.375775655128,3128.555340765483,0.049999999999954525,V,N
DCB_se2_ag1_f_01_1,17314,AH0,6578,eventually,439.64916971941693,1774.3009135742902,2822.429266938877,454.87294095208614,1660.0158566692073,2773.9880813791897,418.25694056312926,1970.2406431287573,2882.313144882627,0.029999999999972715,SH,L
DCB_se2_ag1_f_01_1,17316,IY0,6578,eventually,488.3274265531473,2116.1286207638336,2856.8531302484885,525.9491450019619,2802.4243583935704,2906.043016303072,524.2318988914337,2787.911283631793,2940.384573819174,0.07999999999992724,L,M
DCB_se2_ag1_f_01_1,17318,UW1,6579,moved,458.24037700140406,863.340624625365,2779.585035453172,668.6126780472105,740.2700982823152,3203.0289148156576,563.6951140268212,1197.359426677561,3112.6097051217735,0.15000000000009095,M,V
DCB_se2_ag1_f_01_1,17323,IH0,6581,to,523.0779709283504,1625.4519973433219,3230.289634421521,551.9593279955266,1593.1578461820538,3148.6474442360995,548.5732033948759,1986.9878511815111,2355.466644160298,0.06999999999993634,T,sp
DCB_se2_ag1_f_01_1,17326,AE1,6583,that,653.6420418051487,1760.565970415153,2548.2065046803987,659.3740138207235,1869.040543799309,2761.215205915139,591.289564635941,2050.3359646851936,3244.45597122878,0.029999999999972715,DH,T
DCB_se2_ag1_f_01_1,17330,EH1,6585,when,527.6792833391903,996.9316541759256,3053.7038407428495,542.2118189518476,1124.2964404610334,2388.3430847917302,512.3956720888876,1323.1850661807064,3332.041966631542,0.029999999999972715,W,N
DCB_se2_ag1_f_01_1,17333,IY1,6586,we,586.2212179261958,2555.795346145338,2977.0243506087304,592.7943505824413,2454.4402858831104,2929.607792224831,554.6404864240241,2582.24362231776,3314.2599295944333,0.07999999999992724,W,M
DCB_se2_ag1_f_01_1,17335,UW1,6587,moved,517.0463389498697,999.2823655913173,3122.431071762275,594.8584265938669,1798.7409794976704,3222.5224043934036,594.5798235174944,1812.3512133266386,3220.210170764943,0.040000000000190994,M,V
DCB_se2_ag1_f_01_1,17339,AH0,6588,to,502.9714881924647,1590.3326171255658,2168.3071395303555,532.2731047296207,1717.121290287456,2857.4445623973625,517.921007627005,1867.5446341465474,3147.364709630481,0.03999999999996362,T,M
DCB_se2_ag1_f_01_1,17341,EH1,6589,maryland,645.558302263851,1604.6851487249248,2077.3041217588575,659.0512821875204,1574.8489286448203,2107.074808133361,626.2662319665938,1615.4436394619502,2025.1542273958698,0.03999999999996362,M,R
DCB_se2_ag1_f_01_1,17343,AH0,6589,maryland,645.8121223614835,1773.5946941878653,2582.9405374745434,652.7916556435558,1802.131159472731,2502.111263473745,652.7916556435558,1802.131159472731,2502.111263473745,0.029999999999972715,R,L
DCB_se2_ag1_f_01_1,17345,AH0,6589,maryland,565.76439733774,1873.009074602364,2943.266229141529,568.3222785415215,1915.5954478232845,2951.230102947669,541.8061547647424,2051.7050956476764,3108.5089879490693,0.029999999999972715,L,N
DCB_se2_ag1_f_01_1,17349,UW1,6590,to,486.50916464753954,881.3322396291608,2730.6519243628313,1064.4988026591502,1657.15760408399,3153.347216961029,915.5129168397134,1731.4939321668644,3080.716697536745,0.06999999999993634,T,AH0
DCB_se2_ag1_f_01_1,17350,AH0,6591,a,568.3313822483955,836.7519611374701,2681.2175151751335,588.4348385673071,992.2562454244334,3277.3864574568106,488.1077479345988,1009.0993322881287,3064.5269136457387,0.029999999999972715,UW1,M
DCB_se2_ag1_f_01_1,17352,AO1,6592,more,484.39516621227347,825.0053119254444,3140.449966597912,558.0962339159391,721.7675656607588,2473.751356589172,450.11708991052734,831.5969329203335,2591.246970340579,0.07999999999992724,M,R
DCB_se2_ag1_f_01_1,17356,AY1,6593,quieter,928.8490733996349,1711.4536634575397,1977.7862907844735,969.4009265925795,1453.5491981921784,2195.7634850176896,754.1208669446974,1958.148333645927,2728.538407266303,0.12999999999988177,W,AH0
DCB_se2_ag1_f_01_1,17357,AH0,6593,quieter,657.4319143280401,1373.931595323163,2249.9900766233022,716.9022648036939,1912.3888214308015,2923.6948388939177,664.5313929629731,1954.6930632963954,2986.51069555198,0.029999999999972715,AY1,T
DCB_se2_ag1_f_01_1,17359,ER0,6593,quieter,622.7722595854165,2034.7902743394504,3041.7289846782437,631.8831999763107,2016.1741070552146,3019.724936697585,600.2679587220257,2061.113230282081,3021.2157818116934,0.03000000000020009,T,N
DCB_se2_ag1_f_01_1,17361,EY1,6594,neighborhood,493.0126613868212,2692.4726386539623,2964.033358733063,588.7388712673511,2473.6610960036223,3234.5533227960827,445.483199389049,2800.2728142358187,2911.099548407578,0.13999999999987267,N,B
DCB_se2_ag1_f_01_1,17363,ER0,6594,neighborhood,560.6399038154824,1397.19501817153,3244.6065148469715,579.6278933857784,1342.8551494956218,3209.4861484113003,541.5559510539209,1510.5229088774229,3523.556819398064,0.05999999999994543,B,HH
DCB_se2_ag1_f_01_1,17365,UH2,6594,neighborhood,537.9071690462797,1565.2041590332403,3323.8775793108575,586.4479592925688,1584.1741749379723,3202.617559483934,584.0368249423809,1595.1743260926369,3211.012546198272,0.18000000000006366,HH,D
DCB_se2_ag1_f_01_1,17369,AH1,6596,but,711.0678499617782,1667.8186721282868,3014.830933028516,802.8787921044386,1708.6377778349342,3105.3681458506517,794.5397466236542,1710.64620226119,3087.927131691023,0.03000000000020009,B,T
DCB_se2_ag1_f_01_1,17371,AY1,6597,i,1001.1081890144684,1835.776634517729,2561.910602507439,1001.6530931876903,1881.5286158981055,2551.549209843579,967.4939524524596,1996.675870177677,2389.4498493060746,0.07999999999992724,T,S
DCB_se2_ag1_f_01_1,17374,IH1,6598,still,498.3050356881906,1750.2912958827192,3115.040002426358,566.3009145679735,2004.0677198745466,3396.094625563652,566.3009145679735,2004.0677198745466,3396.094625563652,0.040000000000190994,T,L
DCB_se2_ag1_f_01_1,17377,AH1,6599,come,797.9197175440964,1432.3312290843155,3369.9583365667213,804.2948860140903,1528.716149833255,3317.8870184038874,753.1191091619944,1596.480664600198,2331.991211151556,0.03999999999996362,K,M
DCB_se2_ag1_f_01_1,17380,UW1,6600,to,485.85059669386345,1698.2157412817303,3478.0712218225012,691.9483971211037,1757.8112728865724,3022.4600094439793,691.9483971211037,1757.8112728865724,3022.4600094439793,0.03999999999996362,T,DH
DCB_se2_ag1_f_01_1,17382,AH0,6601,the,538.0385399262315,1306.9566526474225,2839.9902791686113,577.2977694949354,1419.1352283737676,2861.033758321951,553.479967692138,1499.5347622489876,2973.2149108820195,0.049999999999954525,DH,B
DCB_se2_ag1_f_01_1,17384,OY1,6602,boys,556.348843007213,1388.9709534251076,2857.5203601002313,585.502416676423,1211.8231793864034,2936.8941388061435,452.9522169629559,1828.0526390348402,3163.208782359657,0.07999999999992724,B,Z
DCB_se2_ag1_f_01_1,17386,AH0,6603,and,441.89015214721746,1511.9743390120104,2791.0326738659896,496.8956863350864,1564.6420217206537,2820.833284760313,443.62002905556244,1615.7851282037843,2910.811500078657,0.029999999999972715,Z,N
DCB_se2_ag1_f_01_1,17389,ER1,6604,girls,547.5831089338703,1481.6733735860803,2851.679191453949,571.3276576657632,1623.5056195543011,3029.420613606776,571.3276576657632,1623.5056195543011,3029.420613606776,0.03000000000020009,G,L
DCB_se2_ag1_f_01_1,17394,AH1,6605,club,556.5961989231322,1350.9268489798278,2982.8823522177104,566.2018614276552,1443.5488051417046,3078.3517781387727,566.2090906259419,1443.6392348792538,3081.48734664911,0.029999999999972715,L,B
DCB_se2_ag1_f_01_1,17396,EH1,6606,every,634.3251803219083,1773.436908705307,2725.2545991080424,684.9153534363014,1950.4960336859804,2542.997067776981,683.4561087471697,2001.964632395395,2619.009273320329,0.09000000000014552,B,V
DCB_se2_ag1_f_01_1,17399,IY0,6606,every,431.46440956992956,2266.2702477554653,2907.364102390458,440.82239716227946,2287.568688201549,2922.1129527417193,434.6906776340272,2441.4682868628324,2913.4491257244727,0.040000000000190994,R,D
DCB_se2_ag1_f_01_1,17401,EY1,6607,day,625.5596744903864,2149.70843664339,3017.5171253081967,684.6367120968265,2066.0094661665917,3051.6831832178054,546.7667244249076,2354.3199997672687,3051.3199076448564,0.18000000000006366,D,sp
DCB_se2_ag1_f_01_1,17405,AY1,6611,i,399.87672719770427,1681.5603825100045,2156.026160697151,406.334988315603,1718.6291993888744,2097.14927352745,406.24318968627307,1731.980345861138,2093.605639202923,0.040000000000190994,,sp
DCB_se2_ag1_f_01_1,17409,IH1,6613,still,458.2262344952311,1708.6100118741383,2487.6939739706145,513.6724542663218,1849.1260498617944,2486.9998061876627,513.6724542663218,1849.1260498617944,2486.9998061876627,0.029999999999972715,T,L
DCB_se2_ag1_f_01_1,17413,AE1,6615,catch,679.0931825957057,1867.4663379792485,2783.2263907143733,703.8605991056853,1860.7765383094159,2883.7933243638977,637.8693099145984,1994.141430613336,3373.6031157330053,0.049999999999954525,K,CH
DCB_se2_ag1_f_01_1,17416,AE1,6616,that,635.3468467020294,2024.1137152514427,3181.819752694235,647.4891040999413,2063.510620445807,3174.440202996559,638.3888248148921,2092.995224639017,3002.8187151197026,0.029999999999972715,DH,T
DCB_se2_ag1_f_01_1,17419,AH1,6617,bus,742.0738529391477,1602.254752317539,3243.7688033101467,750.6750739474376,1655.2260090799634,3120.9814951923527,621.3269221944846,1752.3467871088096,3054.260065633952,0.08999999999991815,B,S
DCB_se2_ag1_f_01_1,17421,AH0,6618,and,547.9687749541459,1807.4805612262392,2887.8762029241175,654.1004000355736,1891.5571237732115,2935.65783279427,602.9673001432249,1922.401629905938,3089.5140980110714,0.03000000000020009,S,N
DCB_se2_ag1_f_01_1,17424,AH0,6619,that,667.3930404308501,2140.0417192447762,2970.457552899064,722.6552184706867,2248.9642676000603,2867.200487560641,719.8921995655104,2286.704549126823,2708.684911417645,0.07999999999992724,DH,T
DCB_se2_ag1_f_01_1,17428,EY1,6620,train,638.2624484987839,1738.158708120727,2722.1640442863486,683.6819091272155,1891.294574562682,2344.4323248814303,574.1605030994248,2685.3035234958834,3313.1327667122714,0.2400000000000091,R,N
DCB_se2_ag1_f_01_1,17432,IY1,6622,here,570.2802377107786,2406.708226489759,2722.832313906061,599.3178871447392,2238.885308661736,2663.3432771264966,584.5711524193352,2601.340541869808,2627.976339656236,0.16000000000008185,HH,R
DCB_se2_ag1_f_01_1,17436,EH1,6624,every,837.8128094218566,1447.8094031881499,2281.4484294339873,843.860035280728,2305.4370822382916,3231.8859534087624,809.8422452380576,2288.6748581822026,2522.226427493415,0.14999999999986358,sil,V
DCB_se2_ag1_f_01_1,17439,IY0,6624,every,625.4629779394903,2441.8614796689917,2870.1483243363978,622.8303796248263,2437.624225728654,2871.0750972904098,545.3553134558476,2486.8307248667725,2640.9343630204025,0.06999999999993634,R,S
DCB_se2_ag1_f_01_1,17441,IH1,6625,single,595.3417900270695,2118.4944574600486,2861.90390101725,616.634635006116,2195.0385653029443,2834.570528249291,584.8827252434792,2342.8951730517565,2810.491882073175,0.029999999999972715,S,NG
DCB_se2_ag1_f_01_1,17444,AH0,6625,single,496.7348929744249,1186.6570958917193,2913.648337819627,521.3607041678529,1232.6924382442562,2727.5754891437823,518.2813692619277,1241.8659209014063,2786.3053019562567,0.029999999999972715,G,L
DCB_se2_ag1_f_01_1,17447,EY1,6626,day,619.9143216943414,2234.9036279384954,2368.5077439842407,633.5753736758326,2203.055246214488,2997.3503914856183,601.4362057148282,2334.4803703627636,2762.095447649088,0.13999999999987267,D,
DCB_se2_ag1_f_01_1,17451,AH1,6628,but,684.752995691129,1583.206324255137,3316.303221981831,800.0308148559496,1692.601285323255,3148.0935807145624,749.1606602287259,1693.5240729845016,3158.0188044932997,0.10999999999989996,B,T
DCB_se2_ag1_f_01_1,17453,AH1,6629,uh,777.3186200465532,1684.9702046181833,2054.6281209203134,893.0935999441966,1705.8222707452353,3126.2831617296656,767.1094416602602,1694.785892635734,1955.82324857093,0.22000000000002728,T,sp
DCB_se2_ag1_f_01_1,17455,AY1,6631,i,1018.4642688505367,1616.7218113720062,2622.224344984942,1025.514489828713,1592.025126095706,2747.553546802241,797.8528212514125,1822.4665076720714,2322.960258914125,0.20000000000004547,sp,L
DCB_se2_ag1_f_01_1,17457,AH1,6632,love,731.6049419238936,1553.7835374294477,3384.595178856705,746.5550610858318,1640.531732590747,3374.38149502702,707.815441983984,1663.4925022009027,3336.4464054341033,0.16999999999984539,L,V
DCB_se2_ag1_f_01_1,17460,IY1,6633,being,551.0581458372545,2407.4067426843367,3111.229855024677,628.3442311030738,2225.860907662198,3283.640787226741,541.2858114563494,2415.1396415984686,3086.0675408815314,0.07999999999992724,B,IH0
DCB_se2_ag1_f_01_1,17461,IH0,6633,being,642.1101200872762,1302.5728313990737,2214.723295648153,646.023126810783,1533.3526811690085,2104.6280705886647,628.3442311030738,2225.860907662198,3283.640787226741,0.029999999999972715,IY1,NG
DCB_se2_ag1_f_01_1,17463,AE1,6634,at,717.9658987420682,1925.315412977257,3176.5475859142553,724.4387245054227,1914.9103742070713,3188.6021336317276,708.7132051450825,1926.7933025782509,3251.8717240673996,0.03999999999996362,NG,T
DCB_se2_ag1_f_01_1,17466,AH0,6635,the,620.6263941651399,1363.694329708985,3256.1018509889313,647.7443666763852,1451.6505746311643,2919.270256416319,647.7913416345955,1727.4118857535652,3188.1335510583303,0.07000000000016371,DH,B
DCB_se2_ag1_f_01_1,17468,OY1,6636,boy,548.7334033725704,1024.4959108121946,3253.2141347206352,569.5051084989866,1431.3358190830786,2916.0117077365217,536.8047405487287,1610.1248152448045,2919.4626392758814,0.11000000000012733,B,sp
DCB_se2_ag1_f_01_1,17470,AH1,6638,uh-huh,624.5193486443573,1436.1427599811575,2892.8737015061834,868.3609449130402,1965.9580369696519,2843.0826374947646,868.3609449130402,1965.9580369696519,2843.0826374947646,0.16000000000008185,sp,HH
DCB_se2_ag1_f_01_1,17472,AH1,6638,uh-huh,774.8491895935365,1436.3548620666836,2244.45896003046,829.4697421665238,1592.7782655593978,1746.137968300538,765.613191928567,1651.0165649811004,3165.560138382271,0.10999999999989996,HH,
DCB_se2_ag1_f_01_1,17475,OW1,6640,oh,682.0700549356309,1382.3497068640784,2949.5054224312144,959.9280748526896,1777.2247253924165,3012.4467190733876,959.9280748526896,1777.2247253924165,3012.4467190733876,0.2599999999999909,sil,sp
DCB_se2_ag1_f_01_1,17477,AY1,6642,i,874.4228257722135,1797.4900891187265,2225.9565384301272,927.5969526160794,1600.4566355270586,2501.9728521859547,858.2416854057773,1995.0847006052527,3143.3520075458314,0.07999999999992724,sp,D
DCB_se2_ag1_f_01_1,17479,OW1,6643,don't,865.8369614992112,1127.1237393760357,2293.0916133853343,866.0867620357792,1102.7160135882004,2302.1476606188708,850.935218915347,1529.6729431491283,2615.408033049331,0.03999999999996362,D,N
DCB_se2_ag1_f_01_1,17482,OW1,6644,know,637.6014239336788,1508.7114347292863,2871.9194316245075,673.4528949078028,1511.8827317965672,2880.160546669204,581.5298121321015,1595.016208814367,2824.6764245271775,0.029999999999972715,N,W
DCB_se2_ag1_f_01_1,17484,AH1,6645,what,601.433280221533,1417.953155931131,2938.859227856238,607.3295106243572,1365.7121493273667,2803.828906063129,563.3724772366851,1523.410054744688,3273.7659497060827,0.029999999999972715,W,T
DCB_se2_ag1_f_01_1,17487,EY1,6646,they,516.1110785467737,2189.7015332183405,3039.092543686985,537.2038730938434,2110.436553701943,3090.4859253196723,529.3903368089502,2358.466194085823,2910.6453305717114,0.060000000000172804,DH,sp
DCB_se2_ag1_f_01_1,17490,UW1,6648,doing,619.5780372784536,1453.9918311153046,3101.4812778917003,624.2037301155611,1325.6955439290775,2428.1512210286046,559.023736504891,1871.674255212379,2693.2477916992334,0.05999999999994543,D,IH0
DCB_se2_ag1_f_01_1,17491,IH0,6648,doing,602.2552873769052,1381.8812677327862,2457.3870857404254,650.4781227775825,1546.517298609004,2552.4148292888963,625.6451532977678,1562.8517195006248,2509.174771996506,0.03999999999996362,UW1,NG
DCB_se2_ag1_f_01_1,17494,OW2,6650,okay,738.4150562144671,1516.0074839527838,3360.2598076374284,757.8783107948279,1431.7915971820878,2962.8181829192436,682.1872074842946,1789.803829237122,3183.3031299508225,0.10999999999989996,sp,K
DCB_se2_ag1_f_01_1,17496,EY1,6650,okay,666.5001903558638,2130.3746074856267,2726.084628191727,682.9816350706747,2057.7877052242984,2894.8220187503393,664.7599251341333,2254.807749050197,2756.202671825514,0.19000000000005457,K,spn
DCB_se2_ag1_f_01_1,17500,AH1,6653,um,867.90559590904,1702.5001871200368,3354.323769773816,1077.4135295907467,2122.074294081892,2980.9104036173194,1068.8780234495132,2135.3926662142976,3120.8782815094332,0.18000000000006366,sil,M
DCB_se2_ag1_f_01_1,17504,AE1,6655,yeah,647.978140846221,1982.5406094396062,3324.5496060760647,665.5947927891447,1922.8173501718372,3242.290837431414,567.4840504397423,2285.793841439181,3294.1023473187324,0.13999999999987267,Y,S
DCB_se2_ag1_f_01_1,17506,OW1,6656,so,508.74863065693694,830.3759517779678,3148.185775861293,953.2984006302894,1490.3054070744713,2958.3060824191534,630.9632518098449,1581.0871978372904,3173.039364885848,0.25,S,AY1
DCB_se2_ag1_f_01_1,17507,AY1,6657,i,963.4235898366585,1673.1579040365402,2505.407069109749,1032.206116206372,1662.9811627668053,2680.748525311511,978.1039022582332,1875.4820850472377,2755.573236983982,0.10999999999989996,OW1,S
DCB_se2_ag1_f_01_1,17510,AA1,6658,started,785.1628928263191,1607.665725009589,2693.657837388856,828.0034388354115,1654.756104974096,2634.3397705103102,762.033464331889,1740.2227798821466,2636.072442918419,0.049999999999954525,T,R
DCB_se2_ag1_f_01_1,17513,AH0,6658,started,652.1385048154021,2150.903834071085,3208.5602051565397,689.7774794757539,2141.616116900168,3140.705442551686,681.4559103597853,2233.4256997066136,3255.6759759270235,0.06999999999993634,T,D
DCB_se2_ag1_f_01_1,17515,AE1,6659,at,646.3793590813929,2067.908008000414,3247.267168799384,663.362026316187,2186.741870211881,3177.625204056053,663.362026316187,2186.741870211881,3177.625204056053,0.029999999999972715,D,T
DCB_se2_ag1_f_01_1,17520,AY1,6662,my,933.6182990181261,1795.1099458556407,2465.891788201111,955.3236090071588,1694.8639264193882,2564.720031732752,790.1433317738392,1900.754539678534,3024.573495710676,0.05999999999994543,M,N
DCB_se2_ag1_f_01_1,17522,AY1,6663,ninth,790.2089954387587,2084.628002199754,2813.533378925163,908.0072624904789,1876.931974092494,2545.284280149496,690.7643362873406,2266.879124326536,3111.1133012653963,0.09000000000014552,N,N
DCB_se2_ag1_f_01_1,17527,EY1,6664,grade,490.9761165952888,2367.312925134628,3074.3717227615566,588.3923264984206,2035.057159727055,2459.72900550504,428.893335400398,2858.3736190654486,3064.225678315537,0.1799999999998363,R,D
DCB_se2_ag1_f_01_1,17529,AE1,6665,and,625.6096572577684,2355.591469206399,3127.664237140321,625.835490825309,2316.91766244991,3149.100942830322,528.2771066162978,2457.243328094084,3048.4959504706317,0.040000000000190994,D,N
DCB_se2_ag1_f_01_1,17532,EH1,6666,tenth,514.7076822377051,1415.1449060527034,2565.9837134684503,525.9729123026905,1288.2288485454335,2562.629714853944,518.01747517398,1569.7257381429397,2597.047585068314,0.029999999999972715,T,N
DCB_se2_ag1_f_01_1,17537,EY1,6667,grade,573.6854306408665,1653.9871550494868,2367.4836869195237,693.3442227792173,938.413439183291,2309.1431388986807,572.754729986888,1649.8598789149999,2371.6413609393003,0.029999999999972715,R,D
DCB_se2_ag1_f_01_1,17540,AY1,6669,i,903.5990840645293,1541.5753975608386,2252.262043624498,935.2217940226205,1637.574533514017,2296.691697675293,893.6373433370931,1739.3049152194083,2581.8396173878996,0.08999999999991815,sp,W
DCB_se2_ag1_f_01_1,17542,AA1,6670,was,802.1862086079869,1328.3561960401066,2291.740294819239,828.1882228728722,1512.6823880605905,2200.257065432118,552.1436722185184,1996.7797448424308,2712.3202964992547,0.2899999999999636,W,Z
DCB_se2_ag1_f_01_1,17547,IH1,6672,still,766.8125062730979,2348.829266859883,2702.161264436313,984.398710282565,2455.185525945947,2515.2768975803306,984.398710282565,2455.185525945947,2515.2768975803306,0.029999999999972715,T,L
DCB_se2_ag1_f_01_1,17549,AY1,6673,i,881.5640538552819,1507.6619294714922,2536.773796214992,985.6114286570853,1765.2708985150362,2554.408355636175,985.6114286570853,1765.2708985150362,2554.408355636175,0.05999999999994543,L,W
DCB_se2_ag1_f_01_1,17551,AH0,6674,was,568.1443343369491,1521.5472409185454,2450.870780630569,688.5291322700505,1550.6899783932793,2164.7871431286335,688.5291322700505,1550.6899783932793,2164.7871431286335,0.029999999999972715,W,Z
DCB_se2_ag1_f_01_1,17555,IH1,6675,still,544.1207705728634,1701.107486960063,2684.76161778247,670.74816670236,1955.9439834073946,2368.501750286098,670.74816670236,1955.9439834073946,2368.501750286098,0.05999999999994543,T,L
DCB_se2_ag1_f_01_1,17558,IH1,6676,living,557.086662291254,1804.8276193835623,3126.883707703015,581.1091931704674,1799.352072691882,3131.9944499389203,572.5998374298994,1813.463354323441,3133.025501204511,0.03999999999996362,L,V
DCB_se2_ag1_f_01_1,17560,IH0,6676,living,558.8354738488885,1677.5123723356994,2899.426261203472,603.5703147855754,1769.5369407063688,3051.359093101127,565.5242500234655,1761.0592291081211,3118.963046200002,0.029999999999972715,V,NG
DCB_se2_ag1_f_01_1,17562,IH0,6677,in,642.7529232874348,2078.977288180517,3247.9765579146197,641.901634441647,2080.853266946202,3247.573972864632,631.598114453633,2099.6243022957933,3243.7089962864356,0.03999999999996362,NG,N
DCB_se2_ag1_f_01_1,17565,IY1,6678,dc,582.3170016574096,2526.81679683902,3130.9176342520536,652.2117901435847,1618.0843922680208,2581.6957382610294,496.16931169886504,2631.630255086887,3055.636871428853,0.07999999999992724,D,S
DCB_se2_ag1_f_01_1,17567,IY1,6678,dc,826.3874260221056,1602.0078307783592,2702.1479398858937,826.8401696710661,1610.5661457714864,2680.571452578749,826.5006899175395,1613.0080756735229,2658.186623030934,0.029999999999972715,S,sp
DCB_se2_ag1_f_01_1,17570,AH1,6680,um,747.445348735005,1459.3243921629773,3232.753814521142,877.3764091781376,1668.522745839483,2408.889719068599,878.5036985673698,1675.7239002695694,2330.8132759304926,0.12000000000011823,,M
DCB_se2_ag1_f_01_1,17573,AY1,6681,ninth,812.3379924667945,1879.6956489114227,2863.0166345414605,834.5180753480244,1842.2992329025858,2776.1985884868964,747.9417533679707,2131.4441973209873,3028.241699848094,0.10000000000013642,N,N
DCB_se2_ag1_f_01_1,17578,EY1,6682,grade,535.3515524035935,2159.8203150188315,2523.4787228883492,613.3727889119892,1973.6405352608626,2491.545710496179,442.8067193973153,2311.521755537165,2702.7922799801427,0.09999999999990905,R,D
DCB_se2_ag1_f_01_1,17580,AE1,6683,and,575.9141555706559,2558.5448129738365,2861.447828035936,629.4293885055451,1947.6516000073664,2418.4538355710692,567.3310546212148,2509.7271176849963,3008.948918386885,0.07999999999992724,D,N
DCB_se2_ag1_f_01_1,17583,EH1,6684,then,635.5617116584868,2069.257008949209,3208.3030542330957,642.2447735707129,1914.8544442027217,3187.189707256028,523.3226180922859,2239.2450821917505,3270.550529241857,0.09999999999990905,DH,N
DCB_se2_ag1_f_01_1,17586,AY1,6685,like,819.5380053114375,1744.3458396833867,2539.3270601825616,952.5101996727637,1565.6012840766564,2639.534597468088,619.8395204959266,2492.0770994579707,2620.9796074883284,0.11999999999989086,L,K
DCB_se2_ag1_f_01_1,17591,AA1,6687,probably,926.5068269923287,1556.2381969881421,2291.1202531620006,928.5085155436059,1569.99042977194,2293.0875792589272,852.7394732713364,1655.9583541663892,2301.6805572990793,0.03999999999996362,R,B
DCB_se2_ag1_f_01_1,17594,IY0,6687,probably,504.1650130054481,2096.4727856232535,3128.127286401746,663.4696968155761,2332.598948434504,3098.0844315764484,657.5827467145941,2363.6893696234138,3104.463215295104,0.12000000000011823,L,sp
DCB_se2_ag1_f_01_1,17598,AH1,6689,the,731.5672182256768,1470.4025560617645,3155.6833606993705,735.1374518193591,1361.6214475654078,3148.7680720970197,638.6552563907271,1775.972152178314,3171.5306126103346,0.10999999999989996,DH,L
DCB_se2_ag1_f_01_1,17600,AE1,6690,last,685.4488520093468,1548.267299259646,2287.3697407405743,771.5219111703024,868.9112724008419,2097.6205244301773,625.4821550151735,2309.9505694318427,3193.8179138280475,0.2300000000000182,L,S
DCB_se2_ag1_f_01_1,17606,AO1,6692,quarter,604.439252205537,925.2036082761572,3467.431529079634,675.4022727862142,1180.5388928446635,2572.7676359747106,675.4022727862142,1180.5388928446635,2572.7676359747106,0.049999999999954525,W,R
DCB_se2_ag1_f_01_1,17609,ER0,6692,quarter,631.9868504681245,1613.7109383600998,1993.7949536419546,636.065935967425,1671.267257184335,2242.8114603612344,609.4414981310194,1821.5401225586088,1833.2191936446568,0.11000000000012733,T,sp
DCB_se2_ag1_f_01_1,17612,AY1,6694,like,754.0354910523243,1693.0095023035205,2565.818415179726,834.3138370058846,1605.691646040378,2548.490029651585,638.299753425839,2070.3430527379587,2805.4340358629056,0.049999999999954525,L,K
DCB_se2_ag1_f_01_1,17615,AH0,6695,the,573.4662873218904,1132.834408782972,2863.4581468861065,800.2215561105122,1265.2585808532826,2617.8228642042823,749.2886025305121,1658.5190008121456,2903.147103254222,0.07999999999992724,DH,F
DCB_se2_ag1_f_01_1,17617,AO1,6696,fourth,514.0461933768926,872.301580993329,3195.608843340704,612.3859827196067,853.7900895866375,3148.6724791206443,578.4842628951237,910.044462943767,3157.5309823848497,0.05999999999994543,F,R
DCB_se2_ag1_f_01_1,17621,AO1,6697,quarter,550.0231823195483,822.6946842127019,2940.863965983377,665.5656258200253,1036.4897941715183,2750.0233395904515,654.2424997018749,1218.280548526866,2698.385544408966,0.10999999999989996,K,R
DCB_se2_ag1_f_01_1,17624,ER0,6697,quarter,601.591679079939,1641.2395972171448,2391.538914219791,709.0702340693906,1636.0352682487944,2755.7854405057606,648.7788153999383,1773.5414192321418,2416.859361595009,0.13000000000010914,T,
DCB_se2_ag1_f_01_1,17626,AH1,6699,of,753.2581821295908,1526.7774398659126,3105.8568598606093,876.8588426043251,1643.7140261438008,3097.4663839048794,830.4634200225082,1809.6541217988236,2856.064079459141,0.12000000000011823,,V
DCB_se2_ag1_f_01_1,17629,EH1,6700,tenth,690.8014231495639,1926.4213039090346,2353.3420080683536,720.8290507865618,1809.8063918425014,2633.282769651147,679.0150985748983,2359.3095016322745,3240.4664251079453,0.049999999999954525,T,N
DCB_se2_ag1_f_01_1,17634,EY1,6701,grade,526.1842803719787,1847.7364649154056,2631.7786691888514,594.2737325365207,1638.5863099964365,2347.121013872985,486.7838412234472,2153.2061001130787,2610.6497125780234,0.049999999999954525,R,D
DCB_se2_ag1_f_01_1,17636,AY1,6702,i,1006.7445822998474,1639.9997943183373,2307.7402128146055,1018.6748304507684,1683.9784974885988,2304.2674769353175,921.9456175237657,1880.2184021780874,2323.874135203453,0.10000000000013642,D,M
DCB_se2_ag1_f_01_1,17638,UW1,6703,moved,610.2954830227346,631.373300124371,3066.372725302431,632.3791221021801,766.9310903595634,2946.5263657467267,591.1335431934816,1343.431059111375,1605.702620383215,0.17000000000007276,M,V
DCB_se2_ag1_f_01_1,17643,AH0,6705,that,688.4079974160992,1818.895375330265,2943.231952361368,689.0258445340501,1815.508624432747,2936.9159773879865,640.4327823118446,1947.816818896192,3112.004162615029,0.040000000000190994,DH,T
DCB_se2_ag1_f_01_1,17647,IH1,6707,when,682.2451790608064,1496.7670062884645,2609.482123038969,777.9593925013808,1418.4409187093918,2587.970559956771,552.6198916531358,1521.9893309521137,2593.645587925342,0.029999999999972715,W,N
DCB_se2_ag1_f_01_1,17650,IY1,6708,we,583.25058004785,1271.7577623740408,2453.8160146797004,678.8220339527868,1385.1107310895052,2484.9058430794457,678.8220339527868,1385.1107310895052,2484.9058430794457,0.03999999999996362,W,M
DCB_se2_ag1_f_01_1,17652,UW1,6709,moved,518.5099714329507,778.6415512595056,3000.617646565255,624.2002095232956,1879.0178102878065,3314.72538604888,629.1040718248502,2168.0780116141136,3473.9846396435596,0.12000000000011823,M,V
DCB_se2_ag1_f_01_1,17658,OW1,6711,so,653.0321873233992,1280.3372500513121,3250.3943595066235,706.8220198756354,1375.2745000276673,3153.6662196789093,597.277623180348,1690.3902722431355,3267.1150557384117,0.22000000000002728,S,sp
DCB_se2_ag1_f_01_1,17661,AY1,6713,ninth,672.461360032752,1972.9466097451937,3158.0754077110064,718.1206798489229,1801.250360314924,3177.500363634323,694.0503116421049,2219.1553620189907,3148.0057560455266,0.08000000000015461,N,N
DCB_se2_ag1_f_01_1,17666,EY1,6714,grade,596.5922375580881,2297.663779450912,2689.8387590566817,632.1626836709603,1871.8860648073226,2321.3433939951246,490.7514053895551,2615.957576049801,2828.2210691731393,0.08000000000015461,R,D
DCB_se2_ag1_f_01_1,17668,AY1,6715,i,915.8339870039644,1767.511996595515,2650.125056516352,938.4714308723978,1765.1392172076555,2634.039968376963,925.7742940423217,1842.079439737796,2733.247411672017,0.08999999999991815,D,W
DCB_se2_ag1_f_01_1,17670,AH0,6716,was,625.308258508847,1556.3401943073372,3269.5688521941424,686.1583359283246,1575.761961046387,3328.216345444455,647.2412552700007,1593.223296822782,3312.4873567004115,0.03999999999996362,W,Z
DCB_se2_ag1_f_01_1,17672,IH1,6717,in,663.5679976498219,2057.3996609244527,3160.9204224398486,666.6913538099836,2076.787346946818,3176.792680991231,639.6661972559915,2113.5450983141727,3186.50686703422,0.049999999999954525,Z,N
DCB_se2_ag1_f_01_1,17675,IY1,6718,dc,580.3566606632459,2691.908770030267,3057.465676327789,575.988398711262,2368.4613212490704,3169.4491453569262,560.9501916357768,2754.4751700150327,3193.710224961069,0.11000000000012733,D,S
DCB_se2_ag1_f_01_1,17677,IY1,6718,dc,619.6713424048546,2801.8021211369296,3348.7278168063517,629.6276351767733,2669.89922600288,3021.4490407404683,574.2687401859743,2816.86680524098,3234.0163699717114,0.17000000000007276,S,T
DCB_se2_ag1_f_01_1,17679,EH1,6719,tenth,641.3769729338985,1566.7313780560962,2669.0128470691056,652.7919158787071,1527.942407451325,2451.5138642476477,636.3019567967146,1592.929863448626,2741.6792827798768,0.029999999999972715,T,N
DCB_se2_ag1_f_01_1,17684,EY1,6720,grade,501.3488577567177,2528.5768973708196,2603.433536221095,554.5627882419099,1313.5781152010786,2399.54843105668,482.04924242958117,2692.1862859895564,2771.389954285568,0.14999999999986358,R,D
DCB_se2_ag1_f_01_1,17687,AY1,6722,i,907.4208631844493,1581.2643669585884,2344.9551308910163,990.8937492411837,1873.0685871871008,3046.530440968123,891.0676570058404,1955.3920176112306,3364.2993485166867,0.13000000000010914,,W
DCB_se2_ag1_f_01_1,17689,AH0,6723,was,572.9175816891767,1608.982233526139,3179.1190703286557,591.0634314135575,1400.013103902562,2934.1777932432774,517.8434703332914,1675.0729679114934,3309.1381005933276,0.03999999999996362,W,Z
DCB_se2_ag1_f_01_1,17691,IH1,6724,in,615.5873284767832,2076.447764568148,3175.229782166977,624.024968355373,2103.277190099534,3186.0679256546273,621.9906306093696,2109.9714624441317,3204.6888511900283,0.040000000000190994,Z,N
DCB_se2_ag1_f_01_1,17694,IY1,6725,dc,556.406026013724,2675.8554251130345,3097.6370393003253,582.4022308845666,2618.8853417487594,3133.816921399344,486.6058999948885,2800.188237437149,3079.446237338744,0.09999999999990905,D,S
DCB_se2_ag1_f_01_1,17696,IY1,6725,dc,545.173220667276,2880.7166094319296,3177.2723335726077,610.1361168471649,2803.2128194839943,3223.7166887913927,470.4029156766034,2891.4564583401884,3228.00686793547,0.17000000000007276,S,
DCB_se2_ag1_f_01_1,17698,AY1,6727,i,1012.9259454667955,1676.812286744468,2692.645142416677,1047.3220948944813,1684.3583207611089,2626.037053429143,545.9768991324743,1841.641431638029,2441.8281711717495,0.22000000000002728,,L
DCB_se2_ag1_f_01_1,17700,AH1,6728,love,665.7166768263132,1716.4842207982872,3370.63699933892,666.365953474306,1736.513777629697,3380.867532558119,666.4269272426499,1739.7111988522383,3384.095840768297,0.09999999999990905,L,V
DCB_se2_ag1_f_01_1,17706,IH0,6732,to,543.0415054617479,1802.5301999442493,3111.7338421626664,580.5695179534241,1867.3381130324397,3004.73008115995,580.5695179534241,1867.3381130324397,3004.73008115995,0.08999999999991815,T,DH
DCB_se2_ag1_f_01_1,17708,AH1,6733,the,524.7030211697353,1986.799117917407,3326.767802765037,665.4138609936662,1571.1535418191363,2513.878447574618,534.5065147995448,1987.5215445373594,3313.6261790507733,0.2699999999999818,DH,D
DCB_se2_ag1_f_01_1,17710,EH1,6734,death,719.6229431690978,1996.5250600651186,3065.4089417163605,825.6841695332855,1715.0220160175534,2687.71106934826,629.5393976168178,2026.4037053759973,2928.179916167461,0.09999999999990905,D,TH
DCB_se2_ag1_f_01_1,17712,AH0,6735,of,794.5678245083054,1801.9325708327224,3128.0120830543583,1001.4627077119686,1924.8040008188143,3276.876991805446,1001.4627077119686,1924.8040008188143,3276.876991805446,0.029999999999972715,TH,V
DCB_se2_ag1_f_01_1,17715,IY1,6736,me,582.0625441563104,2401.6516039216217,2442.8181353130667,688.5434074128993,2078.5205675215348,2836.8355278574445,620.6168075069027,2424.038259004583,2659.2416521344394,0.029999999999972715,M,sp
DCB_se2_ag1_f_01_1,17723,OW1,6740,so,687.942749825067,1342.3027907144808,3062.850786008626,720.4811171869934,1374.612708605084,3216.066722193014,605.108270485887,1532.8507386889203,3198.3861037016704,0.13000000000010914,S,sp
DCB_se2_ag1_f_01_1,17726,IH0,6743,is,587.1881793374639,1838.7581584299303,3197.365579280723,650.1439196156748,1840.7063531770677,3191.2226395602775,649.2166159209697,1857.0980448104406,3200.137697328692,0.029999999999972715,TN,Z
DCB_se2_ag1_f_01_1,17729,AA1,6744,not,798.8378894207964,1520.8213797336562,3213.3614132407793,811.0111746610926,1523.7974088312483,3212.971682718802,756.5539326710428,1561.1664911910489,3186.191523734316,0.029999999999972715,N,T
DCB_se2_ag1_f_01_1,17731,AH0,6745,a,706.1261172324664,1549.4131702231452,3374.9148735952654,804.7211399602228,1610.5247964196317,3311.4478959801086,769.3740241288776,1678.6068418883629,3404.607696214393,0.290000000000191,T,sp
DCB_se2_ag1_f_01_1,17735,UW1,6747,school,464.03411130012495,1221.7871990221945,3097.1046853363773,604.824018215669,1565.3440958499768,2489.0585518856,481.1927726569338,1609.5178063952192,2700.760387454639,0.09000000000014552,K,L
DCB_se2_ag1_f_01_1,17738,IH0,6748,without,502.6036352608633,1536.126188030478,3091.7690841693434,528.4844227945496,1347.1793610923519,3522.8091735922962,502.3371630859913,1536.6160172448801,3093.38837292393,0.060000000000172804,W,TH
DCB_se2_ag1_f_01_1,17740,AW1,6748,without,954.5307008057812,1577.4536153108302,2890.2578631834162,984.1192814520912,1651.767613306933,2578.80828344407,917.5024884719243,1709.5075480191006,2335.150333087024,0.17000000000007276,TH,T
DCB_se2_ag1_f_01_1,17743,AO1,6749,walls,609.3500868422144,1026.2351173792658,3111.6119599783574,618.2056875108865,1052.1048147756555,3134.631057761843,618.2056875108865,1052.1048147756555,3134.631057761843,0.06999999999993634,W,L
DCB_se2_ag1_f_01_1,17746,IH0,6750,it,482.92667325392944,1718.2131808208242,3109.379823656578,573.7402129065331,1536.046675463148,3084.1816771889685,526.7205844609044,1762.7029744603892,3026.6526860590043,0.049999999999954525,Z,T
DCB_se2_ag1_f_01_1,17750,AY1,6752,kind,945.3606021515495,1681.8007515325867,2234.4155072574354,981.7822984359658,1707.0975952673573,2260.1936984013705,818.9888859293619,1950.0756984955265,2600.1980081731704,0.06999999999993634,K,N
DCB_se2_ag1_f_01_1,17752,AH0,6753,of,581.2275630614948,1628.759499959931,2513.672254008759,664.785200963882,1702.7880325462697,2372.9376844849066,664.785200963882,1702.7880325462697,2372.9376844849066,0.029999999999972715,N,V
DCB_se2_ag1_f_01_1,17755,AY1,6754,like,868.0536334258994,1785.899410169932,2852.1947073457827,871.1226813473971,1665.2086602408801,2763.857083569983,697.230733379904,2057.725002236101,2894.847256770967,0.049999999999954525,L,K
DCB_se2_ag1_f_01_1,17757,AH0,6755,a,585.5840888260559,1773.553114862685,3117.7595509275716,701.5148072066333,1890.863380465318,2981.427463975281,701.5148072066333,1890.863380465318,2981.427463975281,0.09999999999990905,K,G
DCB_se2_ag1_f_01_1,17760,AE1,6756,glass,687.3375127963477,2059.3091293528264,3031.6521270642297,761.5628495021427,1873.7863394003,3134.978749116512,668.0162869409512,2110.782402479124,3177.677825266379,0.10999999999989996,L,S
DCB_se2_ag1_f_01_1,17763,IH1,6757,building,588.4906950854784,1599.9055873480283,3166.306524510738,621.6418582065527,1440.575812675703,3306.012281626638,441.38541609542074,1914.7996917164137,2523.064875869809,0.05999999999994543,B,L
DCB_se2_ag1_f_01_1,17766,IH0,6757,building,630.2708082829963,991.4233624604352,2020.4537931445434,635.1432267288785,1968.6782388345287,2030.6188028076629,629.8307547499173,2006.5133883037504,2257.9358492993692,0.029999999999972715,D,NG
DCB_se2_ag1_f_01_1,17770,AH1,6759,but,536.1089292972115,1419.6497847295755,2614.473999345713,547.932161940655,1431.1038052530394,2639.314752267619,509.8238307150982,1554.5823214960897,2803.304351176511,0.029999999999972715,B,T
DCB_se2_ag1_f_01_1,17772,IH1,6760,it,555.7782154273604,2019.9620657004143,3165.7318713313293,555.617220752337,2022.0308516686332,3171.6735877438296,550.6344435537168,2044.3654653422802,3232.134932262979,0.03999999999996362,T,T
DCB_se2_ag1_f_01_1,17776,AH0,6762,connected,631.6406616935828,1854.0479060873488,3278.9902484230834,636.7217303069723,1855.5609772222876,2353.546269618447,636.0000433211314,1863.849052561641,2356.3566130918207,0.03999999999996362,K,N
DCB_se2_ag1_f_01_1,17778,EH1,6762,connected,718.6538901366013,2133.2350817797765,3064.0285439955173,755.6815115437664,2245.833032766578,2951.967487291585,719.940829015385,2277.9090534298534,2918.572774000553,0.07999999999992724,N,K
DCB_se2_ag1_f_01_1,17781,IH0,6762,connected,497.3173606787667,2044.6252750203448,2983.07597069433,508.0335659135049,2093.063689831061,3254.764047901608,508.0335659135049,2093.063689831061,3254.764047901608,0.029999999999972715,T,D
DCB_se2_ag1_f_01_1,17784,UW1,6763,to,660.2557549350138,2005.8334063344967,3369.492084736083,1159.4676048109427,1547.4331499718062,2861.5551510649616,637.6808563667728,2264.956605723178,3957.0992285925226,0.09000000000014552,T,AH0
DCB_se2_ag1_f_01_1,17785,AH0,6764,another,575.2770567344921,1518.30475162594,2467.956463349145,636.8275351374747,1740.3386973626157,2789.4692245457672,636.8275351374747,1740.3386973626157,2789.4692245457672,0.029999999999972715,UW1,N
DCB_se2_ag1_f_01_1,17787,AH1,6764,another,759.7840147655991,1852.600516694455,3457.752917131203,761.6332255071185,1845.7202445197743,3434.140116665689,726.4129206746023,1869.4344352496878,3457.9700163196085,0.06999999999993634,N,DH
DCB_se2_ag1_f_01_1,17789,ER0,6764,another,500.4861935106429,1651.4145417393643,3106.2883465726354,540.8271120664315,1638.0726271874378,3086.243144140833,519.0050214344014,1747.896662874725,3142.921149305977,0.049999999999954525,DH,B
DCB_se2_ag1_f_01_1,17791,IH1,6765,building,506.22372889652286,1877.693952563189,3182.3900324431356,556.7480577560331,1645.125550861422,3233.539645696867,496.12471006965797,1997.5648179814345,3105.493667694656,0.05999999999994543,B,L
DCB_se2_ag1_f_01_1,17794,IH0,6765,building,599.7749249056817,1979.2752731743171,3205.0465215151053,617.3222179401799,2042.0204908215458,3259.8601133434163,617.3222179401799,2042.0204908215458,3259.8601133434163,0.029999999999972715,D,NG
DCB_se2_ag1_f_01_1,17797,AE1,6767,and,823.5439494427158,2260.375934689123,2657.9020288674137,1509.1833649243488,2313.104198056998,2633.084720381229,1530.134760761577,2492.070635174745,2841.027958948697,0.17000000000007276,,N
DCB_se2_ag1_f_01_1,17799,AH1,6768,um,878.5574618749797,1584.7962821461952,3237.8285694201913,955.9670876343329,1835.1608629825082,3286.535436070556,946.9335472660466,1833.0182858721882,3065.493651283888,0.16000000000008185,N,M
DCB_se2_ag1_f_01_1,17802,EY1,6769,basically,493.4162805772132,2362.3070973324843,3245.9859760163476,607.4726582009058,2219.8973150286142,3156.911117754432,516.6116603057841,2376.6446728851893,3232.887518394389,0.060000000000172804,B,S
DCB_se2_ag1_f_01_1,17804,IH0,6769,basically,521.452397293166,2017.671551296766,3011.593927654406,717.0491041657489,2072.1737774492517,3072.2086569496255,620.3559472853774,2073.788256723725,2993.536903088894,0.029999999999972715,S,K
DCB_se2_ag1_f_01_1,17807,IY0,6769,basically,528.1520835120813,1830.6657556890175,2975.406773766317,554.2336068121367,1735.5804055921112,3018.1108964338177,526.675082464507,1832.3406951311274,2979.2892897868364,0.029999999999972715,L,W
DCB_se2_ag1_f_01_1,17809,EH1,6770,when,574.7713238799487,1483.2050507639296,2557.125300504396,610.9478682499863,1607.8400266903445,2401.716550286884,610.9478682499863,1607.8400266903445,2401.716550286884,0.03000000000020009,W,N
DCB_se2_ag1_f_01_1,17812,EY1,6771,they,657.65452126073,2170.6504681260867,3073.6235057219383,669.9804697124903,2081.799252229246,3062.750676450041,605.3002305748072,2249.1177852775972,3075.416754124366,0.06999999999993634,DH,S
DCB_se2_ag1_f_01_1,17814,EY1,6772,say,582.521755095345,2280.117802329661,3056.040459746253,583.9799498768282,2288.0944455378954,3053.294076081401,579.6716351710913,2293.05211658077,3056.0593094773317,0.040000000000190994,S,TN
DCB_se2_ag1_f_01_1,17816,IH1,6774,it,512.6895434088069,2115.1519158403007,2984.477126893085,584.8025246733671,2007.482663175199,3036.6087889893524,564.5421633726937,2148.0336158654745,3104.479718789175,0.09000000000014552,TN,T
DCB_se2_ag1_f_01_1,17820,OW1,6776,no,619.8973678736485,1196.3130428535605,3293.7157927826756,663.4011349589964,1576.4830956424328,3268.613155613008,649.896221224667,1706.1475599188075,3234.9901374530355,0.10999999999989996,N,L
DCB_se2_ag1_f_01_1,17822,IH1,6777,limits,633.9452173939179,1576.493464226483,2024.112572382058,641.545960898142,1940.8817582799127,3290.315301168151,633.713644194847,1952.0294585045635,3435.4474005587485,0.10000000000013642,L,M
DCB_se2_ag1_f_01_1,17824,IH0,6777,limits,588.666979353568,2072.0313855124864,3084.875280463265,589.4169876919148,2069.939701397275,3084.5646582812506,566.5580200365674,2188.9619245282793,3005.318176572215,0.06999999999993634,M,T
DCB_se2_ag1_f_01_1,17827,IH1,6778,it,527.4738245301509,2255.9271285904515,2998.9541389972396,594.6467365216496,2104.2665967612206,3140.450568098834,526.3834293773511,2269.4570495457983,3022.9535516533224,0.07999999999992724,S,T
DCB_se2_ag1_f_01_1,17831,EY1,6780,basically,613.0061365244518,2168.0998018648966,3164.609035220656,612.6972390181614,2165.0191685381474,3167.12844886647,532.552170060881,2215.756637322063,3219.8696972567514,0.05999999999994543,B,S
DCB_se2_ag1_f_01_1,17833,IH0,6780,basically,531.115095407789,1922.4330848416496,3255.277618170712,556.4822533084563,1956.1371246827412,3165.002697120646,543.0732882864762,1969.436229436855,3198.419442163797,0.029999999999972715,S,K
DCB_se2_ag1_f_01_1,17836,IY0,6780,basically,468.04980860951093,1535.0089803504284,2870.5969139120116,563.8075828331674,2147.6575994089917,2854.359078200498,540.7650310812583,2371.085710742539,2926.51178828425,0.07999999999992724,L,N
DCB_se2_ag1_f_01_1,17838,OW1,6781,no,635.7058603050339,1295.369262511828,3236.0623259696736,667.5578552580951,1562.8725939707463,3373.5479723377407,631.3272005380982,1789.3214335725634,3291.813225796249,0.09999999999990905,N,L
DCB_se2_ag1_f_01_1,17840,IH1,6782,limits,651.4130226000533,1899.5979030195172,3375.5668736091784,661.8757420144947,1847.4130360476884,3315.4820930312494,643.8890883381157,2050.877344340443,3141.607439796542,0.06999999999993634,L,M
DCB_se2_ag1_f_01_1,17842,AH0,6782,limits,577.841692624637,1414.2060226901704,2845.327148128173,594.5752450110766,1623.2590961029289,3116.0120543189637,559.7414894969021,1761.8389005861532,3180.803378300987,0.029999999999972715,M,T
DCB_se2_ag1_f_01_1,17846,UW1,6783,to,483.87449950735606,1118.5230645763922,3083.5312953919556,556.576341813753,1662.3221106489466,3257.3048135577787,556.576341813753,1662.3221106489466,3257.3048135577787,0.029999999999972715,T,W
DCB_se2_ag1_f_01_1,17848,AH1,6784,what,585.9538710092185,1416.7429878880098,3101.297317182627,585.8615163461491,1423.7834785928333,3107.6427656999617,582.7652271421019,1623.691843113564,3212.4420384680343,0.03999999999996362,W,T
DCB_se2_ag1_f_01_1,17851,UH1,6785,your,605.8809949275519,1535.994530088356,3242.8032519385793,719.3717690387705,1839.5201161539171,3478.1928722438633,719.3717690387705,1839.5201161539171,3478.1928722438633,0.03999999999996362,Y,R
DCB_se2_ag1_f_01_1,17854,AY1,6786,child,970.3351970198937,1665.6478804059625,2790.464042441407,972.3297749766394,1682.9062098304528,2767.606299583742,774.4619080397538,1927.4858894366848,2955.0819612274863,0.09999999999990905,CH,L
DCB_se2_ag1_f_01_1,17858,AH0,6787,can,740.5043199207038,1710.4130925103932,2934.5774134881863,838.3305297040936,1830.3237333864267,2937.286579572829,791.1679939628254,1838.9625302392226,2968.1567121083426,0.03999999999996362,K,N
DCB_se2_ag1_f_01_1,17861,ER1,6788,learn,756.2034436330636,1773.325805322886,2215.071669645411,802.7415799003827,1775.059906522877,2475.4294167844005,792.4976216557976,1796.6850117506547,2288.531392859406,0.08999999999991815,L,N
DCB_se2_ag1_f_01_1,17864,OW1,6789,no,630.8932318341019,1346.7259303254307,3202.124653505771,648.9772706547487,1485.3453527185666,2885.1062901945443,642.5097816316596,1516.9432608372244,3045.4995214790342,0.10000000000013642,N,L
DCB_se2_ag1_f_01_1,17866,IH1,6790,limits,626.0523675497819,1920.5700823465818,2495.950319016866,627.8608485920356,1882.1164700492584,2556.713618296028,626.1268130523581,1918.9871525693493,2498.451619416115,0.05999999999994543,L,M
DCB_se2_ag1_f_01_1,17868,AH0,6790,limits,581.8483027824126,1423.6660007462722,3058.2134741714294,585.6776689524991,1390.1488263683716,3044.5490590828836,557.5933420320945,1750.5360248608545,3099.0695795949264,0.040000000000190994,M,T
DCB_se2_ag1_f_01_1,17872,UW1,6791,to,491.5226424371492,1415.2626505467713,2998.262351021297,861.996101590727,1673.3749822936877,3266.780933486794,852.6306127170549,1695.5116729365013,3276.9805733581975,0.03999999999996362,T,W
DCB_se2_ag1_f_01_1,17874,AH1,6792,what,579.3706980049596,1331.8557988927064,3279.6915831644756,580.3731472664266,1352.6932943935142,3341.5912349316254,550.8037201081285,1457.2504624088253,3115.263384418862,0.029999999999972715,W,T
DCB_se2_ag1_f_01_1,17877,UH1,6793,your,539.5992805872634,1458.0122292061756,3143.7904957644373,579.6355039810616,1607.7830520522587,3497.910621595483,542.666553290255,1880.5862700212558,3181.3846587373137,0.029999999999972715,Y,R
DCB_se2_ag1_f_01_1,17880,AY1,6794,child,922.8029149999908,1764.1367793506927,2485.4747112303503,939.6169981750306,1777.6139583252045,2415.2066820509904,681.7434143272345,1852.4139743417907,2412.0124664090504,0.049999999999954525,CH,L
DCB_se2_ag1_f_01_1,17884,AH0,6795,can,559.2277465231376,2133.5653593451025,2911.0574637196587,702.3543612917099,2221.2298841199,3325.605583141545,702.3543612917099,2221.2298841199,3325.605583141545,0.0500000000001819,K,N
DCB_se2_ag1_f_01_1,17887,UW1,6796,do,459.40112058169404,1396.391634854485,3052.181140255613,581.2185853061692,1651.9730462850453,3430.9857687157673,487.97857063622547,2020.933169636642,3342.944144477338,0.17000000000007276,D,
DCB_se2_ag1_f_01_1,17890,AA1,6798,cause,575.3470819291895,1762.4694478967488,3028.80559688845,913.1582486953964,1845.087485709499,3183.8687917861157,468.2077387978742,1874.5486542686892,2439.6531355660645,0.029999999999972715,K,Z
DCB_se2_ag1_f_01_1,17893,EY1,6799,they,507.84366237298826,2106.1704134941433,2658.0480385159917,641.0449647461959,2188.0297799692958,3162.8434432143276,479.75418513307386,2548.2698216069703,2921.390430980819,0.11000000000012733,DH,HH
DCB_se2_ag1_f_01_1,17895,AE1,6800,had,646.3684804547051,2294.936618384606,3277.797169254111,671.8693253280079,2332.5744344120103,3051.2560363229195,660.7861053522306,2359.4438927932924,3345.354371889573,0.06999999999993634,HH,D
DCB_se2_ag1_f_01_1,17898,AH0,6801,the,530.3024950205742,2066.834411820261,3245.736279255456,575.0894983985835,2032.1220872275915,3140.015765450534,537.983236451981,2119.079086193709,3328.8006973261085,0.09000000000014552,DH,K
DCB_se2_ag1_f_01_1,17900,AA1,6802,college,964.3549675108288,1324.4400631051656,3245.9404581898493,1022.6979800036875,1402.9122603691962,3328.7950720279823,788.2273463710591,1647.263381115546,3115.0357433093186,0.15000000000009095,K,L
DCB_se2_ag1_f_01_1,17902,IH0,6802,college,563.3876620424078,2162.076350902109,3314.589225624239,645.4046487252322,2004.330386918872,3296.9277183250206,555.054695871413,2164.850324916682,3312.9812555462713,0.06999999999993634,L,JH
DCB_se2_ag1_f_01_1,17905,AO1,6803,courses,559.9718572742772,809.7419124966419,3292.2892691704424,612.4770704692804,1071.1133725931243,3280.1953528818094,612.4770704692804,1071.1133725931243,3280.1953528818094,0.09000000000014552,K,R
DCB_se2_ag1_f_01_1,17908,IH0,6803,courses,464.135840552675,1954.19627786059,2937.776917606021,871.1357348898239,1992.75624888495,2995.7416689823385,487.3140598924069,2000.513353684637,2934.9070789631405,0.12000000000011823,S,Z
DCB_se2_ag1_f_01_1,17911,EH1,6804,there,578.2778734332247,2379.3778761562953,2870.308296916907,579.8191439851557,2475.8165628659413,3051.009520853301,570.1522753981752,2703.1623082429437,2925.819936336695,0.21000000000003638,DH,R
DCB_se2_ag1_f_01_1,17915,EY1,6806,they,449.5539249941226,2635.736698092834,3159.3740012163466,598.1446343674088,2374.1669551487116,3212.673337176238,462.3917805904401,2748.5420642847143,3035.138998962608,0.2300000000000182,DH,sp
DCB_se2_ag1_f_01_1,17918,IY1,6808,we,561.3311366781736,2785.7448260821393,3286.405193020363,583.1022401134431,2858.965701227934,3627.1004953884603,533.2262305279213,2886.3049453823924,3568.2270458128787,0.2300000000000182,W,sp
DCB_se2_ag1_f_01_1,17921,EH1,6810,left,660.3820011954881,2032.4887837114472,3095.297714024713,670.6692381338006,2032.5655038228701,3095.132220591603,654.3522992673069,2116.776758061425,3015.417214009789,0.09000000000014552,L,F
DCB_se2_ag1_f_01_1,17926,UW1,6811,school,505.0414621332927,866.0892210437672,3101.2751415690445,946.6774900195753,1639.8823931802062,3065.257793946773,946.6774900195753,1639.8823931802062,3065.257793946773,0.11000000000012733,K,L
DCB_se2_ag1_f_01_1,17929,ER0,6812,for,617.702337762957,1526.2244835902939,3078.2653704070044,768.3455503503491,1949.7300436807454,2960.460893975879,768.3455503503491,1949.7300436807454,2960.460893975879,0.08000000000015461,F,L
DCB_se2_ag1_f_01_1,17931,EH1,6813,less,683.1234943689047,1793.6059504985785,2911.5539453650063,699.2101021430703,1827.9659212059257,2860.754709898633,639.8650252948223,1894.0481685756424,3196.8597931599,0.09999999999990905,L,S
DCB_se2_ag1_f_01_1,17934,IY1,6814,we,552.2796391859969,2075.6527663725574,2815.0065410085153,571.2798489681371,1207.7992004158143,2821.141975915505,559.0767221566667,2212.192501215443,2815.2931808503695,0.03999999999996362,W,W
DCB_se2_ag1_f_01_1,17936,AO1,6815,wore,547.7269757970873,963.7946910138415,3387.5066358048252,564.7744254992278,1003.2109377083364,3163.0912401889677,521.8867884685442,1008.7573669578001,3119.5021625403133,0.07999999999992724,W,R
DCB_se2_ag1_f_01_1,17939,EH1,6816,regular,686.8053393938627,2005.071469289816,2797.622016757539,714.0390455905678,1893.3336052997065,2715.2882896959027,673.8922627153752,2023.9889608298029,2868.977414976997,0.07000000000016371,R,G
DCB_se2_ag1_f_01_1,17942,AH0,6816,regular,532.7753073341345,1883.934332528723,3027.5461993225395,556.8372074342877,1907.7153211371651,3015.556570985171,523.3342637187419,1970.3970505367367,2990.618655951565,0.03999999999996362,Y,L
DCB_se2_ag1_f_01_1,17944,ER0,6816,regular,519.1932466148722,1893.6612323139018,3159.8258954089415,587.7869792514507,1956.7171394348056,3151.149504805203,575.9024216991212,1958.4515958663196,3139.435089306243,0.09000000000014552,L,K
DCB_se2_ag1_f_01_1,17947,OW1,6817,clothes,467.4491728138345,1046.1339843133283,3273.3658732207523,645.3694763118183,1659.3693756810949,3161.3967702047576,645.3694763118183,1659.3693756810949,3161.3967702047576,0.290000000000191,L,Z
DCB_se2_ag1_f_01_1,17951,EY1,6819,they,522.5103766422868,2598.00797957467,3129.6445544865446,603.4057097974587,2446.550504879891,3133.4327227525946,529.1104550364395,2607.019367261277,3133.661117469722,0.05999999999994543,DH,sp
DCB_se2_ag1_f_01_1,17953,IH1,6821,it,757.2730125305787,2199.282842262356,2798.539439383068,758.2343186522796,2230.6482106392573,2918.9785740527386,755.7280043482847,2340.093448753981,3363.3453117583094,0.049999999999954525,sp,T
DCB_se2_ag1_f_01_1,17956,AA1,6822,was,680.5785029111837,1560.1390674546406,3345.775364742758,815.2474264540446,1348.3805041674018,3409.2389816438363,656.0326479989121,1615.1414292454376,3318.189089398018,0.06999999999993634,W,Z
DCB_se2_ag1_f_01_1,17959,AH1,6823,the,628.4629790865084,1325.4024427845638,2993.2739674496634,659.3178441177807,1460.096056658244,3122.1764083859994,555.1516987405184,1598.7636620980477,3110.754410904692,0.09999999999990905,DH,sp
DCB_se2_ag1_f_01_1,17962,EH1,6825,best,894.3473317034374,1498.49039393383,2480.315102579959,1013.8480127397081,2189.1769056656867,2384.420066357718,948.0046257124353,2353.1294660003014,2613.2860061650367,0.15000000000009095,B,S
DCB_se2_ag1_f_01_1,17965,IH0,6826,experience,607.8695701294565,2051.017845428996,2895.060312250523,621.3785789273536,1858.2182098860462,2772.314402765828,540.8231423006599,2381.1853502530466,2823.537286323313,0.06999999999993634,T,K
DCB_se2_ag1_f_01_1,17969,IH1,6826,experience,595.7758476320556,1507.2189310842816,2228.3151125259124,610.6318972194543,1461.793998240637,2265.785310173935,589.9400243644175,1603.9625633981034,2090.8057588889246,0.03000000000020009,P,R
DCB_se2_ag1_f_01_1,17971,IY0,6826,experience,494.5357699782628,2010.9470765333965,2684.919129191042,503.09092968543257,1953.9303700529815,2372.6767942588153,486.6361622439086,2151.488526891322,2763.725551338365,0.05999999999994543,R,AH0
DCB_se2_ag1_f_01_1,17972,AH0,6826,experience,521.532207347448,1914.4736152883743,2764.192059544178,523.027369533596,1915.7882248326532,2770.745731821359,486.6361622439086,2151.488526891322,2763.725551338365,0.029999999999972715,IY0,N
DCB_se2_ag1_f_01_1,17975,AY1,6827,i,765.6822108752169,1958.4974575418069,2747.447672946032,795.762846492515,1953.877304109764,2693.1170610724225,712.9243285038477,2142.5890543164305,2831.1003277734326,0.049999999999954525,S,K
DCB_se2_ag1_f_01_1,17977,UH1,6828,could,642.0585304553924,1899.6037624332055,2883.820879019472,686.6123273132889,2102.5986029777796,2809.903713954893,685.9578139186443,2102.666697615667,2826.5876741041516,0.07999999999992724,K,D
DCB_se2_ag1_f_01_1,17980,AE1,6829,have,746.2983628112395,1312.0775408374598,2319.9856683294306,752.1983536349184,1310.7762029359778,2305.394238833372,746.9402838123091,1313.535383431775,2350.031144297178,0.03999999999996362,HH,V
DCB_se2_ag1_f_01_1,17983,AE1,6830,had,743.0674262839862,1603.8753726028935,2695.9811334783703,760.248773362756,1555.923414117207,2697.518481181253,723.8088622332226,1763.377346713013,2772.586275672523,0.0500000000001819,HH,D
DCB_se2_ag1_f_01_1,17986,IH1,6832,it,594.242353633432,2431.1359157465836,3065.5082256471746,932.0907577883418,1885.9935309428079,3139.372816201273,598.7634893029377,2445.532676850013,3183.0952787350457,0.049999999999954525,sp,T
DCB_se2_ag1_f_01_1,17989,AH0,6833,was,509.7517675673143,1488.813961199879,3074.2604438068743,515.3112122416351,1490.0475482019554,3140.6924268578173,502.50466799235255,1497.050367189047,3101.2338325368055,0.049999999999954525,W,Z
DCB_se2_ag1_f_01_1,17991,IH1,6834,it,552.2385546373418,2216.5074818202716,3064.0631662890514,655.6493042806353,2095.002125453442,2964.7989682479565,572.6209416944506,2253.7258706966036,3039.8629570010844,0.14999999999986358,Z,T
DCB_se2_ag1_f_01_1,17993,AH1,6835,um,691.4159045282348,1618.0840569311251,2971.116502265547,734.5600030923657,1519.3160953134736,3071.638000737668,657.3169165647781,1904.958462543231,2947.043766491482,0.2300000000000182,T,M
DCB_se2_ag1_f_01_1,17997,AO1,6837,george,560.1544665535738,1173.0238511520001,2951.493112443529,619.6919146654988,1256.366584863033,2797.8019879758904,468.6406143044651,1476.2542584243727,2994.4430061182525,0.060000000000172804,JH,R
DCB_se2_ag1_f_01_1,18002,AY1,6839,like,662.0435718802942,1900.1535547609303,3187.7169036501336,748.8246524851995,1882.8502424248993,3205.5279780601377,571.0555339054358,2360.6950601736407,2954.397894704125,0.049999999999954525,L,K
DCB_se2_ag1_f_01_1,18005,AO1,6840,georgetown,557.8306009560897,1232.1517895482987,3138.9441342117325,576.5150229110976,1257.7865761358653,3177.092952978633,474.3449210762141,1439.3544353545512,3082.89591826864,0.049999999999954525,JH,R
DCB_se2_ag1_f_01_1,18009,AW2,6840,georgetown,697.7188090245671,1775.900299431178,2584.5818174664173,749.8821428274381,1935.897725458715,2755.993196406032,740.630097515798,1963.1868235300662,2780.081658181821,0.08999999999991815,T,N
DCB_se2_ag1_f_01_1,18012,AY1,6841,like,709.1754638170165,1956.4896777923932,3029.103300685532,770.8721046979779,1767.6466535399097,3128.0104196946413,575.7228084867402,2270.438975447497,2974.7523447327408,0.0500000000001819,L,K
DCB_se2_ag1_f_01_1,18015,AO2,6842,northwest,655.6213071625301,1199.1036959250712,3422.982370444815,655.8698234749277,1203.8889431907742,3425.3526515742933,589.4366903425546,1399.084629240859,2548.7271261691994,0.049999999999954525,N,R
DCB_se2_ag1_f_01_1,18019,EH1,6842,northwest,625.0696896662549,1765.6874381097687,2950.8308762601346,636.2809577744786,1644.4327765408484,2970.320728963242,585.7663334317033,1962.5207379954713,2303.056942859188,0.08999999999991815,W,S
DCB_se2_ag1_f_01_1,18023,IY1,6843,dc,512.4819705208392,2776.678793751752,3206.5326031879463,522.758770596884,2755.9046135979825,3170.373238429317,449.8916144137488,2815.941545408328,3203.9017466458213,0.08999999999991815,D,S
DCB_se2_ag1_f_01_1,18025,IY1,6843,dc,482.4859334705578,2034.0498985129007,2867.9203089820453,519.9622637426746,1949.6231909419685,2914.6085560965275,515.3727228789576,2765.3958685059106,2824.2440410560407,0.08999999999991815,S,F
DCB_se2_ag1_f_01_1,18027,AA1,6844,foggy,664.0986146225732,1203.5788626782924,3213.6348284436153,666.5973007564786,1201.2884085965206,3200.973071063433,629.8783577681488,1257.1355863274016,3306.3487364046964,0.07000000000016371,F,G
DCB_se2_ag1_f_01_1,18029,IY0,6844,foggy,440.3971663520341,1786.607377453658,2708.4906048488187,487.21787409077615,1243.8589601880326,2704.421003796816,470.3306116803761,2327.1894288768726,2793.8689841445916,0.06999999999993634,G,B
DCB_se2_ag1_f_01_1,18031,AA1,6845,bottom,804.9410062606936,1363.5952040584762,1738.4426039403927,823.255935537305,1455.6088308201556,3286.571209852132,767.1102565374168,1606.3300083526651,3173.0537372516465,0.11999999999989086,B,T
DCB_se2_ag1_f_01_1,18033,AH0,6845,bottom,664.8129187456028,1594.8571580059781,2536.9569947379837,710.0307540477385,971.4101081531419,2071.5184672195783,691.0455174358922,1564.8599942085737,3383.8119127494874,0.049999999999954525,T,M
DCB_se2_ag1_f_01_1,18036,EH1,6847,area,838.700243608419,1414.8709040048807,2455.906373607603,837.8107719190186,1416.7930862420262,2439.481638877372,642.6534025628473,2422.7550751368394,2893.087647705473,0.4800000000000182,sp,R
DCB_se2_ag1_f_01_1,18038,IY0,6847,area,600.2568784833896,1873.1247061232887,2328.9992914524405,693.8257666903021,1891.9521426769581,2329.3145144287446,666.2978763333289,1892.548311800773,2394.8428955493328,0.029999999999972715,R,AH0
DCB_se2_ag1_f_01_1,18039,AH0,6847,area,657.3481098323218,1890.1939771740733,2326.8527758797522,722.3368569271669,1897.9404592349417,2279.012942324341,612.2782411640998,1908.1609454741674,2985.299436445773,0.07999999999992724,IY0,sp
DCB_se2_ag1_f_01_1,18042,AH1,6849,yup,775.5494389697265,1807.4745024360068,3060.9025692310533,776.2702934313209,1823.0688555871668,3133.9871506252553,633.6448611100828,2057.5239583819994,3265.678309250502,0.09000000000014552,Y,P
DCB_se2_ag1_f_01_1,18046,EH1,6851,yes,657.5666763378218,1739.8018475676975,2593.5736688967313,831.4133049797861,1880.7255351052586,2787.330554692889,468.1276340246695,2445.672344957093,3133.931445691635,0.09999999999990905,Y,S
DCB_se2_ag1_f_01_1,18053,AY1,6855,i,1113.391463117119,1805.6912860966747,1898.2282707464215,1243.5161891304008,1799.036879118087,3382.1730588346472,803.2225660148055,2074.7821059620755,3436.7799145419767,0.2999999999999545,sp,L
DCB_se2_ag1_f_01_1,18055,AH1,6856,loved,615.4181197012847,1433.220900544809,2976.7978136981433,687.2812047887047,1386.236362301736,3364.8158073995787,671.187985405302,1629.7092848009213,3229.400209193653,0.18000000000006366,L,V
DCB_se2_ag1_f_01_1,18059,OW1,6857,going,629.8379841720516,1247.888359462458,3392.052864744669,675.1089169433071,1301.3817179982714,3281.88596078203,671.7058002088698,1351.4100802192813,3278.197928089449,0.08999999999991815,G,IH0
DCB_se2_ag1_f_01_1,18060,IH0,6857,going,636.7055695780165,1485.7833366822053,2905.313468500795,663.3831420569215,1322.452950165381,2065.54514310803,629.375468190401,1495.5477918516349,2952.255252186148,0.049999999999954525,OW1,NG
DCB_se2_ag1_f_01_1,18063,EH1,6858,there,592.658722366959,2352.4139663348196,3279.3170059437166,602.4192523008945,2378.734774559646,3348.442770200068,595.5465594014149,2380.583703789316,3212.8527182069215,0.029999999999972715,DH,R
DCB_se2_ag1_f_01_1,18065,AE1,6859,and,659.0765624680848,2230.9352415259236,3213.4967147796683,660.5639438683816,2221.719891875282,3220.883182505509,649.0482923635577,2367.1802268002593,3150.844557806628,0.029999999999972715,R,N
DCB_se2_ag1_f_01_1,18068,IY0,6860,the,615.2512993610486,2080.755502401526,3208.5252495438494,645.085823402092,2075.5703718496975,3229.605364792744,606.1473898566977,2143.88195851713,3244.2721431018217,0.040000000000190994,DH,AH0
DCB_se2_ag1_f_01_1,18069,AH0,6861,especially,612.5482470006544,1979.555930710822,3176.1576756230183,667.240446734893,1990.6762884448,3204.072132482953,629.3044183434848,2128.6223519259875,3197.3306804034883,0.07999999999992724,IY0,S
DCB_se2_ag1_f_01_1,18072,EH1,6861,especially,778.1237547952766,1922.0524184661808,3322.5615239979315,781.032694462562,1990.8931961696885,3397.746207976708,609.2261755582932,2135.0812576311396,3500.058774029539,0.06999999999993634,P,SH
DCB_se2_ag1_f_01_1,18075,IY0,6861,especially,534.8160896786351,2675.3028539360967,3412.755182239271,562.7810872070166,2486.62276279834,3354.990417883648,536.1060859941277,2687.2165242752217,3432.137220274026,0.07999999999992724,L,DH
DCB_se2_ag1_f_01_1,18077,AH0,6862,the,651.7734671304098,1884.1779058835955,3222.212439178898,716.5886234838842,1914.2017850977004,3128.2928959719593,533.3752374192975,1932.9379787684175,3276.206107852582,0.12999999999988177,DH,EH2
DCB_se2_ag1_f_01_1,18078,EH2,6863,education,776.2356868182516,2001.2068631760262,3424.1557839132997,803.5308216726169,1955.3328643265413,3160.347836885764,647.7697250001548,2162.758913174436,3146.5264502313757,0.13000000000010914,AH0,JH
DCB_se2_ag1_f_01_1,18080,AH0,6863,education,420.96370657395283,1912.2222479132274,2561.416458219903,461.95138849413866,2335.906316163176,2869.721258142892,461.95138849413866,2335.906316163176,2869.721258142892,0.06999999999993634,JH,K
DCB_se2_ag1_f_01_1,18082,EY1,6863,education,519.5483390873678,2529.884153350993,3010.1479302230196,631.3247789065554,2215.5451821987576,2991.724560951873,549.3648514987904,2732.66592787242,2927.9675240494903,0.13999999999987267,K,SH
DCB_se2_ag1_f_01_1,18084,AH0,6863,education,606.5149952217445,2028.675772519949,3172.5929394284203,746.0324764771008,2086.2236692261404,3478.494812616822,514.5171913109616,2243.8290345282203,3343.5374745426225,0.08999999999991815,SH,N
DCB_se2_ag1_f_01_1,18087,AH0,6864,the,513.1970350356655,1206.3848320570619,3069.3211870796235,550.2065514836012,1542.6595623809014,3259.100434272496,522.9299928960032,1861.3971671102158,3515.149582624089,0.0500000000001819,DH,W
DCB_se2_ag1_f_01_1,18089,EY1,6865,way,594.5395374303339,2185.1666509478846,3169.6415365703706,603.542842583591,1670.9690057073049,2949.6634182268995,470.0419758732564,2239.519627325985,3292.6551043070226,0.05999999999994543,W,DH
DCB_se2_ag1_f_01_1,18091,AH0,6866,that,605.3008741187227,2151.059387550355,3336.724911135647,635.3412808485986,2120.2492615936862,3384.0635320748333,546.8782757656787,2201.4115609707655,3229.140358425182,0.060000000000172804,DH,T
DCB_se2_ag1_f_01_1,18094,EY1,6867,they,512.3276826450557,2394.2418330645673,2910.2644294677825,610.3705066285219,2347.6226639597744,3149.414021526514,557.8621145738356,2657.577955507398,2783.719788181628,0.08999999999991815,DH,CH
DCB_se2_ag1_f_01_1,18096,AE1,6868,challenged,1058.583355330298,1820.1757022312563,2710.9181026565616,1070.2450479359593,1813.3907476871252,2666.9538559243347,881.1116576381435,1921.213740568221,2412.74311025469,0.16000000000008185,CH,L
DCB_se2_ag1_f_01_1,18098,AH0,6868,challenged,651.2244509150233,2054.550440867782,2072.752846277366,659.5130475929699,1490.2596837989302,1991.0930069612034,651.3990738044449,2046.8930239113465,2068.2693594159814,0.03999999999996362,L,N
DCB_se2_ag1_f_01_1,18103,IY1,6869,me,550.8021497864354,1151.2523337533328,3023.750725376179,593.2721757877664,846.1817868063408,2974.697102760877,532.0870571559377,1926.5830499781152,2960.0958924041774,0.11999999999989086,M,sp
DCB_se2_ag1_f_01_1,18107,IH0,6871,with,551.9301053085997,1230.481448956781,3149.3630682857206,576.4042804075629,1225.89883621766,2571.600804918384,545.7654508436393,1230.7301617547116,3162.1150352220084,0.03000000000020009,W,DH
DCB_se2_ag1_f_01_1,18110,AY1,6872,my,899.2089465265274,1533.23496874163,2005.1669513380798,977.44634386055,1910.7201239127803,3243.733768757873,827.1619656641623,2044.8251507539992,3415.470747035952,0.16000000000008185,M,EH2
DCB_se2_ag1_f_01_1,18111,EH2,6873,education,657.31176532411,1635.3658990834904,2504.7702070692694,828.995607086667,2043.7255927166389,3369.514633162725,622.6210592914088,2068.5237630746415,3288.7835943877803,0.06999999999993634,AY1,JH
DCB_se2_ag1_f_01_1,18113,AH0,6873,education,437.67387744002514,2012.6175490507892,3034.101901314797,524.0942795495592,2102.0948534518884,3100.6115875010323,482.01765963079936,2109.6055211305647,3179.395323719585,0.05999999999994543,JH,K
DCB_se2_ag1_f_01_1,18115,EY1,6873,education,498.66654297231776,2292.5187734875612,2925.5580001315234,576.1866120208285,2339.896877944077,2697.9658134960896,484.98980640279035,2397.7033009615157,2839.7353318772307,0.09999999999990905,K,SH
DCB_se2_ag1_f_01_1,18117,AH0,6873,education,581.7555823837388,2087.722479024157,2925.5226867899587,650.0727102016206,2097.6609251301825,2998.2353148516954,630.7787715795132,2120.336552201272,3015.449194733131,0.0500000000001819,SH,N
DCB_se2_ag1_f_01_1,18121,IY1,6875,even,511.2513201218658,1500.4793021871258,2898.6480594873096,741.6484262915853,1767.6740440496362,3139.674343038777,509.4545514738668,2178.314967147444,2836.5208649164374,0.0500000000001819,sil,V
DCB_se2_ag1_f_01_1,18123,IH0,6875,even,498.5509392465975,1834.350334184325,2893.6766441727273,500.4032944415296,1692.0593429667813,2764.24477079764,491.6269361390619,1914.7433125419402,2965.2853010243016,0.029999999999972715,V,N
DCB_se2_ag1_f_01_1,18126,OW1,6876,though,730.1831471395049,1371.4657240008914,3165.3925310414274,955.6841569983326,1590.8459507049997,3130.8242438740344,624.1519412444139,1781.683880302564,3433.1115339592466,0.05999999999994543,DH,AY1
DCB_se2_ag1_f_01_1,18127,AY1,6877,i,1006.4496658276245,1861.6437589731202,2798.2479056059074,1031.6726161960094,1731.6216100785446,2843.1597419733703,723.5536388175478,1954.438262399821,3078.3116172929035,0.07000000000016371,OW1,D
DCB_se2_ag1_f_01_1,18129,IH1,6878,didn't,540.2335698922901,2462.6557090005995,3387.8591533694917,589.9047024403403,2477.3171325801977,3025.7442652576283,546.3327056873528,2505.0095916485875,3550.6375035684405,0.09999999999990905,D,N
DCB_se2_ag1_f_01_1,18133,UW1,6879,do,516.257746694464,1379.2465244749287,3005.8206511318135,519.2665142128716,1374.6966657977853,2999.4014621613933,478.8644847555716,2098.394609813514,2722.9385144639227,0.07999999999992724,D,DH
DCB_se2_ag1_f_01_1,18135,AE1,6880,that,644.7340305754531,2044.2724873715447,3170.9578957780236,757.3821470608461,1962.679464866025,3087.677289942919,641.9558727564524,2049.46422397824,3158.748865959086,0.03999999999996362,DH,T
DCB_se2_ag1_f_01_1,18138,EH1,6881,well,594.8107396282039,1410.9929220792574,2880.434376914146,595.2595556117403,1418.7144816881193,2872.6226426076632,592.5757569602897,1434.3581546002792,2863.0072480016447,0.03999999999996362,W,L
DCB_se2_ag1_f_01_1,18141,AY1,6882,my,840.608989565774,1612.379793337655,2724.990100219695,865.1889735311034,1618.6948688662912,1708.4960791623666,688.1275630244844,1890.3023840751318,3152.0368611458603,0.10000000000013642,M,T
DCB_se2_ag1_f_01_1,18143,EH1,6883,tenth,685.1146954433788,1988.6221959305453,2728.5311307779334,688.107087765464,1950.4134877745223,2203.340539733608,684.2330266281327,1985.586950793543,2787.465336784319,0.03999999999996362,T,N
DCB_se2_ag1_f_01_1,18148,EY1,6884,grade,584.5389865271535,1848.5627944533421,2543.044905306248,590.2470259168847,2153.3713040296443,2550.1157108293655,588.8777916541655,2408.909645966429,2527.6567014001157,0.05999999999994543,R,D
DCB_se2_ag1_f_01_1,18151,IH1,6885,year,475.2426507338646,1173.22588950153,2626.860358416867,594.3149902498625,2046.584227412305,2572.955795489944,442.5808526159014,2621.489486390763,2997.0062865149075,0.08999999999991815,Y,R
DCB_se2_ag1_f_01_1,18154,AH1,6886,but,650.9478496759948,1408.683312614039,2550.806042737978,814.1806201485583,1701.8621355047314,2641.7321962121955,814.1806201485583,1701.8621355047314,2641.7321962121955,0.029999999999972715,B,T
DCB_se2_ag1_f_01_1,18156,AY1,6887,i,891.7974863563489,1889.6455562174356,2607.0185279736697,922.7909354201009,1803.4654087196354,2577.9591292442356,711.3052933258654,1992.3927887572222,2914.765703178148,0.05999999999994543,T,D
DCB_se2_ag1_f_01_1,18158,IH1,6888,didn't,633.1585589690242,2252.8142556963203,3294.158661675801,633.2005977909733,2272.4093987524234,3354.0009348351364,633.0016276280054,2295.724117204299,3457.9630461586153,0.040000000000190994,D,N
DCB_se2_ag1_f_01_1,18162,UW1,6889,do,475.0109272847794,1939.305225895416,3013.846643366976,519.8102060968307,1796.7033277420605,2972.3152950574613,493.56073196828885,2063.3245745075883,3305.7541537447714,0.03999999999996362,D,DH
DCB_se2_ag1_f_01_1,18164,AE1,6890,that,624.9959675281544,1903.0785641686507,3070.6429560537736,624.9966956639325,1903.0793284202207,3070.6529342924746,625.0717731394872,1903.1581297650805,3071.681782200681,0.029999999999972715,DH,T
DCB_se2_ag1_f_01_1,18167,EH1,6891,well,556.0196464485132,1205.4894744421222,2892.2635414135957,579.9539589646356,1188.6694077413754,2961.803015134696,571.4892823676616,1220.7801510512484,2396.6670111196345,0.029999999999972715,W,L
DCB_se2_ag1_f_01_1,18170,AY1,6892,my,777.8801607836049,1859.6735830085722,2820.451556820283,856.4826630379993,1796.811352879432,2905.0828842157516,713.5323586337694,1922.1990514866682,2970.109950279592,0.07999999999992724,M,T
DCB_se2_ag1_f_01_1,18172,EH1,6893,tenth,661.8456225533838,1913.7311351965607,3235.3816304634547,661.4383537778082,1875.3903192340742,3200.581800671978,636.115962765729,1964.2710850721382,3146.2734778102363,0.03999999999996362,T,N
DCB_se2_ag1_f_01_1,18177,EY1,6894,grade,512.6103777571675,1484.110271107305,2582.9903598762403,581.4870473198386,1698.1133424391464,2497.064188204471,402.5531197126639,2469.418640114653,2729.9964036768624,0.049999999999954525,R,D
DCB_se2_ag1_f_01_1,18180,IH1,6895,year,467.0220650234561,2561.2081244316796,3127.097240626587,500.20166263897454,2462.6634589146156,3195.160129677848,490.5458358063806,2800.0236033461083,3375.3173726623795,0.029999999999972715,Y,R
DCB_se2_ag1_f_01_1,18183,IH0,6896,because,557.6902084436273,2736.098202297927,3283.3262166881186,557.9759622128753,2833.2100958412925,3163.1676875135754,558.1475381259875,2891.519254291228,3091.020574929256,0.06999999999993634,B,K
DCB_se2_ag1_f_01_1,18185,AH1,6896,because,647.706123508885,1783.819964343778,3316.3848157597495,678.1055586816236,1742.661311553092,3364.2211265178144,655.4161338743708,2013.13111304541,3186.0099209847217,0.06999999999993634,K,Z
DCB_se2_ag1_f_01_1,18187,AY1,6897,i,921.7508971199045,1662.717099865364,2446.993252329077,954.1344103674647,1690.4281340160449,2572.655330956797,791.7831231347039,1768.20466263166,2824.5389279328683,0.09999999999990905,Z,L
DCB_se2_ag1_f_01_1,18189,AO1,6898,lost,626.474945449465,1095.4038436336357,3087.3926948837243,628.7315817684239,1117.507244995725,2937.9718980033117,627.2474093907327,1287.072955807872,3481.4042188609883,0.08999999999991815,L,S
DCB_se2_ag1_f_01_1,18193,AE1,6899,that,678.9998611738924,2053.8221468066195,3376.0610881657535,678.9586146294953,2053.6616846881343,3373.776781327695,679.6397663663225,2056.3115806321125,3411.5001735034352,0.07999999999992724,DH,T
DCB_se2_ag1_f_01_1,18196,AE1,6900,passion,639.4463837252432,2145.107414652358,3051.1587843242173,675.8954310586385,1427.7554507587893,2215.773825336319,632.7287997360463,2283.0346225050403,3191.2424798907296,0.12000000000011823,P,SH
DCB_se2_ag1_f_01_1,18198,AH0,6900,passion,528.4378389448788,2141.604648650585,3039.494859580055,591.6935325818538,2065.027828428292,3301.7224519432248,569.9425397376906,2366.619681403711,2678.9977008362766,0.049999999999954525,SH,N
DCB_se2_ag1_f_01_1,18202,AO1,6902,for,572.9238219580784,942.2786216860982,2417.0797026115865,583.0057022454408,943.0380281125299,3040.6011249121757,577.929520645955,962.6414970049781,3434.802193429196,0.029999999999972715,F,R
DCB_se2_ag1_f_01_1,18205,AY1,6903,my,850.8224026087586,2019.0794717079145,3073.236265675069,906.0732197836884,2051.530543631896,3011.7297581687158,844.144526984023,2119.3715712154185,3215.9398829112333,0.10000000000013642,M,EH2
DCB_se2_ag1_f_01_1,18206,EH2,6904,education,732.4099262253371,966.4411618247755,2218.786439162591,829.5969543634354,1763.4905900418885,2716.8562952869297,604.4360823497352,2173.086385523871,3220.576999029418,0.10999999999989996,AY1,JH
DCB_se2_ag1_f_01_1,18208,AH0,6904,education,439.57150209916574,2194.1718283683244,3097.112262486394,513.5770417836885,2131.7018678649247,3025.0088975494314,453.5384598096385,2202.6283828210594,3085.190044249566,0.05999999999994543,JH,K
DCB_se2_ag1_f_01_1,18210,EY1,6904,education,472.87614911213916,2625.083752548427,2883.7124502906236,617.0707691208628,2524.2807055688604,2870.4904123114925,470.86531760996866,2697.804935025653,2746.737861374724,0.12000000000011823,K,SH
DCB_se2_ag1_f_01_1,18212,AH0,6904,education,561.6312927625733,2013.9446432719365,2944.3220172627125,855.893326441213,2249.7446631421917,3116.893362031578,855.893326441213,2249.7446631421917,3116.893362031578,0.03999999999996362,SH,N
DCB_se2_ag1_f_01_1,18217,EY1,6906,basically,486.83705636320116,2608.44451065835,3313.266797855176,563.9758423084327,2209.274057827018,2732.374597766619,484.8844645295542,2582.8153575925717,3316.4437363753127,0.08999999999991815,B,S
DCB_se2_ag1_f_01_1,18219,IH0,6906,basically,448.9665505014633,2074.2098778454856,3195.681157360311,507.45076514950154,1980.6062545534191,3093.8826310339223,484.42566147803205,2122.795071760098,2796.833561013815,0.049999999999954525,S,K
DCB_se2_ag1_f_01_1,18222,IY0,6906,basically,442.28157394639953,1800.4390349818025,2914.8565644318546,891.6418790773328,2036.6677189820698,2983.1903421643597,503.7845770300475,2490.1155342862166,3137.216926392651,0.11000000000012733,L,
DCB_se2_ag1_f_01_1,18224,AY1,6908,i,1036.5879495928552,1771.109444893095,2494.8474647121398,1166.0600676984366,2126.9618798302754,2888.723025995743,1138.9871774724688,2113.606091646725,2895.9877496579315,0.14999999999986358,,SH
DCB_se2_ag1_f_01_1,18226,OW1,6909,showed,531.9969215670955,1151.9972602379635,3258.3358181310737,684.2021031744991,1457.6451675914375,3280.7603286808326,661.1153578091041,1594.6453431020698,3342.841448211204,0.11999999999989086,SH,D
DCB_se2_ag1_f_01_1,18229,AE1,6910,that,638.2761437019271,1890.6997356168947,3282.2274669056646,792.4630952890255,1840.2616866878516,3001.185887629181,633.1791262224062,1894.8438544716032,3260.7293328566197,0.03999999999996362,DH,T
DCB_se2_ag1_f_01_1,18231,AY1,6911,i,974.6898946776769,1745.8007760765645,2508.451633914759,1006.0730558330657,1705.3021854329538,2516.6163139279724,822.8814870615639,1888.9626302671056,2721.276643428337,0.08999999999991815,T,K
DCB_se2_ag1_f_01_1,18233,AH0,6912,can,608.7072853506936,1708.3857339191009,2657.657116987249,791.1682366149872,1869.2957143068481,2549.6722664209956,614.51909760162,2380.7045782608716,2647.7963647344727,0.0500000000001819,K,N
DCB_se2_ag1_f_01_1,18236,UW1,6913,do,494.5174404006826,872.7251691168676,3102.3008061869627,687.2568667368064,1784.3875103275966,3490.9917258796295,617.4708607691557,1788.379901736137,3289.48793057868,0.13000000000010914,D,IH0
DCB_se2_ag1_f_01_1,18237,IH0,6914,it,569.6152981882697,1220.2956608998452,3092.6695717387065,587.3085033901849,1171.8043214490208,2968.111595516726,567.4414051774334,1220.7721026065801,3114.7924517761353,0.049999999999954525,UW1,T
DCB_se2_ag1_f_01_1,18240,AY1,6915,my,822.7505980928634,1651.0487768004175,2650.328275438669,885.7702983165228,1336.7250210444247,2088.3050510943617,808.6433749792564,1659.4220605411563,2623.532140989889,0.049999999999954525,M,N
DCB_se2_ag1_f_01_1,18242,AY1,6916,ninth,770.349192180665,2029.696275247646,2854.7108990764295,797.0305678508935,1546.302109842617,1915.2388927211755,681.7411847898533,2101.9789587652976,2317.518797387654,0.07999999999992724,N,N
DCB_se2_ag1_f_01_1,18247,EY1,6917,grade,585.409378947249,1794.2810148261851,2424.3459509891013,590.1643513881334,1807.19826737805,2312.223657519077,587.35772785174,1847.7678680632064,2367.107312493628,0.040000000000190994,R,D
DCB_se2_ag1_f_01_1,18250,IH1,6918,year,530.6257559876996,2206.625010859404,3403.2581105220816,650.1177283969103,1137.9454517712284,2590.437205855419,499.5401677464176,2676.6587616857273,3365.852488484775,0.029999999999972715,Y,R
DCB_se2_ag1_f_01_1,18252,AY1,6919,i,787.5693312752069,1977.559258245402,2643.6248600138265,892.1402982945017,1694.1398930883172,2539.7062828985086,683.0868389735584,2226.3083329007573,2879.1245676751237,0.12000000000011823,R,EH1
DCB_se2_ag1_f_01_1,18253,EH1,6920,ended,579.4204590749612,2520.516437167346,3571.317015959898,697.9848402068934,2416.8943421257763,2764.9143809230304,606.9877577885301,2599.820099197239,3605.1916538179544,0.08999999999991815,AY1,N
DCB_se2_ag1_f_01_1,18256,IH0,6920,ended,454.3254669237886,2171.3913278187015,3200.9099905194907,478.4966287998674,2166.64735076584,3140.4045491295237,459.15841424221685,2173.8538340253613,3193.21002213428,0.03000000000020009,D,D
DCB_se2_ag1_f_01_1,18260,UW1,6921,school,520.2830539865872,1296.518150840659,3145.6894471085334,529.3097499624752,1301.3972998393274,3036.3297849474643,490.26663869979967,1391.735229183349,2970.856287805491,0.029999999999972715,K,L
DCB_se2_ag1_f_01_1,18263,IH0,6922,with,522.5173404572754,1295.3239317903622,2135.0678998856642,544.9115443791818,1610.3951251833557,3126.0412699023386,522.4004374995023,1657.1063353694287,2648.6950404755885,0.029999999999972715,W,DH
DCB_se2_ag1_f_01_1,18265,AH0,6923,a,461.11544258972214,1830.8927322506456,3010.6558866367695,494.47384560235184,1796.9208560824409,3061.7667929936006,414.0287564516064,1893.72018865579,2939.9894875246405,0.06999999999993634,DH,sp
DCB_se2_ag1_f_01_1,18269,IY1,6925,three,526.333619318672,1952.2259883478157,2539.756824170047,539.8622833657171,1784.852454035012,2450.16321400602,499.3537440628519,2110.989053596484,2367.5459841525503,0.05999999999994543,R,P
DCB_se2_ag1_f_01_1,18271,OY1,6926,point,675.3141124169426,1047.470174554302,1800.257072508106,686.978145860147,910.1009159712902,2012.6667537953529,627.3213217566474,1656.6069922132165,3320.736379751739,0.06999999999993634,P,N
DCB_se2_ag1_f_01_1,18276,UW1,6928,two,464.43820166901605,1257.1494390532196,2995.3105470166274,561.4794599504525,1447.9924667890991,2999.0544896346423,533.5836827479663,1824.269997063461,2956.7692814548222,0.19000000000005457,T,
DCB_se2_ag1_f_01_1,18279,AY1,6930,my,722.555175229144,1834.4217366023452,2663.866681055092,809.1033306263027,2155.6048345902846,2733.298637742581,810.3395564758903,2160.2518910649233,2729.033118357007,0.08000000000015461,M,T
DCB_se2_ag1_f_01_1,18281,EH1,6931,tenth,563.448657447583,2026.8565619120607,2954.733726953509,607.2414438124163,1812.98193411287,3018.172834309055,541.0899113974235,2237.2585039026694,3453.7779126179007,0.03999999999996362,T,N
DCB_se2_ag1_f_01_1,18286,EY1,6932,grade,561.9935522585387,1462.8406926307503,2502.0379541420193,609.6795172476554,1899.4294556811417,2555.4784115460225,405.9115332512815,1930.7241084285374,2638.878334021239,0.05999999999994543,R,D
DCB_se2_ag1_f_01_1,18289,IH1,6933,year,511.6977970832448,2566.934201551997,3256.768573837775,568.9029264978616,2519.632042861766,3172.680896060556,458.5384862289867,2669.650739487183,3154.9271560124603,0.029999999999972715,Y,R
DCB_se2_ag1_f_01_1,18291,AY1,6934,i,984.7785332643869,1580.0859136747383,2436.6243185935805,993.3288034768448,1585.8156380819041,2420.8601439313984,849.5667103221041,1846.8665385067698,2511.2574740732994,0.09999999999990905,R,M
DCB_se2_ag1_f_01_1,18293,EH1,6935,messed,773.0489280510284,2120.4449061246387,3255.6499463917403,776.5959920972497,1936.728820993705,3160.6501732625065,770.0802966263101,2138.6692274845946,3173.7802703685484,0.11999999999989086,M,S
DCB_se2_ag1_f_01_1,18296,AH1,6936,up,768.5674559480666,1683.287240393372,3377.8137768166694,811.8487128648603,1707.2519241390094,3460.2448294505184,717.2837843021412,1831.2181104796355,3296.8450390882326,0.14000000000010004,T,P
DCB_se2_ag1_f_01_1,18299,AE1,6938,and,617.7150459298388,2026.812390935756,2886.2713464073167,863.9618259065174,1695.5141918468348,3126.706366836488,647.4165334598629,2217.7263788099226,3014.8363000716063,0.09000000000014552,sp,N
DCB_se2_ag1_f_01_1,18301,AY1,6939,i,782.2426389394733,1898.914132207049,2709.668711969191,854.9941446345731,1840.1960670373398,2161.528732737557,746.0425287138909,1922.5181986426298,2807.8725915017367,0.07999999999992724,N,TH
DCB_se2_ag1_f_01_1,18303,IH1,6940,think,537.1689801070012,2157.8863069007175,3111.989980053549,694.1496023782419,1940.132092332745,2890.874186926241,523.3353534681323,2343.0633821993197,2875.0206958418316,0.029999999999972715,TH,NG
DCB_se2_ag1_f_01_1,18307,AE1,6941,that,661.681241883708,1923.040399373683,2995.4842461079525,675.4712202209125,1725.5816906516454,2971.5819173789796,654.415029840096,2062.226920465551,3063.654163013678,0.029999999999972715,DH,T
DCB_se2_ag1_f_01_1,18310,AH0,6942,was,523.8848169169372,1387.35019468342,3235.6129279679963,559.6770748254964,1355.6033131430393,3186.306302490031,453.8323065539542,1509.4820172849181,3118.4655013344395,0.03999999999996362,W,Z
DCB_se2_ag1_f_01_1,18313,AY1,6943,kind,904.6103624979679,1760.6407748568051,2389.9352265777916,918.227384627647,1736.4132980143988,2355.4136916674533,846.7986161830911,1879.7992906480354,2402.9515452000046,0.08000000000015461,K,N
DCB_se2_ag1_f_01_1,18316,AH1,6944,of,739.7215830484296,1567.031679934925,2702.9467228320527,741.6599260603002,1562.6742033607864,2720.2945091512297,734.2665918908847,1562.1072025872732,2691.679202806318,0.03999999999996362,D,V
DCB_se2_ag1_f_01_1,18318,AO1,6945,also,616.1869939618925,1010.4112632889562,3286.8208660047985,682.8091576188816,1124.7884913622386,2844.292668503554,659.5060713089,1264.71522013202,3010.235035321622,0.06999999999993634,V,L
DCB_se2_ag1_f_01_1,18321,OW0,6945,also,553.2712270698057,1247.7898964431033,3297.4589139459895,577.9385924331452,1322.2466547693348,3198.338373234942,567.4251883240922,1377.6267323636412,3211.045129168478,0.03999999999996362,S,G
DCB_se2_ag1_f_01_1,18323,IH1,6946,giving,496.7447437435696,1932.6044399236644,3247.50256053705,534.0735563687101,1795.3736244778097,3288.7074088534673,470.64520564293275,2167.6081608198187,3026.8978449581423,0.040000000000190994,G,V
DCB_se2_ag1_f_01_1,18325,IH0,6946,giving,594.7699461448559,1521.4465940465755,2250.9240983376685,611.66854314364,1544.7107310726085,2128.843696525718,535.2517101175471,1585.65867723328,1905.419429628504,0.029999999999972715,V,NG
DCB_se2_ag1_f_01_1,18328,AY1,6947,my,767.2739918184714,1480.991609313337,1746.4903591475615,800.6488781252219,1512.583636578068,2179.1494052149255,800.8927831540453,1512.8715758323576,2191.7916616213297,0.03999999999996362,M,M
DCB_se2_ag1_f_01_1,18330,AH1,6948,mother,788.4258811082135,1737.037886886268,3268.6311456698877,789.7565747991704,1719.8092419205439,3273.49983826088,766.4449011163092,1807.3260362841527,3233.112599348216,0.049999999999954525,M,DH
DCB_se2_ag1_f_01_1,18332,ER0,6948,mother,573.5487107275684,1936.3065669418352,3249.349153936617,602.1923194585003,1889.6275548561146,3253.126591141592,573.0433874097735,1936.4221676509817,3248.5425956459617,0.06999999999993634,DH,DH
DCB_se2_ag1_f_01_1,18334,AH0,6949,the,752.0647372921088,2261.333449484163,3345.4396915320317,802.4012874922682,2271.8964736700773,3236.352973330425,668.4444365297397,2247.4537655665845,3354.7812332521926,0.13999999999987267,DH,EH1
DCB_se2_ag1_f_01_1,18335,EH1,6950,extra,703.7849941212344,1534.9190550043545,2488.3294614844303,734.4386738007204,1764.3252357405222,2580.963967535671,724.6420235976395,2218.624302277465,2693.6394907063873,0.06999999999993634,AH0,K
DCB_se2_ag1_f_01_1,18340,AH0,6950,extra,501.0448719702102,1529.5885155521757,2912.891527054535,544.5196127453756,1779.3201184799207,3030.8234196371272,544.5196127453756,1779.3201184799207,3030.8234196371272,0.049999999999954525,R,P
DCB_se2_ag1_f_01_1,18342,UH1,6951,push,670.8423454481324,1594.9500613406083,3035.907810843096,826.9031879550657,1178.4758699943077,2746.950391958615,622.3122814545941,1931.258462806448,3211.756796996934,0.09999999999990905,P,SH
DCB_se2_ag1_f_01_1,18345,IH0,6952,to,536.7059188173116,2005.1113615988384,3131.1331658835643,693.1530932887858,2213.9195438248653,3697.4361810041664,693.1530932887858,2213.9195438248653,3697.4361810041664,0.05999999999994543,T,S
DCB_se2_ag1_f_01_1,18347,EY1,6953,say,577.5501697383444,2378.947817320119,2677.7606974286364,702.3481329003647,1961.5721315674566,2911.3119043379224,610.4838527663388,2390.336641008448,2989.283737910607,0.17000000000007276,S,
DCB_se2_ag1_f_01_1,18350,AY1,6956,i'm,843.7690616209504,1554.790624880425,2228.695449516059,869.9060060344658,1604.804310497995,2193.4864657334333,854.7575423534696,1622.3275759934854,1849.9950114589706,0.03999999999996362,M,M
DCB_se2_ag1_f_01_1,18353,EY1,6957,taking,621.8546207141366,2483.0719151770095,3168.8628433052313,658.4887567097496,2262.7951777071044,3271.6980827264633,626.7990639337202,2493.054249484628,3181.105837305729,0.049999999999954525,T,K
DCB_se2_ag1_f_01_1,18355,IH0,6957,taking,648.8558697122589,1092.175587662612,2475.6829269019895,689.3277365233272,1543.2881872669736,2676.460635363819,565.8248988611543,2583.3317242894163,3359.5342582117414,0.06999999999993634,K,NG
DCB_se2_ag1_f_01_1,18358,ER1,6958,her,827.0963726824876,1477.8962775377956,1866.2938336258928,1019.8602491489876,1675.7831225686966,2146.2439597319985,994.8844929323737,1747.344345454857,2556.7417106167654,0.11999999999989086,HH,AW1
DCB_se2_ag1_f_01_1,18359,AW1,6959,out,916.4809331053544,1859.4127626856002,2658.329615192067,994.8844929323737,1747.344345454857,2556.7417106167654,901.3498563075212,1939.3725136090413,2825.937011494344,0.049999999999954525,ER1,T
DCB_se2_ag1_f_01_1,18361,AH0,6960,of,537.1584014983,1916.7720920539628,3368.341904752206,685.7104563754776,1920.9354075768322,3107.225220123779,503.2468683611564,1970.162592821827,3415.480570530027,0.03999999999996362,T,V
DCB_se2_ag1_f_01_1,18364,IH0,6961,this,519.6035415711277,2208.1229139697843,3358.707912570569,527.855243830442,2225.5112075951142,3380.3376254708664,525.9487405972503,2225.4977275373426,3382.25939063254,0.07999999999992724,DH,S
DCB_se2_ag1_f_01_1,18368,UW1,6962,school,524.9585004055365,1010.6807402309743,2850.766121344537,538.9832638175332,1241.440379476607,2629.312352676703,538.9832638175332,1241.440379476607,2629.312352676703,0.049999999999954525,K,L
DCB_se2_ag1_f_01_1,18372,IH0,6964,because,572.3460186451996,2708.0309485859734,3064.034877256853,727.9459756258912,2392.8130901380023,2674.0717355169386,569.1872649567977,2687.0447806239067,3059.1793644235936,0.05999999999994543,B,K
DCB_se2_ag1_f_01_1,18374,AH1,6964,because,630.8010175392726,1843.123257785537,3318.0508206292225,647.0549443663875,1813.7191130338456,2994.926136961126,534.2391031004523,1966.4504279453658,3167.465443911412,0.09999999999990905,K,Z
DCB_se2_ag1_f_01_1,18376,AY1,6965,i,849.9753521337304,1563.689154289146,2076.77782225695,853.7508646385893,1554.3663330193485,2105.8384938253707,818.5492556728412,1741.4795894055028,2112.180666678207,0.09000000000014552,Z,W
DCB_se2_ag1_f_01_1,18378,AH1,6966,wasn't,649.1687442960025,1551.4850190635104,3128.582544966752,648.8698467397843,1523.6246603945615,3125.005617739477,592.6209885823632,1674.159776999635,3172.7426349458337,0.049999999999954525,W,Z
DCB_se2_ag1_f_01_1,18380,AH0,6966,wasn't,484.42131498859146,1845.7680878343795,3067.4427129893934,570.1802502128155,1863.8659501129137,2983.7818079680173,459.2414309955018,1887.5625363944953,3105.7725762413,0.03999999999996362,Z,N
DCB_se2_ag1_f_01_1,18384,UW1,6967,doing,518.4752525805038,991.7226222813765,2397.2272303705945,720.4634630990055,1138.3442482153198,1832.1866107684662,605.4607939493415,1691.1401113841819,2629.8069844423926,0.12000000000011823,D,IH0
DCB_se2_ag1_f_01_1,18385,IH0,6967,doing,662.3666479372382,1012.2141051680453,1853.5150987912211,682.7030152240189,1022.2119656620065,1884.6277536725354,665.7245530443448,1057.7708491587991,1893.9430937310192,0.029999999999972715,UW1,NG
DCB_se2_ag1_f_01_1,18388,AY1,6968,my,796.1357206867325,1357.9676701689214,2514.1637589677284,882.9828638220049,1464.5095843305473,2745.525828513352,732.3632148065749,1693.0324116817528,2613.7590798526157,0.12999999999988177,M,B
DCB_se2_ag1_f_01_1,18390,EH1,6969,best,754.8029860406433,1164.5164055936427,2122.50710495844,828.6843416312737,1991.7148296451828,3302.459526281524,789.2804161658502,2153.477028266521,3411.9012641380714,0.1799999999998363,B,S
DCB_se2_ag1_f_01_1,18396,EH1,6971,there,553.9507387216506,2608.0323101487115,3071.520408483735,571.7096961004112,2484.1008114061606,3087.0281945121983,547.5872072923426,2699.628274553478,3001.3838461865366,0.11999999999989086,DH,R
DCB_se2_ag1_f_01_1,18400,UW1,6973,too,527.1696163164618,1089.7091410900996,3158.67767613945,687.964770797845,1664.4931007670104,3378.319104859717,541.9228984108864,2001.4255019579111,3217.7656833178507,0.19000000000005457,T,S
DCB_se2_ag1_f_01_1,18402,OW1,6974,so,596.2682278509153,1255.537730864481,2983.178686479924,637.1740008506625,1557.2187473139907,3061.7514848851274,600.3243768584992,1671.1645001407474,3113.979774553789,0.20000000000004547,S,sp
DCB_se2_ag1_f_01_1,18404,AY1,6976,i,885.4666165906868,1992.522494282111,2955.040606689426,1007.772315444301,1765.7099658891862,2866.1344480235375,869.0028048182835,2239.769218196023,3849.4100339973734,0.2300000000000182,sp,
DCB_se2_ag1_f_01_1,18408,AE1,6978,yeah,718.9461265508577,1963.6234320604412,2811.9035280019266,926.6042765179727,1855.1465193062454,3143.28800630415,645.3966375416202,2277.840049730438,3628.4258505477615,0.06999999999993634,Y,AY1
DCB_se2_ag1_f_01_1,18409,AY1,6979,i,893.2236360701679,1885.9698156867278,2914.0321471303346,1001.8985136449772,1919.8946513528142,3031.1080985247836,948.0234321103649,2047.414518813484,3106.3833613499096,0.21000000000003638,AE1,
DCB_se2_ag1_f_01_1,18412,AY1,6981,i,800.9397852349921,2008.6023816736051,2957.669781344851,852.1822861239144,1987.9442121694403,2228.8582229206104,702.1185782026492,2087.468451536333,3015.7135855412853,0.09999999999990905,sil,F
DCB_se2_ag1_f_01_1,18414,EH1,6982,felt,813.1572262662582,1582.6448879982709,3167.815827587029,892.2542832133071,1585.352149850148,3204.585587338248,812.5414970930821,2168.7916142483446,3165.907631320399,0.060000000000172804,F,L
DCB_se2_ag1_f_01_1,18418,AE1,6983,that,761.5488120522822,1779.8586263959985,3336.3489083979252,781.7187245736634,1686.2883758061746,3388.132852378075,709.3715584404671,1901.5164012091375,3349.6836629522045,0.029999999999972715,DH,T
DCB_se2_ag1_f_01_1,18421,AY1,6984,like,631.8464308861645,1869.7279484065637,3278.011025659498,704.4636492586449,1878.8988541297279,3298.822636107645,681.7431910762897,1910.680216339663,3200.796496795933,0.029999999999972715,L,K
DCB_se2_ag1_f_01_1,18424,AE1,6985,that,722.2786973354785,2055.1093518419643,3245.372293729145,755.2003687316018,1971.1369651285786,3233.806616701163,706.6264039019399,2123.848854798055,3269.672333962438,0.03999999999996362,DH,T
DCB_se2_ag1_f_01_1,18428,AH1,6987,what,540.0811612026165,1374.9853934085058,3125.729350030937,546.299812854635,1277.1989108329865,3105.849538075304,538.1459654765782,1450.1078016976487,3197.488861942167,0.029999999999972715,W,T
DCB_se2_ag1_f_01_1,18430,IH0,6988,it,535.1698502658628,1546.5677169710766,3184.0729521300063,546.2220375781664,1777.006667259263,3176.1271508570485,546.0003394751403,1779.575776909331,3176.9118049840263,0.029999999999972715,T,T
DCB_se2_ag1_f_01_1,18433,AO1,6989,was,724.682342191004,1454.9158084416624,3707.7158186325237,747.5242059488018,1444.1450251217398,3649.362300304344,639.365439628145,1544.4243440503212,3533.0906738809877,0.19000000000005457,W,Z
DCB_se2_ag1_f_01_1,18436,AE1,6991,and,666.5558661550833,2075.4971057254006,3148.621414058051,667.6533056424005,2073.1069519870643,3170.618661211772,610.2079341393519,2180.2141441765425,3199.10989446804,0.10000000000013642,sp,N
DCB_se2_ag1_f_01_1,18438,AY1,6992,i,825.0242658994814,1666.0117895570384,2642.684212646713,950.6622446702091,1443.8547952788833,2606.7913014273563,840.2625139241475,1673.4466066176974,2433.088062420351,0.08000000000015461,N,TH
DCB_se2_ag1_f_01_1,18440,IH1,6993,think,548.2575561039843,2299.660556263013,2430.6371878043033,627.3668020855673,1755.0659239771637,3401.4214990406294,539.4666974118645,2432.5149404627277,3814.3179030459455,0.03999999999996362,TH,NG
DCB_se2_ag1_f_01_1,18444,AE1,6994,that,702.7724726814515,1985.2701471949658,3123.8834766628606,756.5630862799577,1943.5058016416642,3048.2850539438487,706.4407376163298,1983.5760153053059,3136.3600773328553,0.07999999999992724,DH,T
DCB_se2_ag1_f_01_1,18448,AY1,6996,my,694.6630375620698,1099.5527985408664,2517.1342461599324,795.3095640604697,928.3267576853756,2522.4100511237666,695.6060342372557,1108.5015202437403,2496.5132043957283,0.029999999999972715,M,M
DCB_se2_ag1_f_01_1,18450,AA1,6997,mom,796.9875668335862,1219.0862691384,2593.375775226591,855.4487654657801,1276.2920111129788,2398.9837001152437,853.3297661051384,1282.9502950743904,2351.2155609601364,0.09999999999990905,M,M
DCB_se2_ag1_f_01_1,18453,AH0,6998,was,585.4870053918596,1407.31436301102,3377.3094184694633,619.518586773823,1394.8613474419876,3482.9311912363946,518.07327720361,1435.0290922267966,3257.9000185008204,0.029999999999972715,W,Z
DCB_se2_ag1_f_01_1,18456,AY1,6999,like,655.6782825332727,2023.3927015838187,3229.164669631272,660.1698905050029,1920.1442766985274,3216.7256871406253,619.8889024764063,2181.1638513087055,3187.240495789316,0.029999999999972715,L,K
DCB_se2_ag1_f_01_1,18459,OW1,7001,oh,658.7709830236537,1186.230207508891,3327.5284271537257,724.0694071681747,1532.5537285016812,2446.707737854191,710.7183783424737,1996.6668861911282,3150.444544059994,0.15000000000009095,sp,IH0
DCB_se2_ag1_f_01_1,18460,IH0,7002,it,514.5666188066746,1178.1641305478981,3202.6807115438455,545.633589538809,1234.091591426565,3116.996697842092,526.8797019176506,1455.9905226821788,3259.627159155433,0.049999999999954525,OW1,T
DCB_se2_ag1_f_01_1,18464,IH0,7004,because,526.3351380894093,2783.5139138066147,3255.798172410045,573.161177143711,2831.347029686054,3171.0555920060247,573.7420111031097,2837.973406627501,3137.25562762343,0.07999999999992724,B,K
DCB_se2_ag1_f_01_1,18466,AH1,7004,because,734.746771726177,1603.98514161743,3324.5702685682063,741.955003432481,1570.681318198366,3257.8414209505872,707.7875731790804,1669.5447669679302,3437.7119914612576,0.08000000000015461,K,Z
DCB_se2_ag1_f_01_1,18469,UW1,7005,you,524.5505318892,1363.8694362879933,2654.204754529664,569.8732728434554,2310.7375732054484,3508.329141048783,569.8732728434554,2310.7375732054484,3508.329141048783,0.060000000000172804,Y,W
DCB_se2_ag1_f_01_1,18471,ER0,7006,were,541.4600562276275,1675.9552414348004,2740.904470600576,606.3338555473741,1322.9958158776628,2266.6115802223835,489.02502800922366,1842.237253787521,2929.3937127726763,0.049999999999954525,W,CH
DCB_se2_ag1_f_01_1,18473,IH1,7007,cheering,511.79332435288717,1886.163389504982,2480.8667626603446,551.4387934441844,989.40845769923,2671.6297123129393,549.7487446390535,2840.466659813693,3709.3737231193572,0.18000000000006366,CH,R
DCB_se2_ag1_f_01_1,18475,IH0,7007,cheering,659.046408700037,2247.13462813525,2811.376883630688,667.9988460116464,1273.1332070557921,2494.218089547101,662.0262436947145,2283.625218352015,2796.2434128017208,0.049999999999954525,R,NG
DCB_se2_ag1_f_01_1,18477,AE1,7008,and,597.4664490696919,2589.6608332746487,3709.6419805978016,598.1938343936989,2593.1894059745277,3675.5058822659175,581.1776534549157,2617.6232444152233,3427.8727977473873,0.029999999999972715,NG,N
DCB_se2_ag1_f_01_1,18481,UW1,7010,you,524.3868753420197,1984.660042468577,3016.644279269073,566.7683725097962,2614.7945409089807,3673.548331578533,548.7529698142305,2711.6703248208314,3093.043615301068,0.07000000000016371,Y,W
DCB_se2_ag1_f_01_1,18483,ER0,7011,were,580.9520323677417,1284.7513763636493,2594.845711236795,635.9895685725766,1351.1037919309802,2637.4644646406,572.3882356566971,1428.5475211301757,2842.32130455269,0.05999999999994543,W,P
DCB_se2_ag1_f_01_1,18486,EY1,7012,playing,691.9370097672036,1959.7045381205296,3404.0979516339535,731.3561282153997,1836.8188523056513,3452.7932257293555,659.8585470416884,2031.9191111221633,2878.2597322861775,0.06999999999993634,L,IH0
DCB_se2_ag1_f_01_1,18487,IH0,7012,playing,662.7236411877326,1889.2012997517843,3424.583210727425,672.6971035617535,1831.5441853241166,3234.7605455675975,652.1526450707263,1979.3402743208342,3436.2046615074305,0.029999999999972715,EY1,NG
DCB_se2_ag1_f_01_1,18490,AO1,7014,all,682.9957940633545,1033.2667256899808,3493.4130765711557,793.2574065505906,1278.4694905247377,3354.403410893378,778.3106294080161,1446.3367003607577,3459.9389512264765,0.14000000000010004,sp,L
DCB_se2_ag1_f_01_1,18493,IY1,7015,these,555.1802807509762,1693.6678379536736,2782.8213209782834,565.7504677053382,1742.4276631069017,2744.829751671379,515.1781555724094,1837.0774911396438,2709.470054079996,0.05999999999994543,DH,Z
DCB_se2_ag1_f_01_1,18497,AO1,7016,sports,567.2353832804641,1082.8097061943638,2788.6722563178832,769.6647892355361,864.5382055867052,2793.305789261152,528.9479306428718,1181.8350347423554,2899.92261318499,0.029999999999972715,P,R
DCB_se2_ag1_f_01_1,18502,IH1,7018,it,535.9830252997772,2153.4094880159723,3167.2840434734085,764.3010839703376,1877.4301847976592,3125.10358552487,563.8833700570951,2273.252548095744,3010.703426868097,0.10000000000013642,sp,T
DCB_se2_ag1_f_01_1,18505,AA1,7019,wasn't,899.7199389860372,1826.5379004678377,3470.004098113995,919.0473683975588,1546.5606060944372,3642.1206515315776,632.2913835552337,1828.2176321425623,2020.8442330772348,0.12000000000011823,W,Z
DCB_se2_ag1_f_01_1,18507,AH0,7019,wasn't,516.7655777936969,1927.6553400938326,3262.528395161374,657.9359716135435,1980.4659147572604,3248.548261559165,640.5092007094734,1980.88100705511,3221.3349373070323,0.08999999999991815,Z,N
DCB_se2_ag1_f_01_1,18512,AE1,7021,that,867.7231600747549,2161.8914504614722,2232.7811704050214,879.7704269995036,2185.1053308222695,2536.174082852105,774.1172291714231,2233.6866000603777,3444.221845423863,0.10999999999989996,DH,T
DCB_se2_ag1_f_01_1,18514,IH1,7022,it,589.6818106749266,2337.4379260558258,3450.959073914154,726.9580865050192,2254.6225027160954,3477.038681236569,586.6938804782162,2338.8917933394837,3483.082461096347,0.029999999999972715,T,T
DCB_se2_ag1_f_01_1,18517,AH0,7023,was,527.6113155838297,1574.5084921305377,2054.049800077444,572.9102455148183,1617.1448770952022,3144.134413917123,519.6875390306288,1687.307953039767,3248.2835023685952,0.03999999999996362,W,Z
DCB_se2_ag1_f_01_1,18520,IH0,7024,just,544.7178103944373,1860.1487671480334,3199.8166339101754,547.3801659256484,1848.38744795081,3267.958314614347,546.6285165255365,1945.8641748895147,3344.24862823488,0.03999999999996362,JH,S
DCB_se2_ag1_f_01_1,18524,AE1,7026,that,745.5611725423329,2003.704336563147,3269.0862993741493,772.3105447374741,2025.305944467279,3300.190667366027,771.8563256216945,2070.32026587093,3291.605193228753,0.029999999999972715,DH,T
DCB_se2_ag1_f_01_1,18527,AY1,7028,i,557.4297914703534,1062.6733830366945,2790.0326910565036,1151.3317757471627,1874.182781305624,2743.8536659708334,987.8477085734062,1957.9671767144923,3129.02054158045,0.35999999999989996,sp,AY1
DCB_se2_ag1_f_01_1,18528,AY1,7029,i,621.3926238307027,1466.2955754472057,2074.857480780263,1162.3603642787534,1826.9684521935433,1935.7839361582292,1060.7115918932425,1961.441620200389,2550.5643134097436,0.21000000000003638,AY1,sp
DCB_se2_ag1_f_01_1,18530,AY1,7031,i,1104.773113718766,2018.903873457133,2532.703611911807,1162.1585313161822,2141.054478968998,2894.922862241252,1162.9177891417016,2145.2187520735497,2894.3642045760025,0.34999999999990905,sp,HH
DCB_se2_ag1_f_01_1,18532,AE1,7032,had,713.4262732023269,2092.678292072019,2582.0213243052185,735.3639081381388,2087.4124741236915,2639.294015816024,704.0276045375103,2215.781732441571,2317.4217905219502,0.09000000000014552,HH,D
DCB_se2_ag1_f_01_1,18535,AH0,7033,the,678.062118545603,1628.699471672123,3352.2832783942695,708.3958437271095,1639.1552727562675,3349.4269034462254,584.5555835371057,1842.567777190198,3290.476617204813,0.14000000000010004,DH,AH0
DCB_se2_ag1_f_01_1,18536,AH0,7034,ability,531.1367498049891,1579.782383445869,3054.7384063216296,706.7906860439942,1623.5984356064594,3377.9673159867716,547.2349712265977,1687.2332406615087,3069.189378654073,0.09999999999990905,AH0,B
DCB_se2_ag1_f_01_1,18538,IH1,7034,ability,480.9693093267237,1897.0928855215225,3365.5003288768103,481.1353001986802,1899.0802310060683,3388.138362881095,480.79521997769587,1898.854078327567,3386.952687302859,0.03999999999996362,B,L
DCB_se2_ag1_f_01_1,18540,AH0,7034,ability,484.9352160918592,1972.968533114884,3180.948351448673,503.8441852777423,1813.0316890546587,3066.0864508644445,465.1997950923161,2016.2897351779352,3185.224308990976,0.08999999999991815,L,T
DCB_se2_ag1_f_01_1,18542,IY0,7034,ability,567.3568501120141,2717.332520049234,2928.579361516285,598.5516941426683,2596.273760913519,3057.600495150131,573.2100522729711,2730.862679608412,2921.1017324289032,0.040000000000190994,T,T
DCB_se2_ag1_f_01_1,18544,UW1,7035,to,533.994261171391,1845.880276237837,3050.316550496031,552.4693282864938,2069.399784344446,3158.64340931285,546.3840842470761,2096.663021004894,3221.4900460968056,0.049999999999954525,T,D
DCB_se2_ag1_f_01_1,18546,UW1,7036,do,514.1654553342127,957.9895849986626,2740.8271773703027,581.9373395787512,691.440235224844,2700.661402493188,477.46033269101144,1976.4292264133464,3299.968261526056,0.11999999999989086,D,HH
DCB_se2_ag1_f_01_1,18549,AH1,7037,what,589.2345647782834,1474.1762262018904,3037.8044911511283,589.1312007169051,1474.527252567091,3038.142578178147,532.5261828225653,1718.2220729358135,3151.5608707666397,0.03999999999996362,W,T
DCB_se2_ag1_f_01_1,18552,EH1,7039,ever,837.4867863032559,2025.6803027178753,2811.5658595077975,1033.7181067205336,2038.2030337480721,3123.0959476200096,981.3626362494958,2035.5000026110006,3154.636463052818,0.14000000000010004,sp,V
DCB_se2_ag1_f_01_1,18554,ER0,7039,ever,659.9108894837419,1420.2069712159475,2422.035530346563,804.2717873552073,1599.8616162252154,2512.3666213762563,804.2717873552073,1599.8616162252154,2512.3666213762563,0.10999999999989996,V,AY1
DCB_se2_ag1_f_01_1,18555,AY1,7040,i,890.420121371196,1574.4291159891322,2302.4169939116487,974.2835814429452,1670.0985900361989,2477.5097347292894,679.0747400496742,1786.4283373580768,1919.863866320385,0.14000000000010004,ER0,N
DCB_se2_ag1_f_01_1,18557,IY1,7041,need,528.6813476764011,1207.9484544184913,3093.988962906305,582.080404124928,1799.995641135848,2778.132173549663,503.64352103835864,2837.760605810441,3619.1444819405338,0.12999999999988177,N,D
DCB_se2_ag1_f_01_1,18560,UW1,7042,to,465.08947626817724,1605.8408904589974,2852.521956062507,519.5510847634932,1217.293529962817,2959.507517022327,506.9385524257252,2021.005426172579,3027.9384050451736,0.09999999999990905,T,sp
DCB_se2_ag1_f_01_1,18562,AY1,7044,i,1163.0313669054049,1852.6758241492464,2390.9992053443493,1232.2093962800602,1789.600181058955,2951.0872001375255,972.1688443895457,1934.3696038518638,2268.1025100140196,0.15000000000009095,sp,N
DCB_se2_ag1_f_01_1,18564,OW1,7045,know,519.3189740491332,930.2359526595882,3116.9606160909416,860.8637462505891,1530.6900574580734,3199.700215595427,610.4884269024524,1859.3534756502736,3450.9467470063178,0.1799999999998363,N,AY1
DCB_se2_ag1_f_01_1,18565,AY1,7046,i,885.1168569315646,1893.5208351661686,3075.2128790921756,909.3263902398514,1841.2558210274249,3368.509424991045,624.6718125744339,2014.22605629292,3317.1776396887394,0.07000000000016371,OW1,D
DCB_se2_ag1_f_01_1,18567,UW1,7047,do,491.7311189430598,1852.4287722649904,2972.394029413275,530.1492406973009,1955.6864369051705,3098.266690848416,475.4943459675399,2031.9190998129734,3132.4566646996395,0.10999999999989996,D,sp
DCB_se2_ag1_f_01_1,18569,AY1,7049,i,986.2893678291296,2149.556374026031,2633.816610406751,1078.6229259038043,2066.2875411835125,2784.4119077281316,964.6717169801367,2219.1447800129445,2408.9759782403057,0.10999999999989996,sp,JH
DCB_se2_ag1_f_01_1,18571,AH1,7050,just,532.5029194091749,1780.8230114536143,3309.8289308144963,543.7573554903475,1768.7063719425232,3291.7956244570264,520.5893423519556,2008.0977646309416,3324.5862611960406,0.08999999999991815,JH,S
DCB_se2_ag1_f_01_1,18574,IH1,7051,didn't,504.44048458776746,2185.9902202317426,3261.145074669802,600.070808934528,2148.376575626903,3406.46573467068,599.0467246695156,2143.947198225891,3381.878868924671,0.06999999999993634,D,D
DCB_se2_ag1_f_01_1,18579,IY1,7052,feel,578.3450939657324,1608.8009240489637,2673.7446807052897,784.987383509937,1993.120432602198,2830.7794718570703,784.987383509937,1993.120432602198,2830.7794718570703,0.03999999999996362,F,L
DCB_se2_ag1_f_01_1,18582,AY1,7053,like,773.4731933587402,1915.949687940703,3423.5499903942136,894.516216425128,1701.186482393862,3087.3306492264746,673.1663684871419,2188.7533908345904,2270.2714096064037,0.07999999999992724,L,K
DCB_se2_ag1_f_01_1,18585,UW1,7054,doing,768.3740360510926,1477.7258319927787,3488.536025990374,876.6962070688852,1261.7995050121422,3565.706535058717,508.2029918384621,2011.8203267802635,3239.3278170365593,0.13999999999987267,D,IH0
DCB_se2_ag1_f_01_1,18586,IH0,7054,doing,763.8997648371892,1632.806734648153,3391.418492563256,876.6962070688852,1261.7995050121422,3565.706535058717,592.2064266059643,1922.6749438072495,3144.287917418705,0.10000000000013642,UW1,NG
DCB_se2_ag1_f_01_1,18588,IH1,7055,it,550.1188443292397,2302.2121248844533,3240.1411091953382,585.4180464104904,1898.9273082873874,3315.489441772262,497.3025110513556,2386.2399218459473,3442.4094710050817,0.03999999999996362,NG,T
DCB_se2_ag1_f_01_1,18593,AE1,7059,and,631.1768535527694,1997.5301889283014,2495.496595609021,1255.2407514087909,2139.6559940072984,3142.1510840791593,1232.2638427923273,2155.5488055193446,3138.6615756424912,0.1899999999998272,,N
DCB_se2_ag1_f_01_1,18595,IH1,7060,it,734.8733620132202,2273.517273053812,3345.8826143971637,776.1448769348061,2149.560722396875,3176.7964353116768,731.7218359532304,2282.855976859936,3364.269414866181,0.03999999999996362,N,T
DCB_se2_ag1_f_01_1,18598,AA1,7061,was,568.8165615018223,1483.2107323609496,3317.6397160487786,637.9583179811781,1280.974629576539,2994.2734272092052,575.7084314778866,1694.0452463775387,3336.006690784662,0.07999999999992724,W,Z
DCB_se2_ag1_f_01_1,18601,AH1,7062,just,669.74380120682,1750.2573334989024,3244.5178874080084,688.3679925494228,1768.844403388761,3272.2112714800473,681.3373690070499,1768.4715175942563,3275.0095817934257,0.049999999999954525,JH,S
DCB_se2_ag1_f_01_1,18604,AE1,7064,and,685.0991561604021,2067.822788547471,3498.952302903316,946.1668603635942,2049.540257859765,3076.892379988329,947.5475868655947,2056.156896300271,3097.658628079515,0.06999999999993634,sp,N
DCB_se2_ag1_f_01_1,18607,AY1,7065,like,873.2154716662681,1754.2400977216662,1908.8523696777843,991.0695682507748,1185.9704156539656,1792.721419666479,899.0398868583366,1812.4200267879958,1842.857885411408,0.03999999999996362,L,K
DCB_se2_ag1_f_01_1,18610,AY1,7067,i,1086.253459055712,1824.4683392689187,2588.181975012327,1095.9341868598262,1870.8081182400845,2358.4799698943875,1030.8465368619904,1969.4426167749511,2101.280468823894,0.16999999999984539,sp,N
DCB_se2_ag1_f_01_1,18613,AY1,7069,li-,759.8748534982774,1693.4865145266454,3330.709369392588,773.4285865314745,1749.779911708055,3332.6976106716174,736.1893180151075,1798.477595373955,3317.0750055496646,0.03999999999996362,L,sp
DCB_se2_ag1_f_01_1,18615,AY1,7071,i,913.9416457071321,1777.072726510179,3285.036699302066,1264.1675541266643,2127.4597477602424,3397.170269824561,1263.4500676308999,2125.2291570493103,3395.3228134114343,0.3400000000001455,sp,N
DCB_se2_ag1_f_01_1,18617,OW1,7072,know,538.9949752385721,1079.0990483823316,3141.1105041719215,693.3147236713316,990.0320244398781,2698.2913181885965,626.617451528688,1555.9555584917555,3404.7103907411774,0.18000000000006366,N,M
DCB_se2_ag1_f_01_1,18619,AY2,7073,myself,979.9900486783515,1923.5371606849822,3142.2931283527114,990.5298602635553,1938.1715704483593,3170.4083307527653,980.1825310059822,1984.1766279910576,3275.1619477177037,0.19000000000005457,M,S
DCB_se2_ag1_f_01_1,18621,EH1,7073,myself,762.9553924807544,1682.0249847011194,3254.4606744555526,763.4644990600445,1676.2751187517692,3256.1840008974746,633.0130992342463,1978.9797583019104,3211.4119771169053,0.09000000000014552,S,L
DCB_se2_ag1_f_01_1,18626,AO1,7075,for,601.2477436592246,883.6522659923108,2958.8282131277515,603.5287686925374,862.694864097512,2943.2891196008104,508.71336796811426,971.011306443845,2856.4823016069586,0.08999999999991815,F,R
DCB_se2_ag1_f_01_1,18629,UW1,7076,who,566.0626892790758,1335.351206441169,3071.6353998629456,827.3621956411586,1536.0808249168017,1916.9704805521458,540.5382519263902,2353.901270203703,3318.711200701658,0.22000000000002728,HH,AY1
DCB_se2_ag1_f_01_1,18630,AY1,7077,i,866.8187172334491,1580.712199072152,2282.838803486259,1007.8286885087548,1559.7312150354858,2099.265613047593,888.9474569247393,1960.5114112872436,2079.230142158096,0.20000000000004547,UW1,AE1
DCB_se2_ag1_f_01_1,18631,AE1,7078,am,747.5797194081628,1647.3566745754913,2293.874075726897,889.820024749483,1624.7988877441912,2067.4500921569274,751.4160058399569,2185.7920161032184,2848.570468579675,0.21000000000003638,AY1,M
DCB_se2_ag1_f_01_1,18634,AY1,7080,i,1040.0481639511002,1713.0723259538902,2682.528806118336,1050.0512349729022,1728.1726492364696,2612.0158886406734,683.375178225398,2007.4872383748414,2283.9976899678895,0.18000000000006366,sp,JH
DCB_se2_ag1_f_01_1,18636,AH1,7081,just,636.7189054573136,1859.1777000299655,3238.4506001672535,648.5210826403334,1872.7619526924157,3240.4732519327463,615.5813777947589,1994.567083146542,3239.847000154918,0.11000000000012733,JH,S
DCB_se2_ag1_f_01_1,18639,IH1,7082,did,451.949471472154,2346.5034003104934,3170.213290093892,523.8590186363311,2458.6964388400434,3404.030378555733,501.93104517900304,2481.8762044842033,3519.372823075445,0.07000000000016371,D,D
DCB_se2_ag1_f_01_1,18642,AA1,7083,not,922.3640456896917,1573.2443177701116,2119.7334989841065,994.7051126123816,1940.170806493632,2877.8839160564457,684.7936012779635,2031.938763343613,3417.2026365257693,0.11000000000012733,N,T
DCB_se2_ag1_f_01_1,18647,IY1,7085,feel,607.359786832332,2867.6299720769643,3122.5999631214613,616.5876639378894,2867.5386113435734,3149.822496768385,554.7152405969497,2946.2384567358877,3276.2300781582767,0.13999999999987267,F,L
DCB_se2_ag1_f_01_1,18651,AY1,7087,like,798.7980897647069,1955.8897307475017,2962.4871500937415,925.7221208024118,1767.7531220378849,3114.5648704577525,559.9709698937072,2449.6718980871697,2928.040590290807,0.10999999999989996,L,K
DCB_se2_ag1_f_01_1,18656,UW1,7089,doing,583.1000742789217,1038.5644738215278,2613.892804218563,609.0551847018703,925.6280326656054,2909.206369911388,502.47792556933433,2010.888452232074,2756.3999197164608,0.13999999999987267,D,IH0
DCB_se2_ag1_f_01_1,18657,IH0,7089,doing,529.1431139131397,1662.3711433972858,2407.7110393091757,638.1690177503348,989.5564010602146,2931.0154083182406,575.5224378353681,2674.2051835010816,2974.0943835013695,0.11000000000012733,UW1,NG
DCB_se2_ag1_f_01_1,18659,IH1,7090,it,487.94068295834234,2743.633309809556,3131.5929878425222,537.043123476111,2497.6860896935545,3058.943921676305,492.7865219229977,2762.5275518274702,3191.6938526329322,0.09999999999990905,NG,T
DCB_se2_ag1_f_01_1,18664,AY1,7092,like,508.9057050438359,2274.27325132881,2904.0064224692314,515.1408102073876,2238.9772870799015,2861.9015748807883,510.41931997745763,2396.750555555678,2806.3208682102077,0.029999999999972715,L,K
DCB_se2_ag1_f_01_1,18666,AY1,7093,i,867.5856545769242,1622.2020347491398,2601.337689117409,870.9218408740327,1624.2086086966674,2604.676451971659,712.3564102051226,1968.190161274986,2909.124603148669,0.08000000000015461,K,W
DCB_se2_ag1_f_01_1,18668,AH0,7094,was,555.72352149651,1663.0761404524415,3065.818588828864,575.1820564464384,1603.5009694859423,2862.768538543337,555.3980786626083,1665.2036278921205,3058.836364444549,0.03999999999996362,W,Z
DCB_se2_ag1_f_01_1,18671,UW1,7095,doing,658.3299062542903,1134.1882721952334,2925.0140591709446,761.2804933423937,964.9574665643765,1685.5488897599632,612.0779431732443,1954.8094554548845,3098.242320207134,0.10000000000013642,D,IH0
DCB_se2_ag1_f_01_1,18672,IH0,7095,doing,800.9045495279878,1299.9246373178612,3415.267346764984,803.7147224773865,1340.2504389907622,3415.743955447358,803.4580872875044,1345.2376459539125,3411.583258968255,0.029999999999972715,UW1,NG
DCB_se2_ag1_f_01_1,18675,AY1,7097,i,968.1733063517833,1685.6388723384732,2625.8967170546175,1020.5887679210512,1723.602547315971,2587.236696181145,1016.0225339331505,1721.3712160531782,2538.9869859767587,0.10000000000013642,sp,F
DCB_se2_ag1_f_01_1,18677,IY1,7098,feel,645.0947615200762,1514.578159704869,2924.892495065416,771.3242853907036,1555.3601001355007,2839.2939014469152,734.0594185688751,1698.1829492624324,3095.5563622559557,0.029999999999972715,F,L
DCB_se2_ag1_f_01_1,18680,AY1,7099,like,727.026782013243,1966.5151169085948,3216.3767436159856,739.4910802922922,1923.2159711806728,3262.625530622816,723.8017971211073,1982.5196261709366,3224.2217553527157,0.029999999999972715,L,K
DCB_se2_ag1_f_01_1,18682,AY1,7100,i,883.46699233191,1598.582677391047,2265.347206485305,899.5267898384596,1696.180592647869,2542.359107159503,891.9868407039069,1712.63158432364,2634.4958716404344,0.07000000000016371,K,W
DCB_se2_ag1_f_01_1,18684,AH0,7101,was,536.4713639684744,1627.944534838464,2970.1914752265593,698.1734874799902,1566.2216434435031,2769.1320847682405,518.9731139390866,1689.8783418839676,2998.8317643651803,0.029999999999972715,W,Z
DCB_se2_ag1_f_01_1,18687,UW1,7102,doing,642.2658345940214,1251.5596425555657,2910.1466774136825,661.343274536478,1157.5515327115359,3386.978334939136,508.58252020188974,1477.9578369455887,2890.9895222520618,0.060000000000172804,D,IH0
DCB_se2_ag1_f_01_1,18688,IH0,7102,doing,646.4827788940595,1390.3713860296868,2734.329578840488,661.296748153375,1252.2035189634785,3353.8622378674604,583.0378926752398,1548.7134110750176,3309.0381913766705,0.03999999999996362,UW1,NG
DCB_se2_ag1_f_01_1,18691,AH0,7103,the,542.78976206235,1642.3981474208786,3057.100483687375,586.3795754530198,1680.206436769341,2979.535630848407,518.4958918615808,1787.0052312647354,3161.7542934435273,0.07999999999992724,DH,B
DCB_se2_ag1_f_01_1,18693,EH1,7104,bare,566.1684496699065,2173.0186790022185,2697.5432742299668,602.2929513513831,2000.7648194875183,2435.7826554341373,589.0452875945421,2189.2821880801744,2675.055295273566,0.07999999999992724,B,R
DCB_se2_ag1_f_01_1,18696,IH1,7105,minimum,607.5314580854209,2007.832013964815,2968.735061335359,611.1380871900845,1996.1392370503243,2985.001035844739,605.9828820101199,2009.8163180568492,2956.7756380081864,0.0500000000001819,M,N
DCB_se2_ag1_f_01_1,18698,AH0,7105,minimum,525.8634746874311,1562.2079581218154,2703.797894876687,541.39104033372,1623.6218167325223,2700.793862381416,537.0864281826388,1703.4050864903045,2553.0805510610758,0.029999999999972715,N,M
DCB_se2_ag1_f_01_1,18700,AH0,7105,minimum,597.2870907169655,922.7091093254669,1757.9657493892034,596.0942874851601,947.2272006708785,1822.92156512578,566.3311214974128,1533.7890216281314,3434.2230781664075,0.029999999999972715,M,M
DCB_se2_ag1_f_01_1,18702,AY1,7106,i,793.6343009929842,1421.3927595756547,2340.1230490769594,797.3124314725914,1431.2662032149929,2390.5988340780345,761.5032885714206,1500.1624244837785,2448.195852882208,0.029999999999972715,M,W
DCB_se2_ag1_f_01_1,18704,AH0,7107,was,467.1357216204355,1199.3772158850863,2194.521946720765,529.9086868280223,1348.2402275857842,2251.5372379350847,437.8360064340001,1488.529731054537,2535.508764422361,0.029999999999972715,W,Z
DCB_se2_ag1_f_01_1,18707,UW1,7108,doing,554.5447031201672,1253.3840642532466,2861.7437845167387,584.3284673583578,1178.7510403513747,2194.670609288647,506.1847569925054,1532.3651327746275,2876.0965929948507,0.049999999999954525,D,IH0
DCB_se2_ag1_f_01_1,18708,IH0,7108,doing,629.0775758458847,1313.8714296655933,1998.5752980659877,638.135437882317,1343.482061194369,2178.899353810331,535.7100611434015,1397.1019004939387,2517.9962602865876,0.040000000000190994,UW1,NG
DCB_se2_ag1_f_01_1,18710,IH0,7109,enough,613.5894624686428,1822.7228917095636,2395.027286957686,616.6107305510327,1783.8347264949248,3083.323640851235,600.1748502728674,1909.5277651446365,1994.6507499690645,0.049999999999954525,NG,N
DCB_se2_ag1_f_01_1,18712,AH1,7109,enough,761.2345251949596,1780.7842910271029,2868.488967486711,761.4203245349474,1778.5099418668765,2901.586158231853,697.9756357606283,1878.542103596395,2680.836724867432,0.05999999999994543,N,F
DCB_se2_ag1_f_01_1,18715,AH0,7110,to,532.3484846750019,1737.126713894346,3242.549422614299,562.3820553198509,1814.480190483552,3157.679096196332,563.6995292353639,1817.9403830179406,3124.617847058957,0.049999999999954525,T,P
DCB_se2_ag1_f_01_1,18717,AE1,7111,pass,627.7668119323389,2274.9742442494603,3111.566359500592,726.4449953788254,2120.263679635923,3079.4412952581033,658.5177724309838,2270.5244378556195,3135.3410820830627,0.1799999999998363,P,S
DCB_se2_ag1_f_01_1,18721,AA1,7113,cause,542.3543099601509,1868.0402297306034,2972.8983654379094,545.6224351275682,1992.064451316447,3049.6493766523763,539.2466434237015,2013.857686817071,3069.316282468068,0.03999999999996362,K,Z
DCB_se2_ag1_f_01_1,18723,AY1,7114,i,787.4401128995194,1770.5399410747254,2691.4657064667754,817.8376215581328,1760.49325213855,2676.1265106678707,756.875455080065,1887.5324977564408,2706.4609794803823,0.049999999999954525,Z,D
DCB_se2_ag1_f_01_1,18725,IH1,7115,didn't,786.5243255031297,1933.57364337152,3113.428169330287,807.0916689980728,1955.7023571922969,3272.350070695047,790.0581010416868,1987.2930180643984,3264.892183332988,0.06999999999993634,D,N
DCB_se2_ag1_f_01_1,18730,AY1,7117,my,831.177140700057,2012.3457859222399,3384.07205283526,912.7163703358186,1988.8490351821672,2148.6164554697025,849.9411428637203,2048.633104562653,3304.9901689946932,0.11000000000012733,M,F
DCB_se2_ag1_f_01_1,18732,EY1,7118,favorite,541.5865079935417,2431.7375441087765,3067.6722790719095,673.599937153567,2117.0077960083718,3025.8508995064944,548.8085033176548,2492.71943144879,2851.760776959746,0.09999999999990905,F,V
DCB_se2_ag1_f_01_1,18735,AH0,7118,favorite,561.843221844371,2036.8254888119075,2888.178895358584,666.4112391169846,2096.4560609637465,2972.383346466538,614.6555595137796,2143.957033902615,2983.424571901836,0.12000000000011823,R,T
DCB_se2_ag1_f_01_1,18739,AY1,7120,my,855.533885468481,1882.2016146058581,3089.0156267726315,977.212703772631,1845.9817253056556,3085.717539570053,852.6912429362199,1898.6438034836272,3079.867815314342,0.11000000000012733,M,F
DCB_se2_ag1_f_01_1,18741,EY1,7121,favorite,551.9720787658617,2240.3114377588436,3039.9281880853723,614.6277986264714,2120.041776445101,3044.769279043227,570.2189354231031,2247.280618797468,3047.117057188366,0.049999999999954525,F,V
DCB_se2_ag1_f_01_1,18744,AH0,7121,favorite,583.9041012909918,1736.526574960993,2605.9108195020444,671.8026789066096,1874.1488034519543,2672.5451238528385,671.8026789066096,1874.1488034519543,2672.5451238528385,0.03000000000020009,R,T
DCB_se2_ag1_f_01_1,18746,IH0,7122,experience,642.0923133725403,1977.0697632082743,2712.5985190199035,642.0048561229065,1971.9790634999597,2616.3456444548992,612.8947186812311,2114.955380811352,2804.582458181963,0.029999999999972715,T,K
DCB_se2_ag1_f_01_1,18750,IH1,7122,experience,547.3009955573546,1394.7965943835252,2462.3658835540277,653.610082011295,1566.3756320733714,2526.091028586973,549.7427001242514,1670.4394932677822,2859.2449678846187,0.029999999999972715,P,R
DCB_se2_ag1_f_01_1,18752,IY0,7122,experience,637.8538957706636,2037.521662313959,2900.60567604289,647.7219724247594,1752.5233672982654,2477.2061499950096,625.2422105987772,2074.4065447410103,3107.4536572444563,0.029999999999972715,R,AH0
DCB_se2_ag1_f_01_1,18753,AH0,7122,experience,587.9658536706451,1875.9377790444755,3032.6842484227413,625.2422105987772,2074.4065447410103,3107.4536572444563,625.2422105987772,2074.4065447410103,3107.4536572444563,0.029999999999972715,IY0,N
DCB_se2_ag1_f_01_1,18757,AH0,7123,was,411.3327594472002,1466.7422934368956,2932.1752178401234,417.6593615564186,1453.3275466819969,3109.7267813146227,413.5196870306023,1481.2177689835721,2992.1395246492752,0.029999999999972715,W,Z
DCB_se2_ag1_f_01_1,18760,IH1,7124,when,622.5485332503998,1624.2964454642793,3203.2973715833223,624.5245509143051,1555.8731782435152,3129.4586862895744,609.4956012171665,1668.1835072710749,3482.4495739432036,0.03999999999996362,W,N
DCB_se2_ag1_f_01_1,18762,AY1,7125,i,790.4267646119068,1667.5897120630693,2725.237104930009,830.0420241860828,1607.3639478024409,2508.291414659833,712.2312682199372,1833.0060125646223,2548.39410391297,0.09999999999990905,N,W
DCB_se2_ag1_f_01_1,18764,AH0,7126,was,483.22458646207207,1503.085050881556,3089.802599011903,542.3582735504526,1318.247829196475,3060.093790693991,533.8585285082409,1647.7534220167777,3135.7423695973903,0.03999999999996362,W,Z
DCB_se2_ag1_f_01_1,18767,IH1,7127,cheering,570.3796014887575,2171.836800567471,2604.924562212533,592.1029419163004,2052.446250252097,2368.2647838678836,519.8513965883585,2582.839966743563,3141.018300807518,0.13000000000010914,CH,R
DCB_se2_ag1_f_01_1,18769,IH0,7127,cheering,557.251735658367,2008.5647298051533,2492.6624257865133,632.3814468363475,2064.5879100803913,2369.3387471826863,551.8959359128256,2203.6658951348627,2625.5106307975516,0.029999999999972715,R,NG
DCB_se2_ag1_f_01_1,18774,AH1,7129,w,546.8062730281928,1419.1446193290008,2787.341632846206,556.7189510583908,1546.1994850370306,2805.7557771140528,514.9701930189295,1981.7052923838535,3052.463742015977,0.03999999999996362,D,B
DCB_se2_ag1_f_01_1,18776,AH0,7129,w,513.2043723739032,896.7888177088538,2824.047399945473,591.2327511475019,789.7766179780605,2506.1345559821384,483.0832524093434,1070.476331048351,2979.7045386367577,0.03000000000020009,B,L
DCB_se2_ag1_f_01_1,18779,UW0,7129,w,616.1855003669044,1398.4902218431546,3132.5184823003674,636.7505357825687,1465.441847433247,3050.5064347291086,636.7505357825687,1465.441847433247,3050.5064347291086,0.029999999999972715,Y,W
DCB_se2_ag1_f_01_1,18781,EH1,7130,well,629.3231151400266,1478.6315224316756,3105.670669269371,644.239843574503,1429.7619759432746,3096.255623527518,624.0192094225524,1590.9373361850128,3126.8458002315624,0.029999999999972715,W,L
DCB_se2_ag1_f_01_1,18784,AW1,7132,outside,989.0224456104575,1631.6565990306137,2355.794746018955,1013.7961008624819,1623.9900232605678,2360.027507160813,723.0875290900086,2002.7114048693406,2844.2450198653733,0.13000000000010914,sp,T
DCB_se2_ag1_f_01_1,18787,AY1,7132,outside,836.0416721575239,1806.8555823207846,2701.230737497272,852.3836682118498,1810.7950383357029,2725.8570500409896,800.8254034332509,1873.4327396217595,2857.853147140901,0.09999999999990905,S,D
DCB_se2_ag1_f_01_1,18790,AO1,7133,for,587.7870513088511,1094.2775582330444,2902.940865206163,674.5668365931831,1466.1214460320987,2895.109624620257,674.5668365931831,1466.1214460320987,2895.109624620257,0.029999999999972715,F,R
DCB_se2_ag1_f_01_1,18794,IY1,7135,c,704.2709923853477,2115.91205351069,2823.855525116416,733.5508153529685,2022.6184525457668,2658.188567608394,641.8083445062175,2118.3191308247647,3009.8253594295193,0.029999999999972715,S,EH1
DCB_se2_ag1_f_01_1,18795,EH1,7136,extra,719.8138111214804,2104.291631802189,2889.399006475853,756.4215822121166,2081.191319803789,2954.8472552087433,688.7844184255594,2193.6704550971303,3029.4586693347132,0.13000000000010914,IY1,K
DCB_se2_ag1_f_01_1,18800,AH0,7136,extra,499.54405767684096,2027.6529528390504,2455.998489613093,521.5977431112634,2004.8580051412043,2574.8353054113777,516.3017139839519,2056.282469955276,2276.1770970178914,0.029999999999972715,R,K
DCB_se2_ag1_f_01_1,18802,ER0,7137,curric-,516.7696833227187,1276.7369022642943,2074.2435754501307,682.9841040987966,1724.5961642228792,2354.0089126463095,682.9841040987966,1724.5961642228792,2354.0089126463095,0.08999999999991815,K,IH1
DCB_se2_ag1_f_01_1,18803,IH1,7137,curric-,502.44449068003706,1668.2677359836682,2564.823713248145,614.9779423514271,1691.641064810053,2664.725947864341,518.0203074851912,1715.4544171821985,2676.310471307355,0.03999999999996362,ER0,K
DCB_se2_ag1_f_01_1,18807,OW1,7139,no,759.3544309818988,1306.4180300467347,3490.9359349993824,872.2973116112278,1141.3524448785593,3246.0362611742826,795.044406027592,1800.0186450327456,2991.2842043171454,0.15000000000009095,N,IH1
DCB_se2_ag1_f_01_1,18808,IH1,7140,it,613.6258141207068,1659.025710293556,3120.2823647010778,648.143337050117,1555.494815552127,2765.627108103872,611.5142595841058,1660.4388057463434,3116.5737735377247,0.029999999999972715,OW1,T
DCB_se2_ag1_f_01_1,18811,AA1,7141,was,611.1219109917731,1426.4143380489456,3051.683326731446,631.9450254422401,1483.2016337301795,3097.1783100322846,601.6857679514027,1507.1120306142034,3023.7168616720664,0.08000000000015461,W,Z
DCB_se2_ag1_f_01_1,18814,AA1,7142,not,924.4535365597761,1940.682664706707,2370.574822204797,924.4540824815093,1939.7210136968688,2333.316430680189,919.3974012625865,1943.2274844472156,2187.1063747174576,0.17000000000007276,N,T
DCB_se2_ag1_f_01_1,18818,AA1,7144,watch,1043.3801718360128,1689.085576126523,2962.6400767176165,1070.0100200739873,1633.58392166736,2965.0647178039585,779.4312431425977,1839.1605418780366,2776.8441015116205,0.11999999999989086,W,CH
DCB_se2_ag1_f_01_1,18821,AY1,7145,my,1050.8651567761183,1636.6147476511512,2779.569771330556,1114.1128605711926,1652.6712687236613,2875.9574000386174,999.0715725544042,1705.166793169434,2723.858419348253,0.08999999999991815,M,M
DCB_se2_ag1_f_01_1,18823,AW1,7146,mouth,928.4860718613412,1644.0863315589602,3147.574344282084,937.0920266905657,1692.1766697035318,3139.554813327525,762.6594831328696,1790.0358532860596,3143.4479789659463,0.14999999999986358,M,TH
DCB_se2_ag1_f_01_1,18828,OW1,7148,poetry,674.7559727422174,1277.2540117887754,3317.732706189501,927.6392016242208,1341.4633225478422,3253.1730373158102,738.2010901935344,1369.1846856699115,3193.3610399275203,0.14999999999986358,P,AH0
DCB_se2_ag1_f_01_1,18829,AH0,7148,poetry,580.6055804752601,1876.7159129285324,2590.352337422419,704.5783415834454,1723.53853104214,2975.3604867090357,493.58731374576314,1955.4680273659894,2706.165227018813,0.09000000000014552,OW1,T
DCB_se2_ag1_f_01_1,18832,IY0,7148,poetry,416.62049697706476,1949.7293597171924,2425.769072426934,567.2863294082646,1947.4864589461188,2103.3622798035,497.32027118923617,2069.839021384668,2457.3910656771773,0.11000000000012733,R,K
DCB_se2_ag1_f_01_1,18835,AH1,7149,club,577.1337091192061,1468.2670214852833,3139.2980830111896,690.4760984866384,1426.134543173603,3129.4612915381804,611.1887040931315,1542.8971995718584,3146.257968340905,0.21000000000003638,L,B
DCB_se2_ag1_f_01_1,18839,AA1,7151,was,577.1551526732889,1613.1601037248336,2967.2632911511537,601.7625889140077,1794.9624122178907,2983.9835957024816,601.7693515432619,1795.2443779326156,2982.5180323306504,0.11999999999989086,W,Z
DCB_se2_ag1_f_01_1,18842,AH1,7152,the,614.3970464320624,1336.2368994448555,2629.8137297801636,615.1389843341863,1336.2459126783913,2628.715058222792,398.9653848013587,1828.4881316551905,2837.477614136321,0.14000000000010004,DH,B
DCB_se2_ag1_f_01_1,18844,EH1,7153,best,800.3283786333657,1730.0992152821418,2105.9861542141325,806.7236432906928,2152.7572183068855,2473.114881214502,806.5925613426839,2150.415733698823,2462.283124210272,0.15000000000009095,B,S
DCB_se2_ag1_f_01_1,18849,IH1,7155,thing,623.1444997755597,2266.9014531633684,2686.8839666656427,762.2346150946653,2225.4486273082466,2999.511221007952,676.510294573986,2315.0436037138707,2763.2726075325836,0.03999999999996362,TH,NG
DCB_se2_ag1_f_01_1,18853,AY1,7157,i,1181.0701303873614,1809.9543745890091,2712.355333003557,1319.5280883616247,1748.204876838025,2508.859294534851,1238.8061274318327,2194.1858409769466,3049.5173230495284,0.060000000000172804,sil,HH
DCB_se2_ag1_f_01_1,18855,AE1,7158,have,877.1658875791569,1829.9176140713978,2700.609821821003,1031.8003631911852,1825.6157903565777,2705.225808501348,909.1127695469515,1861.8722072164833,2606.0959967072467,0.03999999999996362,HH,V
DCB_se2_ag1_f_01_1,18858,EH1,7160,ever,897.936694084895,1985.3802449589436,3063.0914823256317,1058.8305156339081,1947.98808812416,3160.44023723824,922.1722129982974,2188.143872923386,3550.254724529433,0.15000000000009095,sp,V
DCB_se2_ag1_f_01_1,18860,ER0,7160,ever,569.9923963683109,1393.185080431654,2533.9932355215124,636.7015733414548,1344.2853458715397,2549.5264819634363,588.7768515462592,1452.5488438380632,2568.770331365502,0.09999999999990905,V,P
DCB_se2_ag1_f_01_1,18862,UH1,7161,put,630.790705390215,1388.1343358399315,2787.0009629003694,637.2335253360134,1451.0272366582612,3071.3001100529973,584.6020297562181,1613.277719446822,2927.184320165428,0.10999999999989996,P,T
DCB_se2_ag1_f_01_1,18865,AY2,7162,myself,999.3951668915812,1933.0217160694322,2873.3725973716423,1004.3769772787531,1515.1747837359567,2191.9546280020227,877.8378250389877,2037.613735247264,2672.662888458709,0.12000000000011823,M,S
DCB_se2_ag1_f_01_1,18867,EH1,7162,myself,645.440306977176,1565.2986302166169,3039.2530869043303,722.7150054140303,1242.1367280481893,2924.720862408179,616.4604886393938,1683.4403660054788,2911.907684788028,0.10000000000013642,S,L
DCB_se2_ag1_f_01_1,18870,IH0,7163,into,549.5903063953124,2330.1699805508943,2996.8862145255016,629.0919473266218,2355.5448040548968,3018.583643937003,572.8145506435634,2358.9771196505976,2929.3576831740374,0.13000000000010914,F,N
DCB_se2_ag1_f_01_1,18873,UW1,7163,into,477.8410125498928,1332.259427647138,2474.350445719788,742.8573630128676,1726.9184857940988,2625.321053685365,603.4906302023522,2120.1588581950205,2533.7783271753196,0.2400000000000091,T,
DCB_se2_ag1_f_01_1,18876,AY1,7165,i,1263.4342853621436,1851.9599317659404,2995.1082403707073,1286.0283103877389,1761.278989818934,2478.6813200500833,1121.7971915958285,2353.67972982498,2709.683835104966,0.22000000000002728,sil,W
DCB_se2_ag1_f_01_1,18878,AH0,7166,wa-,497.0233149724335,1511.6767647327017,2976.582790487389,586.1788226944199,1562.859716167848,3038.7587026128103,499.4385336218174,1638.5842243900056,3035.9217772373177,0.10000000000013642,W,sp
DCB_se2_ag1_f_01_1,18880,AY1,7168,i'm,1206.1788923597856,1456.5234059777422,1811.5218697215983,1223.2239920174459,1343.587141954962,1775.927453248311,1094.9644626797385,1783.4809867096342,2663.040162076048,0.17000000000007276,sp,M
DCB_se2_ag1_f_01_1,18884,EY1,7169,crazy,599.4232091314809,1517.0971843557054,2724.2895252946814,650.8286266281931,2025.60025927374,2561.0562889471757,595.0190558392549,2609.739212887692,3450.1434928502163,0.19000000000005457,R,Z
DCB_se2_ag1_f_01_1,18886,IY0,7169,crazy,405.4254910641371,2195.0999285001044,2756.470366758239,481.22442049435875,2586.1874691131566,2705.6255356542497,481.09856090133934,2580.4830215838138,2722.5107672566082,0.12000000000011823,Z,sp
DCB_se2_ag1_f_01_1,18890,AY1,7171,why,987.186546383016,1538.6596710423523,2129.2055223517414,1040.0421592845155,1729.9009048079836,2278.715189603044,1038.6600664078792,1731.257959794116,2249.546941943942,0.15000000000009095,W,AY1
DCB_se2_ag1_f_01_1,18891,AY1,7172,i,970.3723850689863,1561.1778120187323,2476.8550895342287,1058.04040193511,1665.0349656943988,2856.0785534199954,929.8260332623692,1970.8017657428554,2790.0894634747333,0.07999999999992724,AY1,S
DCB_se2_ag1_f_01_1,18893,EY1,7173,say,504.7921933307312,2365.1068606869194,2966.333199972819,600.907964193191,2261.413019958098,3044.85998783876,504.8736082537581,2365.425043636377,2965.381043159428,0.12000000000011823,S,CH
DCB_se2_ag1_f_01_1,18895,IH1,7174,cheering,539.7770925068124,1914.4504018297719,2418.5115124734302,562.0479662515233,2216.763359775296,2545.7816656557825,562.0479662515233,2216.763359775296,2545.7816656557825,0.029999999999972715,CH,R
DCB_se2_ag1_f_01_1,18897,IH0,7174,cheering,606.2343599448405,1667.3370808105906,2446.3279172581124,637.3385357049639,2320.405021143758,2494.591418273948,637.3385357049639,2320.405021143758,2494.591418273948,0.029999999999972715,R,NG
DCB_se2_ag1_f_01_1,18900,AY1,7176,i,989.2761241499301,1874.057470229591,2568.4367511594155,1020.6366608569853,1864.492406529195,2675.28275897726,869.7880732497255,1981.634409699003,2710.29147565812,0.08999999999991815,sp,TH
DCB_se2_ag1_f_01_1,18902,IH1,7177,think,671.5204023667833,2013.1404312489187,2423.8716273364575,773.3069233549525,2053.253280213312,3241.2808856108745,645.1170154759895,2377.922147937313,2383.779774642231,0.03999999999996362,TH,NG
DCB_se2_ag1_f_01_1,18911,IH1,7183,it,528.0345575116191,2118.014093408179,2322.958649678465,640.8329446752418,2299.311527648766,3140.460203788427,616.8016558537772,2299.6124477388976,3058.599605619105,0.09999999999990905,sp,T
DCB_se2_ag1_f_01_1,18915,OW1,7185,poetry,560.7730585454726,1065.7863382118896,2760.3683804737075,664.1237344271796,1165.0785777609865,2701.6611261293865,664.1237344271796,1165.0785777609865,2701.6611261293865,0.029999999999972715,P,AH0
DCB_se2_ag1_f_01_1,18916,AH0,7185,poetry,615.7901992633101,1536.0755245947128,2566.138294865466,667.1271224536914,1303.9977743077889,2653.6416213585003,610.8963964096749,1546.1762581382288,2578.9977969273027,0.07000000000016371,OW1,T
DCB_se2_ag1_f_01_1,18919,IY0,7185,poetry,479.09206838252817,1567.773043596789,2425.081138672975,540.8598810758077,1653.9612579268191,2371.949137128386,527.4359391460969,2087.105487922644,2334.458009900333,0.029999999999972715,R,K
DCB_se2_ag1_f_01_1,18922,AH1,7186,club,608.7336017966738,1629.4769186367525,3114.665289016746,634.2049697684297,1697.8002505175712,3153.390301975189,607.9662444199633,1718.1227364421113,3128.897696452127,0.09000000000014552,L,B
DCB_se2_ag1_f_01_1,18924,AE1,7187,and,630.3805788291759,1917.397888787059,2065.4887046752046,642.4559486190549,2022.7293934504764,2682.045712423894,620.3498152337321,2121.5114746712497,2321.2670654227622,0.05999999999994543,B,N
DCB_se2_ag1_f_01_1,18927,IH1,7188,cheering,529.7281382714826,1808.3373266561762,2311.2788936655716,608.0725599585177,1964.55206343878,2014.1663194024327,508.49310213922496,2260.853033737379,2536.9033868689894,0.07999999999992724,CH,R
DCB_se2_ag1_f_01_1,18929,IH0,7188,cheering,606.9913704065477,2088.6017740577277,2809.3832464079996,609.4944935453274,2152.226727516432,2722.0317273047986,608.9095121717278,2209.980403154253,2791.7075907032736,0.029999999999972715,R,NG
DCB_se2_ag1_f_01_1,18933,AA1,7190,cause,606.3359664056456,2013.491013775046,2937.568341434216,755.9478984223192,2011.1866369150966,3106.8964175555097,607.4754812625829,2012.7811052707407,2939.7427665596297,0.06999999999993634,K,Z
DCB_se2_ag1_f_01_1,18936,IH1,7191,cheering,634.6704604045369,2131.7430600215675,2550.2023877698853,710.3451386753013,2101.3308824514943,2436.455285762337,546.292827244243,2214.5399708012214,2549.7415332906535,0.03999999999996362,CH,R
DCB_se2_ag1_f_01_1,18938,IH0,7191,cheering,676.3948702283938,2024.4220492054874,2792.469235404679,693.527751861446,1970.780135949166,2660.622974435312,661.6471096155075,2055.067387996124,2859.085249429262,0.03000000000020009,R,NG
DCB_se2_ag1_f_01_1,18941,AE1,7192,that,671.6879731852085,1972.0952929084324,2992.5204355902542,671.7232414880261,1971.5988743520563,2986.797087681077,659.1277199779531,2036.8931411338392,2957.210329260818,0.029999999999972715,DH,T
DCB_se2_ag1_f_01_1,18945,IH1,7194,when,649.2134757752596,1641.2363594527178,3098.4357342682038,664.1496493065839,1767.25439094457,2693.839477245453,664.1496493065839,1767.25439094457,2693.839477245453,0.029999999999972715,W,N
DCB_se2_ag1_f_01_1,18947,AY1,7195,i,1046.565582406547,1743.3377255829623,2319.076919212584,1063.4260113876292,1644.4241872221905,2319.831697085014,1043.9453938675206,1841.7661853426905,2606.1059895716085,0.18000000000006366,N,AE1
DCB_se2_ag1_f_01_1,18948,AE1,7196,actually,938.8500732280737,2026.7661980188416,2297.5156506830285,1000.0677553758821,1832.9147619631688,2623.28462562391,800.0980149428875,2167.3660306088063,2449.3064024873697,0.07999999999992724,AY1,K
DCB_se2_ag1_f_01_1,18952,IY0,7196,actually,556.6980288479988,2435.653700285252,2842.6289858670834,614.8451830985487,2280.322920812002,2831.24700124986,593.0488900276822,2504.598816338842,2916.9934946988246,0.07999999999992724,L,G
DCB_se2_ag1_f_01_1,18954,AA1,7197,got,879.1437819358524,1322.420521608447,2037.3648495549096,924.2423169776267,1345.8322909203239,2055.8570149715542,847.4789680601898,1403.3267882991677,2004.1499210011252,0.07000000000016371,G,T
DCB_se2_ag1_f_01_1,18956,IH0,7198,into,574.3301587997497,2092.6471091804465,2953.5000623131677,695.3958219441643,1904.4496834911422,3144.8203719711228,575.035948213907,2094.685894248586,2949.187136632182,0.05999999999994543,T,N
DCB_se2_ag1_f_01_1,18959,AH0,7198,into,527.5067292564692,2037.6831190630514,3132.824650386239,583.0041065075933,2007.065754654898,3191.3102477201173,556.1857764617839,2066.9380075945583,3171.9990799602515,0.029999999999972715,T,D
DCB_se2_ag1_f_01_1,18961,UW1,7199,doing,599.6880171051341,882.3314608399104,2479.5765233750067,745.8883737974121,2003.8897350935,3790.4402640697026,745.8883737974121,2003.8897350935,3790.4402640697026,0.19000000000005457,D,IH0
DCB_se2_ag1_f_01_1,18962,IH0,7199,doing,580.1818892776303,1577.8725025727226,3252.996180933388,594.3016311100452,1250.0951836381253,3191.9265672051665,565.0474051852211,1713.196939769467,2893.062118706447,0.05999999999994543,UW1,NG
DCB_se2_ag1_f_01_1,18966,AO1,7200,sports,531.6140315621349,818.4228747799768,3013.8651588040007,598.3803810741384,1042.969745284938,2587.8744712878542,597.6884332410372,1123.743179414797,2508.5073324556874,0.06999999999993634,P,R
DCB_se2_ag1_f_01_1,18970,AH0,7201,and,520.1592486199386,1945.2317967700862,3415.925264464236,561.7342537738679,1862.5407019003062,3244.531755768973,517.4298011062704,1949.7274847917583,3408.796603742017,0.08000000000015461,S,N
DCB_se2_ag1_f_01_1,18974,AH1,7202,stuff,792.2139404507509,1654.0204808225892,2903.7678056535615,855.1642066999472,1800.5913165641564,2922.7802775070386,700.569065700801,1816.3659389645804,2367.782386606678,0.17000000000007276,T,F
DCB_se2_ag1_f_01_1,18976,AH0,7203,and,696.8324466060636,1847.8495845857708,1936.931762819924,712.9629147425758,1938.1524196167547,1949.446503719889,712.6195867231789,1940.7628494798478,2069.285546921465,0.029999999999972715,F,N
DCB_se2_ag1_f_01_1,18978,AY1,7204,i,1019.0677467363564,1600.4488175706301,2344.3157755189472,1019.5581946082474,1593.8424121274043,2335.297563678632,996.8902555268911,1688.6176651516764,2105.7754711081343,0.060000000000172804,N,W
DCB_se2_ag1_f_01_1,18980,AH0,7205,was,501.31573089536505,1599.6432887758342,3138.4050696117,562.1000418813608,1583.308630908756,3174.271325655901,564.5655205672429,1675.0866187118927,3153.2007366508515,0.040000000000190994,W,Z
DCB_se2_ag1_f_01_1,18983,AY1,7206,like,888.549058143204,1984.8988464906818,2488.9162618657792,906.9634096650987,1855.971295613664,2430.4653133733345,819.6358444464321,2136.444801475723,2347.386468295364,0.05999999999994543,L,K
DCB_se2_ag1_f_01_1,18987,OW1,7208,oh,506.8246198615667,885.3999464839216,1901.7774931789947,1191.620471167208,2221.378043054968,3534.2099710810294,1176.3896829254807,2219.416438507558,3466.4024748576153,0.1999999999998181,sil,AY1
DCB_se2_ag1_f_01_1,18988,AY1,7209,i,885.4132222138546,1950.0852251123233,2921.367307281129,1151.6542244153165,2073.2690492915995,3275.326097678816,800.0652307576548,2149.903568339901,3242.6433910972605,0.0500000000001819,OW1,K
DCB_se2_ag1_f_01_1,18990,AH0,7210,can,655.631609263854,2346.953846146865,3139.228771174485,677.8084076705203,1967.1431841463993,2365.0896885123534,666.2741574211985,2376.332431619451,3142.180191911653,0.03999999999996362,K,N
DCB_se2_ag1_f_01_1,18993,UW1,7211,do,603.7140324378271,1350.7179802246533,3136.5761522689872,660.0350919049251,1377.4432800998575,3211.2516322055394,528.5443849585317,1849.031738764405,3194.8622060227312,0.10000000000013642,D,AH0
DCB_se2_ag1_f_01_1,18994,AH0,7212,a,538.8985843688005,1426.319525542135,2984.8684780911503,683.4146555707026,1675.0195984413178,3259.6180912569616,637.4921612492892,2007.796194184791,3712.0850726811263,0.10999999999989996,UW1,S
DCB_se2_ag1_f_01_1,18998,IH1,7213,split,814.0033340358335,2118.6874075345845,3435.9708399616125,831.1852654976587,2195.0940283745617,3448.318463563844,730.4412810576843,2301.089523719176,3524.177379577769,0.05999999999994543,L,T
DCB_se2_ag1_f_01_1,19001,AO1,7215,or,656.8443319549707,1157.3884749792153,3389.906431603311,882.8856691642742,1252.7474462067373,3457.6059145410227,734.1670606226306,1309.8206618441432,2893.2108943358558,0.05999999999994543,sp,R
DCB_se2_ag1_f_01_1,19003,AY1,7216,i,855.180427625173,1456.5539129726894,2471.7823183312585,1356.558453963345,2029.8287923641258,3559.053565435461,1278.24722586205,2170.6648947235376,3659.200961523777,0.10999999999989996,R,K
DCB_se2_ag1_f_01_1,19005,UH1,7217,could,617.7417413694185,1934.2020363643835,3067.5431402767217,848.8035866288191,1787.3471053926567,2042.6027441339158,649.6862513844288,2025.7014625139168,3018.657843611627,0.05999999999994543,K,D
DCB_se2_ag1_f_01_1,19008,AH1,7218,tumble,836.5724422333909,1381.8728108700407,1519.5703802474727,930.736826199332,1606.6678396399648,3577.523670510816,897.6952204977837,1564.7995650282426,3484.9121266013794,0.06999999999993634,T,M
DCB_se2_ag1_f_01_1,19011,AH0,7218,tumble,527.4106350935099,892.0678390389476,2417.3759701551053,538.1651202697847,892.2460879320848,2976.4613560309904,468.56231882070836,1274.7592484503339,2329.686993007557,0.029999999999972715,B,L
DCB_se2_ag1_f_01_1,19013,AY1,7219,i,848.6771207309768,1786.2345963124292,2993.8251792762103,1208.67624167642,1838.9754825507719,2367.852245933403,1197.5714765051887,1992.732519715081,2743.3438701446903,0.06999999999993634,L,K
DCB_se2_ag1_f_01_1,19015,UH1,7220,could,594.9008119417729,2396.9287371461323,3097.557904000203,595.1218672285127,2402.1620658572024,3101.6328469296864,595.2150438931413,2404.3679579731297,3103.3504696851583,0.03999999999996362,K,D
DCB_se2_ag1_f_01_1,19018,UW1,7221,do,565.3179478225263,1280.2620673052133,2721.493115553124,592.7493902442836,1841.2392525115554,2808.4914162496207,533.1535568089723,2039.3686029833682,3167.557227320503,0.12000000000011823,D,DH
DCB_se2_ag1_f_01_1,19020,IH1,7222,this,549.9667646998728,2021.5585850605064,2903.0750897258877,602.2555921694421,2008.959708031549,2811.9287749035284,594.353237174629,2033.2357155117588,2869.17591810547,0.07999999999992724,DH,S
DCB_se2_ag1_f_01_1,19024,IH1,7223,flip,703.6167852012007,1967.1950861254525,3183.6963402369006,787.0500776058421,1716.620281926829,2001.5925172158102,747.7920161379444,2023.4724099190703,2716.6889029063004,0.10999999999989996,L,P
DCB_se2_ag1_f_01_1,19027,AY1,7225,i,1129.720465156452,1619.52330943414,2467.203883039247,1164.9291934413918,1545.8400658357023,2122.7258668886216,912.6958703854372,1858.744027196006,2965.8163530187185,0.18000000000006366,sp,W
DCB_se2_ag1_f_01_1,19029,AH0,7226,was,520.7316606573,1552.7102502372231,2972.4044391548864,621.310766003868,1501.2750045977223,2751.294902896634,540.3399064339686,1562.5341849943757,2976.746726862713,0.040000000000190994,W,Z
DCB_se2_ag1_f_01_1,19031,IH0,7227,excited,377.0596470652193,1536.0952591040148,3004.8318227582818,855.5041767070064,1465.5093083114916,3268.827578712929,386.1584937130655,1561.8362621154608,2730.1882530872685,0.03999999999996362,Z,K
DCB_se2_ag1_f_01_1,19034,AY1,7227,excited,530.6129651660718,2084.888430521347,2552.0471292753186,553.8521695723092,2119.5905630538846,2392.15232442841,553.8204857207775,2119.557126683417,2391.43600236303,0.029999999999972715,S,T
DCB_se2_ag1_f_01_1,19036,AH0,7227,excited,729.4845329328729,2021.676678039494,2478.305100475551,735.4776482431586,2024.584264706817,2452.0830347536003,581.1995832220659,2344.89691876358,2571.83103371374,0.07999999999992724,T,D
DCB_se2_ag1_f_01_1,19040,AE1,7229,and,690.0384415203341,2178.184595890813,3355.4000671898557,751.5069319912286,2270.982785151284,3438.3787223284357,747.6153964322242,2281.9169094994218,3384.7967977647477,0.11000000000012733,,N
DCB_se2_ag1_f_01_1,19042,AY1,7230,i,1045.4800245950296,1790.608160943244,3001.6312453837004,1132.4151926403913,1910.244901362587,3193.9487188841167,966.7518894512533,2040.5001483810672,2945.5866241211247,0.08999999999991815,N,W
DCB_se2_ag1_f_01_1,19044,AA1,7231,was,690.5878967134333,1610.8534827442527,2761.772905848853,768.5951366665449,1088.7389234122131,3232.184330350093,680.329023413329,1694.844376929855,3040.858992413629,0.06999999999993634,W,Z
DCB_se2_ag1_f_01_1,19047,AH1,7232,the,734.453023488113,2092.6473300791786,2709.0386136449506,807.80210970101,1587.1505368880967,2033.7747585946236,730.1631429659091,2118.1333029768293,2671.058238649335,0.08000000000015461,DH,sp
DCB_se2_ag1_f_01_1,19050,AE1,7234,and,826.2008751022526,2127.9163018475956,3100.3303949163733,1110.0910369242572,2236.634098094513,3144.614694295581,1113.714843166471,2264.4412724817503,3116.679420871891,0.08000000000015461,,N
DCB_se2_ag1_f_01_1,19052,AY1,7235,i,984.4262247173947,1704.0070250587096,2936.0399745482387,987.0373599697591,1790.708825758414,2917.2568397004966,970.208552184726,1888.9493178938772,2872.728796583876,0.049999999999954525,N,W
DCB_se2_ag1_f_01_1,19054,AA1,7236,was,664.2651949548904,1413.5041853575497,3525.904744486079,793.0782929892216,1494.6180190551086,3404.5446222815817,640.5443236767766,1499.8708761633247,3332.275453877303,0.03999999999996362,W,Z
DCB_se2_ag1_f_01_1,19057,AH1,7237,the,596.2041488957929,1372.3580237486722,3397.7677684792347,661.3365590202782,1441.3891710607725,3383.7330418956685,598.6306781339522,1461.437616645518,3341.3686484244276,0.06999999999993634,DH,L
DCB_se2_ag1_f_01_1,19059,AW1,7238,loudest,987.9524528884617,1521.9579426561045,3072.695108383725,1142.671062505547,1817.5795470124897,3028.034433936205,1128.2157991567685,1952.4112252718144,2984.2377583345897,0.16999999999984539,L,D
DCB_se2_ag1_f_01_1,19061,AH0,7238,loudest,546.3515998998026,2020.0935321149598,3180.878872517188,564.9951125267485,1937.718344105571,3125.6965144762844,542.3216686362098,2042.962803738238,3184.8206022993086,0.07000000000016371,D,S
DCB_se2_ag1_f_01_1,19064,AO1,7239,on,670.9284196475857,1053.166817123604,2203.747525743057,726.9407523872919,1070.1200277252617,2222.114457202834,625.3142908854421,1227.9389032540282,2262.4905835161394,0.049999999999954525,T,N
DCB_se2_ag1_f_01_1,19067,AH0,7240,the,417.8295000477169,1819.351402807506,2658.197750165224,614.7536828194693,1639.9870654996716,2961.0499770761207,467.187725455909,1983.076764012957,2849.802469903739,0.06999999999993634,DH,T
DCB_se2_ag1_f_01_1,19069,IY1,7241,team,559.2415476236265,1591.6448369567627,3027.9338494168014,652.2222015467787,1366.7117632454497,2728.2444537034075,621.6435518554491,2514.69371624304,2644.062908546248,0.2300000000000182,T,M
DCB_se2_ag1_f_01_1,19073,OW1,7243,so,498.8411403173182,1052.6315048784882,3194.2408435509174,698.4953305814422,1415.2050125084602,3042.734932257838,645.6870262084586,1627.525234952067,3028.1517914204996,0.2400000000000091,S,sp
DCB_se2_ag1_f_01_1,19075,AY1,7245,i,715.4376973338905,1827.1756659903056,2261.826010782517,1260.500925765239,1893.8499099035153,2803.9295057941918,1032.3689414206144,2174.452864091799,3246.9718553359407,0.290000000000191,sp,
DCB_se2_ag1_f_01_1,19079,AY1,7248,right,639.9646891082991,1496.142185330536,2572.922575076708,1293.1721583265166,2437.5551130436843,3222.811229563198,514.171718006472,2558.298913420069,2892.3020218642937,0.22000000000002728,R,T
DCB_se2_ag1_f_01_1,19084,OW1,7250,so,661.3021845750177,1280.3205468707379,2955.443858460446,952.4968383752712,1717.4598698267705,2992.695899559975,952.4968383752712,1717.4598698267705,2992.695899559975,0.1799999999998363,S,AY1
DCB_se2_ag1_f_01_1,19085,AY1,7251,i,1048.7634960223884,1586.2312980526592,2777.636037297132,1049.7674294420417,1587.0979889317628,2774.833464569862,853.0273916014339,1902.953512848032,2873.963730770659,0.16000000000008185,OW1,S
DCB_se2_ag1_f_01_1,19088,AA1,7252,started,810.4637321287724,1468.4192129301994,2357.150888130759,898.2095040509854,1293.6393273811384,2117.8647540946176,610.2936453238262,1770.504289695257,2676.114731349991,0.0500000000001819,T,R
DCB_se2_ag1_f_01_1,19091,AH0,7252,started,672.6506587379344,1643.3016148061006,2675.4981507736034,776.1756914730049,1599.7925692453564,2555.209343943462,609.7109114265728,1972.136919361466,2555.2390704740474,0.20000000000004547,T,D
DCB_se2_ag1_f_01_1,19093,AH1,7253,um,730.9195220002198,1825.2447559093284,2610.794944563474,811.3294487869516,1631.3736475386647,2605.8783761443174,726.5603186174025,1868.1401185965585,3079.274245702426,0.16000000000008185,D,M
DCB_se2_ag1_f_01_1,19096,AY1,7255,i,1009.6926984142312,1855.2204068993242,1871.3249160375012,1073.1568374495757,1814.4135789296267,2465.957127740352,979.0452281978172,1962.887551311329,2751.9796664082546,0.13000000000010914,,S
DCB_se2_ag1_f_01_1,19099,AA1,7256,started,919.3181965133256,1492.1379415891072,2136.087086684705,934.5390282173173,1591.1992380845654,2139.5437856174276,847.5090199930016,1794.0752094174925,2251.842289079628,0.07999999999992724,T,R
DCB_se2_ag1_f_01_1,19102,AH0,7256,started,599.3053798413176,2138.251088317151,3335.295318005119,648.7606295656317,1941.7340087673672,3171.6266516660453,587.3809904217857,2272.283486489632,3260.7269945721496,0.07999999999992724,T,D
DCB_se2_ag1_f_01_1,19105,AY1,7258,i,908.132090123252,1653.2966071291091,2011.5413084268034,993.8023930254279,1940.3224416408243,2664.446423533906,883.4804915121044,2059.6839990819285,2416.77194825319,0.10999999999989996,,S
DCB_se2_ag1_f_01_1,19108,AA1,7259,started,866.4037614531969,1697.9042291783405,2219.539052114669,885.0049425100686,1718.7573060955876,2274.735378381434,881.4904892370149,1725.6390248975688,2300.1287498217644,0.049999999999954525,T,R
DCB_se2_ag1_f_01_1,19111,AH0,7259,started,657.0809863436211,1861.9140224597531,2869.382130852234,662.1821979563472,1916.4980159887077,2849.3681191204387,661.9997468264737,1916.0251293404178,2849.6971861829743,0.049999999999954525,T,D
DCB_se2_ag1_f_01_1,19114,AO1,7261,all,629.114110436898,981.5299965611146,3367.241972824868,757.3578763278906,1341.7204010557343,2780.8237342048774,690.2973540114289,1661.8802366809987,2712.5354184751127,0.13999999999987267,sp,L
DCB_se2_ag1_f_01_1,19117,AH0,7262,the,522.8750448875061,2019.6041458958005,2996.0792981436034,524.8753707742277,2033.2760338647693,3018.810637605276,524.0603574767382,2035.1150720322491,3022.6582686625743,0.049999999999954525,DH,CH
DCB_se2_ag1_f_01_1,19119,IH1,7263,cheers,463.51818798762963,2447.3464151602084,2908.78312302019,519.66836335175,2369.024054970733,2920.1398807076157,483.2748690036847,2547.6787616699607,2983.04393533794,0.14000000000010004,CH,R
DCB_se2_ag1_f_01_1,19123,AY1,7264,like,614.9357673352841,1920.975047869148,2842.824693309347,622.6830230090693,1932.7109065296765,2849.114451760284,578.5500242847235,1994.0181562307334,2862.916002345253,0.03000000000020009,L,K
DCB_se2_ag1_f_01_1,19125,AY1,7265,i,679.8825722703557,1786.4799190151805,2853.798128389242,688.8632118879904,1712.4313554885885,2695.08670668161,677.5794270499407,1826.4743263921682,2851.3215254647102,0.049999999999954525,K,S
DCB_se2_ag1_f_01_1,19128,AA1,7266,started,772.0305310198873,1642.8471224871973,2765.8149840497454,780.122546243226,1636.7163024045146,2227.09482753953,772.225540417228,1642.7638232098236,2763.1435564030385,0.029999999999972715,T,R
DCB_se2_ag1_f_01_1,19131,AH0,7266,started,596.8153970113073,1549.8697782810748,2384.911081768255,680.2131896508141,1688.0684179993414,2517.755870227431,673.8272434466957,1708.9888845672735,2592.729473791311,0.029999999999972715,T,D
DCB_se2_ag1_f_01_1,19134,AH0,7267,majority,573.145884133849,1796.543154070688,2465.8931713018064,598.3445257220302,1770.4886717868592,2486.9217086082467,496.78522506424883,1886.002620689851,3058.9204339486137,0.049999999999954525,M,JH
DCB_se2_ag1_f_01_1,19136,AO1,7267,majority,573.484688876867,1487.5804723452038,2849.228024611104,598.8717633140739,1414.164556094584,2842.110461035757,493.92656434993336,1635.4765162909641,2678.968377475359,0.029999999999972715,JH,R
DCB_se2_ag1_f_01_1,19138,AH0,7267,majority,517.8786824066542,1712.854876980185,2783.0430413713584,562.4736077990918,1579.9116129377026,2883.624803850203,516.0445095986589,1712.234293563201,2784.2060985305625,0.029999999999972715,R,T
DCB_se2_ag1_f_01_1,19140,IY0,7267,majority,461.08512965243574,2196.843415654956,2866.515296406568,487.49383960792727,2302.778860903603,2985.359241863326,462.2323588480236,2372.230664771304,2917.0269226080954,0.029999999999972715,T,AH0
DCB_se2_ag1_f_01_1,19141,AH0,7268,of,479.5886754628342,2376.4106431792443,3038.5838439920685,507.6674998607751,2322.5598602638765,3027.091422604875,472.1160146721201,2395.3211930489015,3042.4793306095307,0.029999999999972715,IY0,V
DCB_se2_ag1_f_01_1,19144,AH0,7269,the,447.2353563234148,2007.4001582410378,2914.811449716346,449.87695724877034,1981.7736675125502,2929.1186660234625,439.428497512738,2017.4662098397366,3027.9927660291955,0.06999999999993634,DH,CH
DCB_se2_ag1_f_01_1,19146,IH1,7270,cheers,482.8660062874834,2434.5868456420744,2681.3679944040728,496.3336209670596,2430.7548529894248,2687.3482668102088,476.56483618548896,2535.9025038047125,2832.220957360035,0.2599999999999909,CH,R
DCB_se2_ag1_f_01_1,19151,AY1,7272,i,1080.658295025998,1885.6626061918644,2873.2852235836617,1176.6025836990568,2011.3824317269882,2827.424530766939,1169.2957839247945,2033.9505021864875,2839.880350630594,0.18000000000006366,,W
DCB_se2_ag1_f_01_1,19153,AH0,7273,was,532.8391441927055,1508.0758479931553,2949.12109433798,601.4304266229194,1490.110372003439,2849.1813373935,502.97836512136115,1530.378449159031,3000.020171864151,0.029999999999972715,W,Z
DCB_se2_ag1_f_01_1,19156,AY1,7274,like,967.6080084651759,1788.4825539129195,2238.6034440672447,966.7723719447099,1592.4007281208042,2101.456855688873,938.1390318953181,1824.2837308951114,2539.843316544817,0.029999999999972715,L,K
DCB_se2_ag1_f_01_1,19159,IY1,7275,leading,511.1727657373017,2541.023787161916,2837.4908371956317,531.4476007935741,2494.013502625037,2880.794480504378,513.12816987249,2545.44445593523,2825.346998187635,0.07999999999992724,L,D
DCB_se2_ag1_f_01_1,19161,IH0,7275,leading,491.4458688579386,2029.190953843599,2903.7570356684946,543.9927109585356,1956.0806114160061,2852.56861464871,491.26855496226824,2031.2447814254358,2896.976733382824,0.029999999999972715,D,NG
DCB_se2_ag1_f_01_1,19163,EH1,7276,everybody,707.724745346328,1980.1186500966649,3021.4716138593944,728.7045696858153,1992.526227161988,2471.3780388642026,725.583361354742,2026.139600014634,2360.179029359021,0.07000000000016371,NG,V
DCB_se2_ag1_f_01_1,19166,IY0,7276,everybody,480.08534650148914,1888.834867489079,2466.563961477637,506.2727616187208,2056.428646564737,2491.0024462966553,439.1298481275501,2279.3728483373598,2427.4973282653855,0.06999999999993634,R,B
DCB_se2_ag1_f_01_1,19168,AA2,7276,everybody,896.0109178169474,1742.0277091372507,2686.5779311071437,898.8116021904473,1757.991750925705,2703.1138253419995,819.4431623857428,2025.9870206546022,2855.225336842445,0.07999999999992724,B,D
DCB_se2_ag1_f_01_1,19170,IY0,7276,everybody,510.8726709131767,1545.1332833072443,2893.9671029362166,716.9672894059679,2572.779640917027,3383.0098922442517,734.7568637080532,2768.335943005247,3459.1636380979244,0.14000000000010004,D,IH0
DCB_se2_ag1_f_01_1,19171,IH0,7277,into,631.5828580012513,2203.840395762952,2789.896631706536,631.5737605442774,2203.96557298982,2789.7825514481224,617.0815680107952,2452.950624732905,2852.604295813842,0.049999999999954525,IY0,N
DCB_se2_ag1_f_01_1,19174,AH0,7277,into,474.77710925855945,1690.3000048990755,2765.443483153521,490.98665473063176,1669.0955245184346,2593.5463893572232,476.87532235805816,1689.2751974724647,2803.0711453181075,0.03999999999996362,T,DH
DCB_se2_ag1_f_01_1,19176,AH0,7278,the,566.9933488754194,1234.1687611139464,2268.2777891944816,624.7025226059532,1492.1740709845863,2357.4366361745965,539.4453245166841,1689.690904774534,2864.358998278301,0.16000000000008185,DH,R
DCB_se2_ag1_f_01_1,19178,UW1,7279,room,647.7193236825395,1203.152841779475,2330.1023400417967,771.4486727641927,1327.1288119287142,2274.681172451152,771.4486727641927,1327.1288119287142,2274.681172451152,0.11999999999989086,R,M
DCB_se2_ag1_f_01_1,19180,AY1,7280,i,998.0369840490521,1528.716937495232,2764.7856869649204,1005.4002208324641,1608.178549866997,2433.981966154033,984.5761957412982,1792.1191097563026,3172.77671115394,0.05999999999994543,M,sp
DCB_se2_ag1_f_01_1,19183,AA1,7282,was,614.6541303663497,1582.5547529891094,2792.697264646033,632.3332098004065,1241.16804818478,2787.071543331167,608.8067335548213,1611.6498041134987,2785.504508219652,0.060000000000172804,W,Z
DCB_se2_ag1_f_01_1,19187,EH1,7284,ready,783.3123035085404,1680.6434343665749,2106.2340995275267,869.6201854480167,1717.849987299502,2075.063008565801,831.5898912723097,2102.790167986052,2159.1735503901264,0.08999999999991815,R,D
DCB_se2_ag1_f_01_1,19189,IY0,7284,ready,496.99870222474124,2512.5870883245434,2736.336108284454,781.4316482300945,2033.42303488106,2962.3128069689697,577.9367610914688,2613.4442179247812,2980.135547201023,0.12000000000011823,D,AY1
DCB_se2_ag1_f_01_1,19190,AY1,7285,i,1013.5304332220664,1613.4759726134948,2052.4314466850587,1026.2783271739893,1567.6137970047098,2008.5715730240513,781.4316482300945,2033.42303488106,2962.3128069689697,0.09999999999990905,IY0,W
DCB_se2_ag1_f_01_1,19192,AH0,7286,was,452.0753292281285,1519.7844375711375,2881.5834633392165,513.6188329245405,1513.1606868573574,2894.917852598457,447.76706280712784,1611.4405517466128,2910.686782064851,0.029999999999972715,W,Z
DCB_se2_ag1_f_01_1,19195,IH1,7288,in,564.496851850168,2267.3739959652758,2802.311399822005,914.8982222699827,1571.1205916298156,2904.120778666308,553.8161655476828,2559.8079936085887,2829.3264043595086,0.14000000000010004,sp,N
DCB_se2_ag1_f_01_1,19197,IH1,7289,it,574.4786477845863,2217.6647752477584,3088.4892217838974,613.9767585396032,2343.463308897399,3065.482138033239,586.6888794235006,2391.892578586264,3109.193249173849,0.06999999999993634,N,T
DCB_se2_ag1_f_01_1,19202,AH1,7291,but,684.9882663185285,1547.2998420575218,2716.9677770949374,743.7272605729609,1555.7952071658171,2736.0465242565892,743.7272605729609,1555.7952071658171,2736.0465242565892,0.049999999999954525,B,T
DCB_se2_ag1_f_01_1,19204,AH1,7292,um,743.0599062570965,1520.5477105385478,2813.0528325069367,835.4899542210777,1518.6218555321734,2926.4098668857328,790.8933731070722,1561.7938050361156,2861.296375087863,0.17000000000007276,T,M
DCB_se2_ag1_f_01_1,19207,OW1,7293,poetry,548.5464903104416,1073.0226295541536,3074.542159835019,663.0446916851449,1273.6203509936677,3035.2406520489467,663.0446916851449,1273.6203509936677,3035.2406520489467,0.0500000000001819,P,AH0
DCB_se2_ag1_f_01_1,19208,AH0,7293,poetry,588.9318029863491,1602.3807619055121,2794.8644259854004,688.987973112624,1350.6757155730431,2947.8863985218236,572.4596205490467,1696.186484971617,2824.472558778347,0.07999999999992724,OW1,T
DCB_se2_ag1_f_01_1,19211,IY0,7293,poetry,529.1034799539972,2399.2747823018226,2763.142074388637,539.1973151855619,2414.5483448599457,2626.7548175958495,534.2812107500096,2434.5778719246123,2608.0916077558154,0.049999999999954525,R,K
DCB_se2_ag1_f_01_1,19214,AH1,7294,club,636.8519692610182,1661.986095468211,3094.8649004507292,642.4304547887549,1714.6780469086418,3053.4548789142204,641.7477901414225,1723.9954473386624,3086.9330839812374,0.16000000000008185,L,B
DCB_se2_ag1_f_01_1,19219,AE1,7296,that,695.1524724914093,2017.3514861394708,2953.9017965485805,711.022800775759,1994.3945413422746,2922.3107749972655,689.990633357408,2022.2271907930797,2943.8261826299718,0.049999999999954525,DH,T
DCB_se2_ag1_f_01_1,19223,IH1,7298,when,635.91567132011,1754.5273884914052,3122.827393627885,650.6193437786238,1524.5958808833975,3007.8452299331943,615.0814564665669,1876.0632278902526,3079.5874214820656,0.03999999999996362,W,N
DCB_se2_ag1_f_01_1,19226,AY1,7300,i,1092.7409927715623,1735.1690334242467,2464.8590521398273,1092.8714535903318,1732.7198746477236,2462.5695113294482,673.6335638876519,1934.670206069402,2657.8199292464133,0.10999999999989996,sp,G
DCB_se2_ag1_f_01_1,19228,AA1,7301,got,850.2242672964684,1985.6568742638644,2623.318278776879,862.4999758397042,1984.650504957728,2675.921820291779,753.616889200027,2044.4576181062032,3068.756787602933,0.049999999999954525,G,T
DCB_se2_ag1_f_01_1,19231,AH0,7302,to,605.1857406566811,1661.0348972083111,3239.8558655828483,622.0494817149865,1782.4552474073012,3230.7237138517576,596.1294633987291,1847.6594727556935,3265.3134484686725,0.060000000000172804,T,P
DCB_se2_ag1_f_01_1,19233,ER0,7303,perform,536.5946867655261,1079.7143579317792,2966.5122182775713,777.1100975722761,1861.0792490885278,3141.3649892207754,500.2280763507993,1888.7763378320626,3243.3725134086294,0.08999999999991815,P,F
DCB_se2_ag1_f_01_1,19235,AO1,7303,perform,673.655381546325,1388.730377332564,1950.639856555001,689.8016434704181,1222.3019732861699,2164.999175952591,674.3545834786202,1456.537774826415,1941.5783962372443,0.06999999999993634,F,R
DCB_se2_ag1_f_01_1,19238,IH0,7304,in,639.1979055546595,1661.1695544111758,2963.0334400297133,639.6921162822688,1663.6284961155338,2965.361039901173,639.5557961465549,1665.043160985439,2963.2001927818683,0.029999999999972715,M,N
DCB_se2_ag1_f_01_1,19242,AH1,7305,front,676.6729274911957,1621.0793546290681,2720.5231549471123,701.6090927712863,1473.2858509336038,2547.7319098261855,634.4077207221259,1729.4315663009547,2949.1432509544907,0.029999999999972715,R,N
DCB_se2_ag1_f_01_1,19245,AH0,7306,of,617.5618661653798,1699.0264031384213,3048.0389557729527,617.7253310670882,1692.5967274713012,3053.3226556471936,579.1876717895491,1744.0739120360518,3001.914145140029,0.029999999999972715,T,V
DCB_se2_ag1_f_01_1,19248,AH0,7307,the,442.1799966246038,1838.9844929769292,3028.7544973191157,483.0097017001392,1897.165822055656,3027.005890119894,481.1906252647576,1898.9939740479174,3061.202611340853,0.06999999999993634,DH,S
DCB_se2_ag1_f_01_1,19251,UW1,7308,school,517.3035299098254,962.2767247868816,3067.9722680300365,775.1649434930598,1335.995485412531,2971.3228476647996,536.9099559784944,1645.5595139165357,2618.2925438397265,0.07999999999992724,K,L
DCB_se2_ag1_f_01_1,19254,AH0,7310,and,723.2757082166697,2318.090394279659,3302.5780915809733,779.2204985657379,1972.3062339533687,2600.4415276799605,720.7345222876414,2350.0971840781845,3309.228860571742,0.029999999999972715,sp,N
DCB_se2_ag1_f_01_1,19257,AE1,7311,that,684.0004674608189,2082.022870961106,2917.4534392866854,683.5340176114946,2080.8923251594983,2749.919171640785,683.5382252387087,2080.9025232875256,2751.4304203738716,0.029999999999972715,DH,T
DCB_se2_ag1_f_01_1,19261,EH1,7313,when,645.0123199701846,1499.5947424856668,3078.9273571944236,644.7730948811156,1492.9461387760061,2956.7080060038643,633.0073477730507,1548.2017927033955,2946.170130199916,0.029999999999972715,W,N
DCB_se2_ag1_f_01_1,19264,IY1,7314,people,549.8222116257389,2471.3866616641376,2771.3224599258047,589.3606641196194,2268.2659159858104,3056.1791287190267,545.5815377712189,2545.855148770244,2770.194595810601,0.06999999999993634,P,P
DCB_se2_ag1_f_01_1,19266,AH0,7314,people,462.5546400138686,1245.5160890778868,2771.9981344324865,756.8236162568329,1667.0335706283558,2643.944930574436,756.8236162568329,1667.0335706283558,2643.944930574436,0.049999999999954525,P,L
DCB_se2_ag1_f_01_1,19269,UH1,7315,would,484.18588386806306,1103.1964125423933,3282.514982914507,491.2301183640325,1026.6778194880258,3355.6702495313266,416.7160675956595,1218.8715340169874,3024.211090770555,0.029999999999972715,W,D
DCB_se2_ag1_f_01_1,19272,AH1,7316,come,815.849223416698,1455.8738749345534,3207.633130827162,875.9773660472598,1575.6737342826802,3059.0541729332467,875.9773660472598,1575.6737342826802,3059.0541729332467,0.03999999999996362,K,M
DCB_se2_ag1_f_01_1,19275,AH0,7317,to,584.5762193122094,1755.7271121421952,3277.091180183437,605.2638586972944,1794.3708225061755,3295.013832689293,591.6966187413452,1810.931557931586,3066.0506534479987,0.03999999999996362,T,M
DCB_se2_ag1_f_01_1,19277,IY1,7318,me,438.52618391717124,2517.47274005354,3107.1369243049908,439.0535092110972,2465.9637737820854,3123.275434405208,435.9082868502321,2641.936548547708,3101.287511272464,0.06999999999993634,M,B
DCB_se2_ag1_f_01_1,19279,IY0,7319,be,563.237340402069,1661.4074427726637,3185.846860885151,579.0542253484715,1685.6237464365138,3234.3344872528965,534.960237656176,1899.8721945943503,3187.8321829459105,0.029999999999972715,B,sp
DCB_se2_ag1_f_01_1,19282,AY1,7321,like,1011.179415902338,1982.0553925418776,3223.27795165182,1076.614377287068,1879.929218081972,3314.5616654227592,961.474646490977,1991.032327459869,2978.2306475472037,0.049999999999954525,L,K
DCB_se2_ag1_f_01_1,19287,AE1,7323,dang,630.0336193370179,824.5483608170406,2591.7391926573905,823.4648913882099,2192.4138139181837,3312.9610920982745,613.0005568505198,2644.2910317915876,3491.5659660100296,0.15000000000009095,D,NG
DCB_se2_ag1_f_01_1,19291,UW1,7325,you,384.04441977416695,1178.5406883978217,2639.4543194566054,518.018552434407,2558.845655090045,3478.8438188588743,518.2043628968897,2579.090441694192,3460.772228291932,0.14999999999986358,Y,sp
DCB_se2_ag1_f_01_1,19294,UW1,7327,you,410.43351567346207,1476.0383535270335,3162.4708646570657,525.0928205373273,1453.4266710019704,3047.001066705469,388.5411268785346,2007.2144010765526,2650.906482681684,0.16999999999984539,Y,sp
DCB_se2_ag1_f_01_1,19297,AY1,7329,nice,751.5757460252253,1750.2905221040094,2261.346353625358,1027.2904560258348,1792.1964250075457,2002.2114308954212,570.7490021363748,2543.577782657201,2834.9821059231126,0.20000000000004547,N,S
DCB_se2_ag1_f_01_1,19300,UW1,7330,you,502.78566057008265,1901.3155635047092,2642.0270840166986,545.3131204188761,1703.905907516332,3000.372877673296,480.2151145941078,2550.761247204114,2744.7773005274007,0.05999999999994543,Y,sp
DCB_se2_ag1_f_01_1,19303,UW1,7332,you,610.040800202803,2178.34405954345,3131.0733918773694,623.7250468385786,2198.6384313650137,3157.968849835737,583.9918655145526,2367.446284861086,3212.133677332042,0.06999999999993634,Y,G
DCB_se2_ag1_f_01_1,19305,AA1,7333,got,893.182983790111,1755.506052953196,2332.867453066159,947.7471042633749,1806.1597966255297,2054.844168915472,684.4243891296765,2171.490913274797,2740.1925160161845,0.11999999999989086,G,T
DCB_se2_ag1_f_01_1,19308,ER1,7334,words,579.8354122985154,1711.651662504025,2040.2570280063187,662.1932554123863,1343.4605323641726,2162.6877852075345,543.7817329006054,2126.5085024025475,2481.5757530602177,0.19000000000005457,W,D
DCB_se2_ag1_f_01_1,19312,UW1,7335,you,570.9428452931079,1773.7982231126432,2883.4420047319113,573.2507141321278,1754.010527991218,2899.582933743007,523.903836142763,2264.5182542635566,3088.354882014715,0.12000000000011823,Y,sp
DCB_se2_ag1_f_01_1,19316,UW1,7337,you,544.2279059787284,2232.5442954830173,2920.111745615249,550.1550351146067,2459.7626038926023,3132.5591252484687,550.1512817780263,2460.4866137398944,3134.7643389665686,0.049999999999954525,Y,N
DCB_se2_ag1_f_01_1,19318,OW1,7338,know,747.5086801448937,1649.2895165256102,2921.555824938329,748.6271905597397,1639.0907365763355,2847.488555828103,644.2583461759602,1850.4383392862894,2414.132735379466,0.07999999999992724,N,Y
DCB_se2_ag1_f_01_1,19320,UW1,7339,you,542.7236026043972,1730.4343522160716,3015.6233812421883,567.6335398793718,1821.2799551810049,3024.4229408501196,517.1631982199815,2308.069834967865,2924.888351661507,0.11000000000012733,Y,sp
DCB_se2_ag1_f_01_1,19323,UH1,7341,good,702.36217653605,1717.1976559861162,3359.4742433911742,871.3359358415976,1850.8627021232658,3295.6364782249743,552.1392035634984,1917.0019962051174,2949.367873864297,0.19000000000005457,G,D
DCB_se2_ag1_f_01_1,19325,AE1,7342,and,662.1817197909807,1895.4543219690756,3114.5691200813685,699.8786598960492,1916.7979019715551,3093.971389269518,680.1877305445787,1959.2182381337373,3100.387179738877,0.049999999999954525,D,N
DCB_se2_ag1_f_01_1,19327,AY1,7343,i,781.7616719941688,1671.3668046104451,2593.4199127080483,811.3120040965115,1585.4730013165663,2201.9653744454745,703.8805589620666,1851.8182358892957,2766.7290097863674,0.060000000000172804,N,W
DCB_se2_ag1_f_01_1,19329,AH0,7344,was,546.5070928840371,1444.1440666747694,2728.700400939093,932.1950534490275,1448.8208129515335,3133.748241904204,605.2841832550182,1466.6597549366152,2937.26095948569,0.029999999999972715,W,Z
DCB_se2_ag1_f_01_1,19332,AY1,7345,like,806.8925580896894,1933.6546167446795,3127.541787321933,835.4309317028011,1851.1870593481065,3108.0467674126116,683.582907012142,2068.95149606937,3159.8812639843095,0.029999999999972715,L,K
DCB_se2_ag1_f_01_1,19336,AA1,7347,ah,408.81482991929016,1987.3775651298708,2872.4026298503154,551.0745679202751,2645.831174763006,2974.7394323294957,510.2394788359974,2662.5570057851082,2940.3056219254477,0.029999999999972715,sil,R
DCB_se2_ag1_f_01_1,19338,IY1,7348,really,533.0626145667673,2434.898860958883,3074.2437552646174,879.4831466030142,2548.9876211423184,3089.940086789714,854.5244346271459,2559.7401900520317,3120.0244798524063,0.029999999999972715,R,L
DCB_se2_ag1_f_01_1,19340,IY0,7348,really,576.7476918141551,2467.3066923390934,2627.4019531157223,605.7791689612627,2437.4894489269423,2721.7982943826414,507.624349984013,2518.8473389222463,2774.7905082518255,0.029999999999972715,L,DH
DCB_se2_ag1_f_01_1,19342,AH0,7349,that,499.0666612087488,1791.1641974868658,2717.9958167826144,1186.5631063305614,1849.4719269113384,3462.6857051641055,1212.5091541801064,1857.061845604583,3475.7624512802126,0.029999999999972715,DH,T
DCB_se2_ag1_f_01_1,19346,IY1,7351,me,1664.5395317898083,2158.465555515752,3246.785037254134,1648.9582708884095,2307.1110917255883,3130.093881528096,1618.5452554039473,2597.2518590905784,2902.324771668881,0.029999999999972715,M,spn
DCB_se2_ag1_f_01_1,19350,OW1,7354,so,669.4009704325701,1434.929431397331,2663.3237096204166,688.4997146466144,1625.0649355394826,2781.9776088622816,529.6774957108606,1696.6310554305383,2746.5122937664873,0.17000000000007276,S,sp
DCB_se2_ag1_f_01_1,19352,AH1,7356,uh,724.2584686368749,1826.8451329523148,2888.308274365509,763.659391060855,1585.7483763231583,2759.597758123566,698.883716871228,1950.3507635530596,2960.678027952373,0.20000000000004547,sp,sp
DCB_se2_ag1_f_01_1,19354,AE1,7358,and,662.742562282082,2057.1251579774944,2977.143262029008,775.2725958141441,2111.313230791979,3004.822504619023,770.6628174781423,2118.938899445159,2978.792403670663,0.09999999999990905,sp,N
DCB_se2_ag1_f_01_1,19356,AY1,7359,i,859.0524392472952,1949.769838664509,2843.4050380222093,987.8381873675933,1935.3591111586823,2891.641777195466,751.9506866955445,2007.905633737199,2856.15042088594,0.060000000000172804,N,TH
DCB_se2_ag1_f_01_1,19358,IH1,7360,think,583.6248364146943,2116.1163410339996,3011.8226342623966,584.1483659974909,2096.6571777547056,3011.116431466175,531.4016568979839,2264.105356133732,2891.9193575002882,0.03999999999996362,TH,NG
DCB_se2_ag1_f_01_1,19362,AE1,7361,that,694.8205746445965,2043.5414747400375,2968.016997460369,707.333011803753,1929.296802104917,2825.0739276105796,646.8371751848924,2084.4387685219003,2904.2006710071855,0.040000000000190994,DH,T
DCB_se2_ag1_f_01_1,19366,EH1,7363,when,674.5716444433607,1534.6048183012138,2882.4304175263533,676.5677670609072,1520.932924961036,2812.0248764836683,636.0783500853348,1604.08484936177,2802.397393169087,0.03999999999996362,W,N
DCB_se2_ag1_f_01_1,19368,AY1,7364,i,871.907395779506,1728.7119474601386,1970.8779312404674,924.6681207683791,1735.2054960482383,2084.656206733322,749.684875707296,1780.764240787796,2103.1334022458127,0.08999999999991815,N,R
DCB_se2_ag1_f_01_1,19370,IH1,7365,really,627.7339610526074,1868.8402567128608,2846.632352457721,630.5593783220872,1764.2302295329578,2766.9802319698615,606.8465405389471,1973.01758376245,2959.3775798335546,0.060000000000172804,R,L
DCB_se2_ag1_f_01_1,19372,IY0,7365,really,549.1559461844528,2858.0895116726747,3037.2452968366765,576.1325920822977,2714.9751712593006,3481.8877651797893,531.3499344619237,2888.824904095023,3850.735857829512,0.14999999999986358,L,sp
DCB_se2_ag1_f_01_1,19375,IH1,7367,really,560.4236941563229,1829.9281503551656,2640.4879599448223,564.2583287985868,1924.012210509901,2832.9771431531562,564.0691715872535,1923.662228084424,2827.195417774194,0.03999999999996362,R,L
DCB_se2_ag1_f_01_1,19377,IY0,7367,really,507.3290799378313,1503.2234712017325,2747.4555054975963,565.2049269093886,2514.636375106849,3042.0281992315686,499.1851860688642,2777.6462517511122,3483.057557802456,0.1999999999998181,L,sp
DCB_se2_ag1_f_01_1,19380,OW1,7369,dove,612.5268158116784,1244.4778114464448,3052.8255615427556,620.935447608802,1267.8006059614058,3029.5440234051994,582.6877400509076,1470.1507975950894,2970.650296634425,0.05999999999994543,D,V
DCB_se2_ag1_f_01_1,19382,IH0,7370,into,540.2122869914035,1790.4470450695524,3235.8531801501304,575.9018910118381,1725.95385027576,3307.363075443344,513.622031503273,1933.2446383085207,3255.058601436043,0.03999999999996362,V,N
DCB_se2_ag1_f_01_1,19385,UW1,7370,into,459.66754822671214,1096.293770191795,2914.5095464901915,488.11366170734823,1226.5229240543517,3030.5543490751697,466.78173487092334,1667.6955507259283,3012.249171882257,0.11000000000012733,T,L
DCB_se2_ag1_f_01_1,19387,AY1,7371,like,898.511916387101,1880.8021149377726,2716.82480520487,988.8135286351352,1753.9378725133136,2507.4765878566745,677.6422130369353,2036.683984838188,2970.236245192857,0.09000000000014552,L,K
DCB_se2_ag1_f_01_1,19392,AY1,7373,my,1020.881881446966,1877.1873743286285,2699.8493739920305,1043.684206712311,1812.1996538061494,2565.1471227689312,961.4609330202486,1981.8066968910641,2773.550065143089,0.09000000000014552,M,K
DCB_se2_ag1_f_01_1,19395,IY0,7374,creative,440.7567975622578,2601.2099186312803,2743.319287368357,552.3491198034861,2362.5346857437216,2734.885590116065,455.6173254534314,2704.8917285017865,2794.3738592145137,0.1799999999998363,R,EY1
DCB_se2_ag1_f_01_1,19396,EY1,7374,creative,477.38155466117865,2094.517025489138,2677.9527316631256,491.7381840079677,2423.326965261186,3101.724254878754,488.93832740547225,2440.9316111337266,3092.1855209947926,0.029999999999972715,IY0,T
DCB_se2_ag1_f_01_1,19398,IH0,7374,creative,516.9524061553419,1892.692708837368,2951.0312714337483,564.7176567930991,1715.2043576486012,2783.618884286383,461.351216139673,1934.0201073537335,2856.572686938576,0.08999999999991815,T,V
DCB_se2_ag1_f_01_1,19402,IH0,7376,expression,689.2756808033879,2102.405151066636,2890.70599269565,903.7987468019514,1749.0861006395317,2624.4439703456474,703.6512134912537,2217.244972165958,2979.0285994950577,0.10000000000013642,sil,K
DCB_se2_ag1_f_01_1,19407,EH1,7376,expression,672.5768539117547,1742.6596625842146,2202.2678887901843,752.8690149893845,1618.9611017844475,2119.9151852946325,611.6475143703253,1881.4432253527116,2388.1735274652797,0.05999999999994543,R,SH
DCB_se2_ag1_f_01_1,19409,AH0,7376,expression,621.9755284657278,2049.0670854444616,3170.364035387534,667.6911547481949,2057.857675727844,2924.299099784638,604.3926937967437,2065.7160626519976,3381.7680010653376,0.03999999999996362,SH,N
DCB_se2_ag1_f_01_1,19412,IH0,7377,with,568.5101373685891,1133.7733436825638,3111.67983067214,606.5612726969464,1199.9634513047465,3078.4833634541856,606.5612726969464,1199.9634513047465,3078.4833634541856,0.03999999999996362,W,DH
DCB_se2_ag1_f_01_1,19415,AY1,7378,my,855.8591289581711,1630.941896831641,2622.5489947042643,908.0067687499476,1702.8083126751415,2381.0665749445548,905.94245591661,1699.7441650176509,2393.83078800085,0.12000000000011823,M,W
DCB_se2_ag1_f_01_1,19417,ER1,7379,words,536.6522805385757,1706.3970712870814,2338.70291927054,604.5662109828394,1492.1961317585094,2087.304136401187,417.785024351409,1914.1963536305889,2440.058263474105,0.20000000000004547,W,D
DCB_se2_ag1_f_01_1,19422,AE1,7381,and,633.6797009380967,1116.1897938256698,2797.136491767016,958.0371335363727,1669.7001323856005,3171.5228401376917,655.7973515854924,2458.9008314859843,3383.8379625771363,0.05999999999994543,sil,N
DCB_se2_ag1_f_01_1,19425,AY1,7382,like,780.2705468857325,1965.444543581479,2570.833163052627,828.5397667282447,1889.343769151542,2768.933267136631,793.0980095458981,1968.0378522000976,2662.033860698962,0.05999999999994543,L,K
DCB_se2_ag1_f_01_1,19428,EH1,7383,when,605.5112915202585,1568.0766584692053,2427.628641528802,607.750338713008,1610.8350888059,2668.094968339812,511.53843731862895,1641.6877344670738,2960.9948332693352,0.03999999999996362,W,N
DCB_se2_ag1_f_01_1,19430,AY1,7384,i,839.5910179577858,1302.4824247296308,1830.3898668626423,844.5746738422706,1448.299682353386,1795.8867849765606,725.7218964111486,1902.2961418851216,3354.1285442257113,0.09000000000014552,N,N
DCB_se2_ag1_f_01_1,19432,UW1,7385,knew,514.8747203216592,1008.2770911214326,2717.5610810705666,521.4098566364069,822.6634298590113,3166.8137557933765,511.82740820832004,1683.6132550882137,2955.0906953807853,0.13000000000010914,N,sp
DCB_se2_ag1_f_01_1,19434,AY1,7387,i,1078.382227115173,1723.8578146920318,2456.5874040696144,1097.4804788861677,1756.148316354356,2470.380637540863,1018.8041220432075,1874.4187936177764,2983.8859993015244,0.15000000000009095,sp,K
DCB_se2_ag1_f_01_1,19436,UH1,7388,could,614.1991842614747,1967.1742547454387,3133.333341432906,1021.3764452982538,2033.0185828057674,2902.716359680961,585.6210407963066,2095.8032824834013,3202.8405180030877,0.05999999999994543,K,D
DCB_se2_ag1_f_01_1,19442,AY1,7392,i,1023.5697598834341,1626.9001550866806,2453.3662234679864,1046.8852461478473,1677.6301330897693,2425.1694989176467,824.5145589153873,2035.1877762344677,2560.5511750520905,0.15000000000009095,sp,K
DCB_se2_ag1_f_01_1,19444,UH1,7393,could,591.6331968101263,2258.129212702293,2760.9040353338096,890.3268026935247,2050.90879733054,2450.6846930328393,577.6304170741543,2410.1762774828967,2794.862418696314,0.049999999999954525,K,D
DCB_se2_ag1_f_01_1,19447,EY1,7394,change,672.9361110566173,2359.01822199616,2766.2604913327723,713.0606246420166,2175.825253440059,2641.6285964720446,646.8490521786346,2497.137127980666,3303.615588224707,0.06999999999993634,CH,N
DCB_se2_ag1_f_01_1,19451,AH1,7395,someone,663.8261368737838,1545.1983993871893,3201.2662518148377,663.4866847177747,1524.094787597949,3238.6618032742545,576.5906750419498,1838.9049320228128,2911.5828986447314,0.03999999999996362,S,M
DCB_se2_ag1_f_01_1,19454,AH2,7395,someone,651.6371190904885,1343.1186857938023,3348.857856928502,814.8581627055833,1516.514430670549,3453.1478465103423,810.5319991193413,1521.8396332719637,3454.801322920203,0.040000000000190994,W,N
DCB_se2_ag1_f_01_1,19459,OW1,7397,so,648.8727478117145,1792.1656137497666,2967.782659350331,666.9601442638052,1831.587625114893,2957.503574108722,571.2264868459308,1920.1709281928897,3131.1370334466683,0.08999999999991815,S,W
DCB_se2_ag1_f_01_1,19461,EH1,7398,when,651.8309941851785,1535.43705715721,2917.579488279315,656.304429201921,1585.3913339479204,3397.1218713698345,653.6793099979676,1630.37304173836,3441.5940542441203,0.03999999999996362,W,N
DCB_se2_ag1_f_01_1,19464,IY1,7399,we,581.6810542769184,2656.06284546496,3117.425423010899,581.6337426565739,2647.5393085002124,3132.6667118141613,581.6594412561257,2652.169100539174,3124.3879892771793,0.05999999999994543,W,D
DCB_se2_ag1_f_01_1,19466,IH1,7400,did,445.14343919816497,2481.1377832119497,3156.4611427469986,562.4070660966022,2394.0794486908558,3221.55147212264,475.73297563068684,2492.7139087699343,3223.729134571511,0.05999999999994543,D,D
DCB_se2_ag1_f_01_1,19468,OW1,7401,open,623.5446384492298,1120.7547716942904,3122.847318025355,688.1358275077934,1276.6632684160854,3104.275684039825,683.4228050099152,1553.1751742604943,3131.8504457767012,0.08999999999991815,D,P
DCB_se2_ag1_f_01_1,19470,AH0,7401,open,616.5386725011102,1480.638047930892,2766.3585312947303,616.9191507525967,1486.4372438194798,2777.424966295242,615.2801562992587,1497.8324313542487,2803.082976998343,0.029999999999972715,P,N
DCB_se2_ag1_f_01_1,19473,IY1,7402,mics,661.6572586122611,1806.1056506336886,2589.839988374513,701.9682981070557,1762.3739397706886,2265.652228184887,620.2173012092643,1944.8510154598582,2721.307971580356,0.05999999999994543,M,K
DCB_se2_ag1_f_01_1,19478,AH0,7404,and,671.0383899127926,2149.4014004496753,3015.3717734772263,816.9962633360178,1982.6442088598508,3178.5530831997035,737.9430225737934,2175.9039531069907,2834.9092058926744,0.040000000000190994,sil,N
DCB_se2_ag1_f_01_1,19480,AY1,7405,i,919.0342953720512,2027.3729286526936,3076.5779054247637,930.4792448811817,1929.1957107877536,3032.849957980458,920.5428066429977,2039.7815475875398,3081.333993114874,0.03999999999996362,N,N
DCB_se2_ag1_f_01_1,19482,OW1,7406,know,643.1335533289528,1287.068727431525,3148.2156046911364,947.5171074250602,1638.244679258157,2749.6228938130557,619.1135897916743,1642.5519792369362,2836.661008052251,0.12000000000011823,N,AY1
DCB_se2_ag1_f_01_1,19483,AY1,7407,i,929.5158747934915,1608.4804730030064,2663.62181793598,1038.4654583305496,1647.838754838158,2619.4695619636095,1013.5823967626918,1685.8131267551637,2659.3084790232742,0.18000000000006366,OW1,B
DCB_se2_ag1_f_01_1,19485,IY1,7408,be,485.19163054099386,2316.3658258319533,2689.3346922178257,633.2925732020068,2021.388713242546,3197.408224259501,481.17364996812387,2399.4033546152673,2957.0612023680333,0.05999999999994543,B,AH1
DCB_se2_ag1_f_01_1,19486,AH1,7409,up,648.1793637887998,1775.496514959513,2100.4874809174244,648.6658843900965,1750.495369574878,1904.626871929865,633.2925732020068,2021.388713242546,3197.408224259501,0.049999999999954525,IY1,P
DCB_se2_ag1_f_01_1,19489,EH1,7410,there,639.9970578067981,2129.6651330363284,3103.9663806670455,641.9469851073136,2105.520397321417,2991.025383840108,637.2652549178016,2131.0571677120583,3113.0181668130235,0.029999999999972715,DH,R
DCB_se2_ag1_f_01_1,19492,IY0,7411,reciting,534.446704119349,1798.2692234139065,2962.751099648243,599.3955818503273,1764.3454108254368,2785.913493849132,478.44542052311084,1850.2935645991017,2897.136239178751,0.049999999999954525,R,S
DCB_se2_ag1_f_01_1,19494,AY1,7411,reciting,667.5529112707609,2053.210375297186,2729.1581628645763,697.2137077600011,1744.208096780771,2566.8676608437245,644.0982119548449,2130.9985020349704,2635.553288102137,0.05999999999994543,S,T
DCB_se2_ag1_f_01_1,19496,IH0,7411,reciting,638.438907896034,2005.4751483265231,2734.384384881944,681.1975536721538,1792.6470191084748,2883.6146506114555,600.1394476701508,2226.372461014126,2807.2602592506355,0.03999999999996362,T,NG
DCB_se2_ag1_f_01_1,19499,AY1,7412,my,899.1970698673749,1510.635753036891,2528.3862985169662,925.501243707352,1539.250407702569,2436.389794308862,880.2240293364302,1579.613721034649,1606.3766152513133,0.07999999999992724,M,P
DCB_se2_ag1_f_01_1,19501,OW1,7413,poem,652.3280978026295,992.1226639993978,2052.5315923824487,738.6267056935095,1083.8443537729281,1902.8721160645414,702.6124401920629,1119.6799555118687,2105.332365897702,0.2300000000000182,P,AH0
DCB_se2_ag1_f_01_1,19502,AH0,7413,poem,632.7340446364329,946.4060375158475,2152.3327779478,655.915605685712,931.3253445809081,2338.3133771663547,632.9191587035066,951.9406818386335,2153.9752839498287,0.029999999999972715,OW1,M
DCB_se2_ag1_f_01_1,19505,AH0,7415,and,735.6213499804654,2118.781044944394,3027.5309835042017,800.2695107460153,1822.749947141138,2772.8117149038653,680.2678702958194,2173.6679294912055,3186.2880758964825,0.06999999999993634,sp,N
DCB_se2_ag1_f_01_1,19507,AY1,7416,i,827.4759513349634,1359.90569330449,2534.045513844208,932.5966558147784,1663.5097157488528,2211.171791286376,894.0859389897221,1740.5543633332752,2344.7310762251486,0.13999999999987267,N,spn
DCB_se2_ag1_f_01_1,19510,IY1,7418,be,380.2912223384151,1395.3475666070897,2793.5803526277614,661.3522767923419,1236.9139674303065,2617.652911569699,442.48921288412737,1797.300224021876,2623.2605614383756,0.08000000000015461,B,K
DCB_se2_ag1_f_01_1,19513,AY1,7419,crying,894.250297639943,1659.0249164851832,1979.0848828662708,1042.6060909197788,1435.7973624945857,1474.686743321039,791.2703662082157,1841.4304631593761,1942.5796239518238,0.2899999999999636,R,IH0
DCB_se2_ag1_f_01_1,19514,IH0,7419,crying,527.3477191747687,668.843567503774,2392.6884696885854,587.6450468897435,1662.7047471187445,2705.6341234987267,577.4552118491357,2127.326798087482,3156.3635979903834,0.03999999999996362,AY1,NG
DCB_se2_ag1_f_01_1,19516,AE1,7420,and,572.5041323061274,982.0763023638314,2861.3740091924446,586.5670826686207,2604.5279249695063,3449.9408135374433,582.6694276955434,2546.6554751794665,3499.252714405031,0.060000000000172804,NG,N
DCB_se2_ag1_f_01_1,19520,EH1,7422,empty,512.5232524242365,1328.0223380302514,2691.484495713925,808.27715356471,1706.4795790013814,2714.8762723728505,567.9777083676353,2612.49697465439,3066.516222226397,0.14000000000010004,sil,M
DCB_se2_ag1_f_01_1,19524,IY0,7422,empty,441.01332761104237,2301.82860502794,3165.174694087822,473.32983982464793,2162.3866402807694,3145.5508803771336,412.56454223522496,2393.7286182569546,3171.182080273316,0.06999999999993634,T,sp
DCB_se2_ag1_f_01_1,19526,AO1,7424,all,869.5831186499149,1282.2777680102506,3014.8000932271857,880.16293164597,1228.2512524106407,2993.908327230783,861.0645947205154,1425.7618226138443,3043.6494731533153,0.21000000000003638,sp,L
DCB_se2_ag1_f_01_1,19528,IH0,7425,emotional,602.3068908196162,1528.0707709749008,3125.3135031878824,639.6936093062826,1601.8554358665901,3167.6451422124815,633.8710818080222,1656.3004702742862,3201.9448300908325,0.06999999999993634,L,M
DCB_se2_ag1_f_01_1,19530,OW1,7425,emotional,591.4523451425191,997.4784406101357,3193.6660625371205,654.6906470407582,1019.4616334174782,3279.04439567022,481.76087634226957,1234.6353762698914,3093.0317790564327,0.09000000000014552,M,SH
DCB_se2_ag1_f_01_1,19532,AH0,7425,emotional,514.7114493252683,1827.4402204219243,3418.1819550982186,592.9089280299934,2075.09688568914,3235.8383813984506,592.9089280299934,2075.09688568914,3235.8383813984506,0.029999999999972715,SH,N
DCB_se2_ag1_f_01_1,19534,AH0,7425,emotional,570.1003066456828,1396.7453256283854,3153.970966958125,620.6428590604822,1733.464757921518,3060.9109502878423,610.089040742212,1813.4043064038276,3051.0569639614155,0.029999999999972715,N,L
DCB_se2_ag1_f_01_1,19536,AH0,7426,and,595.6449762881178,1715.2717431892481,3108.1406059338815,596.5797481967123,1750.093204074233,3022.8089449400386,584.2544379153492,1879.2629619270706,3075.6761337561275,0.040000000000190994,L,N
DCB_se2_ag1_f_01_1,19539,EH1,7427,then,566.7897960007504,2041.4258064787475,3106.7653351451095,569.6006991917056,2029.6106068058937,3103.470830986546,523.4804861685036,2095.1848388981116,3101.484630670398,0.03999999999996362,DH,N
DCB_se2_ag1_f_01_1,19541,AY1,7428,i,968.7144892848769,1561.2056247423177,1784.0481545969558,996.8659111712162,1695.5632271228296,2445.8103454320717,923.0164750045149,1736.9299034595476,1888.5030859628662,0.08000000000015461,N,L
DCB_se2_ag1_f_01_1,19543,UH1,7429,look,609.860372716575,1600.5092014805052,3109.642988672048,667.670595409609,1859.2117533677929,3119.793169078221,667.0161293584061,1870.3838555083128,3114.451908657944,0.09999999999990905,L,K
DCB_se2_ag1_f_01_1,19545,AE1,7430,and,574.6843050817324,2002.0235112633015,2747.0039861717846,610.7160648941366,2156.37950600667,2982.023232691669,563.8580064041051,2282.795668467556,3019.092416582052,0.049999999999954525,K,N
DCB_se2_ag1_f_01_1,19548,EH1,7431,then,630.4459249049246,2126.9188549862292,3319.0198218383675,630.6534653674507,2130.9338794410073,3321.0699484531715,537.4278838405961,2168.191909314549,3382.9107207757907,0.03999999999996362,DH,N
DCB_se2_ag1_f_01_1,19550,AY1,7432,i,947.6121052266163,1525.780983642737,3030.823939365312,980.2106776364853,1609.8149677702986,2278.3640163218033,802.1980459754324,1747.7255650627487,2240.03372161355,0.11999999999989086,N,OW1
DCB_se2_ag1_f_01_1,19551,OW1,7433,open,562.4000322671488,1064.0250817464125,3200.845779590222,948.413849982213,1666.6345418698122,2081.8501988053026,791.6715966685636,2275.063669138093,3613.1967380436517,0.07999999999992724,AY1,P
DCB_se2_ag1_f_01_1,19553,AH0,7433,open,500.7854085793442,1275.4301591928277,2971.781804757915,515.7173187741411,1305.222258780876,2883.255571359429,504.31999168679255,1317.4906307358785,2962.407501522094,0.029999999999972715,P,N
DCB_se2_ag1_f_01_1,19556,AY1,7434,my,820.5456321782528,1657.338712278602,3539.276665848017,965.3364945327786,1728.6674349437867,3330.696116843806,884.8847247833681,1737.624159289027,2702.894856947438,0.029999999999972715,M,sp
DCB_se2_ag1_f_01_1,19558,AY1,7436,eyes,992.0876544669876,1960.23370323881,2158.324774234573,1141.0303724221856,1742.9150802340075,3010.114297674668,964.4330489455326,2009.5132592754826,2192.2092835425865,0.2699999999999818,sp,Z
DCB_se2_ag1_f_01_1,19560,AH0,7437,and,591.8881040948395,1213.55180880318,2184.320562965868,952.6050784948949,2045.6922243497083,3459.310474245385,952.6050784948949,2045.6922243497083,3459.310474245385,0.029999999999972715,Z,N
DCB_se2_ag1_f_01_1,19562,AY1,7438,i,946.7637154709639,1528.5429468068428,1762.3679442728305,976.4211137763991,1375.5048238389645,1817.360340046112,785.9056678286712,1747.806505891529,2059.7525489553727,0.08999999999991815,N,L
DCB_se2_ag1_f_01_1,19564,UH1,7439,look,633.545889810141,1786.3575756122345,3068.83654733577,642.6853050465735,1719.3031379597394,3323.6301500915647,642.977410268604,1860.8129028403073,3287.5800751857632,0.03999999999996362,L,K
DCB_se2_ag1_f_01_1,19566,IH0,7440,in,651.4511280206398,2075.704357032306,3223.567367686685,661.7951417091924,2009.623648904087,3228.134323174531,632.6378207585018,2127.84709263618,3189.018104858513,0.029999999999972715,K,N
DCB_se2_ag1_f_01_1,19568,IH0,7441,into,463.2705815889956,1851.898180250001,3331.898687766205,504.19245963305065,1913.8340065818093,3241.1946831950722,501.24275806171727,1917.0504339635104,3294.4718613923296,0.029999999999972715,N,N
DCB_se2_ag1_f_01_1,19571,UW1,7441,into,501.2578703548063,1429.330046024527,3473.1204432568925,523.1869666822894,1659.1392195280223,3142.4281473698834,503.9176632770249,1661.291166259371,3202.3814615285646,0.029999999999972715,T,DH
DCB_se2_ag1_f_01_1,19573,AH1,7442,the,630.9080908897744,1301.5460964752729,3017.3984205878596,688.5494126222943,1264.3958779562038,2985.486693366643,596.6570055079646,1377.387193501307,2948.8527606518583,0.03999999999996362,DH,AO1
DCB_se2_ag1_f_01_1,19574,AO1,7443,audience,747.099625002487,1102.0196044385007,3015.419934368899,782.8489978314898,1223.167328405809,3406.041901098972,674.2676321735412,1794.9599421380126,3064.083136793032,0.17000000000007276,AH1,D
DCB_se2_ag1_f_01_1,19576,IY0,7443,audience,540.7073462922672,2657.198937798129,3334.9178599723923,565.4993593508292,1655.189427446882,2797.5238656552615,552.4631703201082,2661.6188499102122,3274.36559043429,0.03999999999996362,D,AH0
DCB_se2_ag1_f_01_1,19577,AH0,7443,audience,481.2869162167349,2420.673169672799,3175.727296405426,515.6110897035495,2499.373759296626,3168.85279996094,515.6110897035495,2499.373759296626,3168.85279996094,0.03000000000020009,IY0,N
DCB_se2_ag1_f_01_1,19581,AE1,7445,and,573.4685420863972,2373.653466629681,3090.9579627370103,710.7709531685979,1961.2801753881454,2784.7554599655728,561.9363785982657,2382.5774499342624,2713.392865085134,0.049999999999954525,sp,N
DCB_se2_ag1_f_01_1,19584,IH0,7446,with,521.811048411709,1108.1626001110533,2732.7173894631346,589.1958399975359,2054.485970322713,3385.535799638907,563.7227189967831,2571.200784970355,3668.4553419525996,0.03000000000020009,W,DH
DCB_se2_ag1_f_01_1,19587,AY1,7447,like,939.1266266161932,1880.1742962150938,3095.2548923326394,956.5971110361617,1855.5692045757849,2990.0212176912805,750.5113016593822,2104.5157636846125,3207.5739950750453,0.049999999999954525,L,K
DCB_se2_ag1_f_01_1,19590,AY1,7448,my,942.72385016881,1781.3892066081767,2649.2137444828204,996.5098964814583,1707.0984721314028,2518.343651433882,862.818197452212,1827.089820048373,2767.865920561736,0.11000000000012733,M,sp
DCB_se2_ag1_f_01_1,19594,OW1,7450,clo-,556.5360688295573,1126.9177744503938,3041.835459015124,625.596331197789,1532.8510253612442,2168.6652990988973,612.3187884252463,1567.1434308791,1808.2027545702504,0.10999999999989996,L,sp
DCB_se2_ag1_f_01_1,19597,AY1,7452,my,893.8048201763839,1709.4976071465721,1924.1375096683646,922.0483772955868,1601.6452504332053,2052.7718921778996,901.7881426229615,1861.643784495464,2078.1488967608434,0.09000000000014552,M,F
DCB_se2_ag1_f_01_1,19600,EH1,7453,friends,606.4995796832641,1785.8210173811906,2385.523553072032,672.7909888191105,1661.6739349658815,1898.2636872560174,604.9454619579492,2194.3324598944323,2451.3440132762116,0.10000000000013642,R,N
DCB_se2_ag1_f_01_1,19603,AW1,7454,out,848.6758527917635,1619.5304017818992,3048.5341166181174,859.3295371797443,1608.8904723164787,2898.0404890355726,849.3913921753295,1617.8835894850977,3031.992594308426,0.05999999999994543,Z,T
DCB_se2_ag1_f_01_1,19606,EH1,7455,there,600.845807863995,1918.7269195677054,2801.4281625215485,623.9202844108396,1734.3927421834746,2738.498296398732,573.3087826169324,1949.3921507681669,2947.0885122941736,0.029999999999972715,DH,R
DCB_se2_ag1_f_01_1,19609,AY1,7456,like,692.0562067134285,1523.0324877061364,2778.1376732009926,693.3469708721803,1499.0361707619413,2790.28667546329,671.0851815817131,1609.9863820066678,2726.926521840882,0.03000000000020009,L,K
DCB_se2_ag1_f_01_1,19617,UW1,7462,boo,562.814668527464,853.345213903184,2735.499641841454,648.206314565581,670.5069426367148,2687.9435650713626,512.9299355892932,977.0697500096834,2639.8578717618875,0.17000000000007276,B,sp
DCB_se2_ag1_f_01_1,19620,UW1,7464,hoo,769.3450918760817,1857.3218699958989,3100.14225651178,822.7207846027156,1830.641826380476,3115.076329420076,536.0310326488101,1919.119096897359,3168.03035783572,0.11000000000012733,HH,sp
DCB_se2_ag1_f_01_1,19624,AY1,7466,crying,606.5176437381614,1506.3129253922316,2624.673577406977,1012.3293443639641,1620.0625840303965,2444.11216662454,571.411887544144,2651.1553253282505,3020.3988762612007,0.42000000000007276,R,IH0
DCB_se2_ag1_f_01_1,19625,IH0,7466,crying,567.5727265496644,2560.902871491115,2847.31063054199,569.4780478830121,2571.518145847325,2787.423775573555,558.0517037609053,2566.7627799285733,2868.6650572790318,0.029999999999972715,AY1,NG
DCB_se2_ag1_f_01_1,19627,AE1,7467,and,564.0382249399762,1606.6515888631884,2557.338813887168,692.2137633410326,2260.6097000467134,3040.3101066127642,610.0660652199022,2478.5808052736875,2934.8898496783745,0.12000000000011823,NG,N
DCB_se2_ag1_f_01_1,19629,IH0,7468,it,611.859503522408,2147.8621670866532,3050.4512334536093,623.3229886413376,2127.2608714409453,3067.261141603685,609.6255118217975,2147.8993285898205,3096.095184111437,0.07999999999992724,N,T
DCB_se2_ag1_f_01_1,19633,AY1,7470,kind,923.3154206076777,1711.7991097486579,2453.0141125347213,971.0415147549347,1635.1911305068495,2042.140519697248,924.9942531327977,1761.6086238199891,2556.025030984832,0.049999999999954525,K,N
DCB_se2_ag1_f_01_1,19635,AH0,7471,of,868.6280864448477,1754.1557431368499,2762.312123493137,869.1716200963631,1766.5841606629588,2772.6702556065547,861.5702159578591,1780.2104401042286,2824.8615911148963,0.03000000000020009,N,V
DCB_se2_ag1_f_01_1,19638,AY1,7472,like,909.3505423372385,1971.0730133530856,3031.5366628694896,956.7722695229527,1884.1462356497643,2757.5987574801848,663.4227810690904,2420.0808468707023,2875.925880417282,0.08999999999991815,L,K
DCB_se2_ag1_f_01_1,19642,AE1,7474,dang,648.5447556472012,1182.8660193154826,2250.8091673320637,657.1527853373643,1082.500475799761,2329.6685383920094,613.7475045699847,1503.7263336134026,2404.382556590876,0.10999999999989996,D,NG
DCB_se2_ag1_f_01_1,19646,AY1,7476,i,1126.0035151697957,1789.8142235020346,2652.054893906538,1127.766864218898,1774.9799287650799,2680.9338312688237,1069.4482668542087,1867.570155719368,2646.5060059882976,0.15000000000009095,,K
DCB_se2_ag1_f_01_1,19648,AH0,7477,can,630.4057364402497,2049.6400743962336,3053.5401593499605,869.7760439709015,2138.015216201724,2297.6311370752837,617.1235207471443,2160.2929217276533,2927.2005344847607,0.05999999999994543,K,N
DCB_se2_ag1_f_01_1,19652,AE1,7478,transform,647.1171619296424,1940.7410257550878,2619.082041507479,726.0033160315951,1806.8039198783947,2351.803482965775,603.0732222988985,2102.9188529924413,2122.495816023935,0.07999999999992724,R,N
DCB_se2_ag1_f_01_1,19656,AO0,7478,transform,607.2280806481783,1527.6527436101087,3015.3988905566107,736.0393356428114,1016.9299397494175,1658.6777475093434,622.767292521579,1613.348861840996,1753.9351075981233,0.09999999999990905,F,R
DCB_se2_ag1_f_01_1,19660,IY1,7479,people,463.1074394203501,2651.7378613515607,3060.2070129197023,487.1448201427629,2006.9988365564095,2896.057139104596,477.5468147431894,2773.630079654684,2946.9221929437863,0.06999999999993634,P,P
DCB_se2_ag1_f_01_1,19662,AH0,7479,people,484.1297834439593,1136.4301943811301,2877.9870289148284,990.5951926037671,2092.39950805623,2919.647012658955,990.5951926037671,2092.39950805623,2919.647012658955,0.03000000000020009,P,L
DCB_se2_ag1_f_01_1,19665,IH0,7480,with,572.1558177689977,1300.2840358190233,3074.695985944022,573.7556426941129,1263.1761449282951,3049.6534701013456,563.4539816496008,1446.558369513778,3030.6803857283476,0.029999999999972715,W,DH
DCB_se2_ag1_f_01_1,19669,AY1,7482,my,922.0763584635732,1633.1784548976732,2548.6799030705797,943.6315196163663,1765.7568148229284,2677.4623993551936,935.7746597438212,1827.2249294877017,2836.437520046495,0.10999999999989996,M,sp
DCB_se2_ag1_f_01_1,19672,ER1,7484,words,519.9991287494247,1915.7416954693133,2093.2802742398326,625.0380908666715,1446.8053819752388,2091.015776469986,450.271450411522,2191.5643952663286,2454.451446719349,0.22999999999979082,W,D
DCB_se2_ag1_f_01_1,19677,OW1,7486,so,670.7548650211485,1823.3110105654616,2659.491152029686,681.0938900750198,1866.951332460568,2651.6908606256306,681.0938900750198,1866.951332460568,2651.6908606256306,0.029999999999972715,S,AY1
DCB_se2_ag1_f_01_1,19678,AY1,7487,i,670.8969908862506,1936.3730952702163,2604.2906485123635,688.0055513975424,1884.5151613882097,2551.384247747924,662.4642299624124,1944.315363475286,2648.9708311866534,0.049999999999954525,OW1,TH
DCB_se2_ag1_f_01_1,19680,IH1,7488,think,610.5461111415696,2021.6531163835964,2500.4571831524167,610.2566083688905,1975.5790128145402,2376.598316813636,602.4019310459973,2324.4885041200137,3042.378768950742,0.029999999999972715,TH,NG
DCB_se2_ag1_f_01_1,19684,AE1,7489,that,673.9709755622731,2038.5424139133413,3132.0796154181967,715.0811287376014,1940.2156505644366,3049.9891166359685,648.4114843601319,2044.563350269468,3157.06581573817,0.03999999999996362,DH,T
DCB_se2_ag1_f_01_1,19687,AH0,7490,was,534.9978555105271,1613.3120351834175,2996.06443853494,564.0933662853572,1508.3932818157007,3019.475177505632,553.3888476968168,1638.4509847871348,2985.631557002379,0.03999999999996362,W,Z
DCB_se2_ag1_f_01_1,19690,EH1,7491,definitely,682.1245640152665,1910.859613933461,2578.7599177728875,687.6660059377343,1895.2304161028053,2500.1711428122658,605.8453804711964,2058.5671201274445,2714.912647641801,0.05999999999994543,D,F
DCB_se2_ag1_f_01_1,19692,AH0,7491,definitely,491.0901889965175,1923.1770700804561,2960.6282492532655,601.922574140882,1823.891712730589,2646.1599832623547,496.9362116679683,1949.5764759191754,2961.258557365563,0.03999999999996362,F,N
DCB_se2_ag1_f_01_1,19694,AH0,7491,definitely,551.4196313425344,2004.9594432944987,3185.593517711534,552.064166879812,2005.1052805242402,3189.356191149003,551.4697920901463,2004.9707930247314,3185.886346425742,0.03999999999996362,N,T
DCB_se2_ag1_f_01_1,19697,IY0,7491,definitely,401.2868369762458,2046.8778785365716,2920.693275763416,456.996075359231,2103.1651456886007,2977.89198949898,448.1295193300088,2386.2610099536855,2966.8797737917093,0.08999999999991815,L,M
DCB_se2_ag1_f_01_1,19699,AY1,7492,my,798.7777199562015,1542.1842946743561,2722.9698930684253,850.6127357135564,1555.7983679220756,2682.855149258493,797.2117589285434,1672.0343895047324,2742.382626830001,0.12000000000011823,M,B
DCB_se2_ag1_f_01_1,19701,EH1,7493,best,704.751077818009,2078.946688392797,3092.169513447594,714.3415473238874,2069.1810635948145,3111.984009281356,691.0051385178591,2092.573771027972,3020.1856460106574,0.10999999999989996,B,S
DCB_se2_ag1_f_01_1,19704,IH0,7494,experience,478.0948692688959,2100.5768115929777,2849.188169407799,497.0669401891556,2081.737169463349,3065.2949474218226,450.8020696233718,2141.387993050441,2771.095176221149,0.03999999999996362,T,K
DCB_se2_ag1_f_01_1,19708,IH1,7494,experience,635.7333922469033,1532.7999158115722,2046.0394721221712,636.2350659199016,1524.0008734218568,2044.7892484289114,634.15008102751,1644.7195041986117,2078.698425926106,0.029999999999972715,P,R
DCB_se2_ag1_f_01_1,19710,IY0,7494,experience,531.8133167452398,2157.7670801245476,2703.050376788375,571.0101692432991,2052.9732149740325,2532.540617661001,533.6493233042324,2533.739913478847,2932.798650390417,0.08999999999991815,R,AH0
DCB_se2_ag1_f_01_1,19711,AH0,7494,experience,534.8178070156152,2331.3440917693315,3011.8787636488355,543.1096093161692,2299.1010193040734,2978.6906612075177,522.4149122167252,2454.5109201698083,2968.7564026781247,0.040000000000190994,IY0,N
DCB_se2_ag1_f_01_1,19716,AH1,7496,but,601.7411407471219,1606.7868775006823,2751.1090425688367,622.5245378939484,1752.3672733428843,2748.368886647541,620.1183076065405,1838.9322985389022,2828.2673981350786,0.029999999999972715,B,T
DCB_se2_ag1_f_01_1,19719,EH1,7497,then,624.4734844860643,2035.9424954939673,3192.2362553086136,632.6051054706444,2010.082258062591,3175.479835738271,626.1356445918682,2036.4604399273635,3197.398609589902,0.03999999999996362,DH,N
DCB_se2_ag1_f_01_1,19722,AO1,7499,also,646.3296490467258,1076.7695223251599,3326.195848369309,740.3972541728701,1506.4505818970467,3190.8183490688157,703.4070636210904,1829.7246588142766,3080.411234228834,0.12999999999988177,sp,L
DCB_se2_ag1_f_01_1,19725,OW0,7499,also,531.2419194655786,1132.633925458054,3185.8827631795034,632.3721539518936,1411.2747859916615,3143.858747103838,632.3721539518936,1411.2747859916615,3143.858747103838,0.11000000000012733,S,DH
DCB_se2_ag1_f_01_1,19727,AH1,7500,the,814.4015090234226,1616.991471571524,2418.0737253526067,917.414789230708,1583.659029275547,2215.4452710487108,711.6450325764291,1717.0380937500445,3132.8513373734763,0.049999999999954525,DH,HH
DCB_se2_ag1_f_01_1,19729,AY1,7501,hype,796.7043767995524,1990.1015459752416,2896.1691228268483,1039.7843480554372,1625.2632599220915,2235.2157499664722,722.5270068260942,2087.8845112823897,2956.372235129101,0.09000000000014552,HH,P
DCB_se2_ag1_f_01_1,19733,ER0,7503,from,622.0002017189167,1257.0615112994099,2004.484644527818,776.518459929907,1525.0825193958688,2676.2217448739566,719.4324139302878,1546.282082819554,2798.1876518003014,0.05999999999994543,F,M
DCB_se2_ag1_f_01_1,19737,IH1,7505,cheerleading,460.56904647718846,2448.232792006821,2874.5151615388495,520.9814148254005,2356.366016725701,2912.7188434865675,483.6387753592064,2496.8784694568035,3006.2571086611765,0.06999999999993634,CH,R
DCB_se2_ag1_f_01_1,19740,IY2,7505,cheerleading,438.95807256423404,1503.1824534708317,2401.531385945818,528.7205688272521,2182.6495907108306,3035.842158658049,445.9093609090718,2400.5206247392402,3169.584448491503,0.09000000000014552,L,D
DCB_se2_ag1_f_01_1,19742,IH0,7505,cheerleading,598.7542236416472,2099.381338146592,3237.1053207877844,615.4486255156364,2084.2633544995006,3237.0889448959565,597.0307011855731,2106.992794856015,3231.074134808268,0.049999999999954525,D,NG
DCB_se2_ag1_f_01_1,19744,AO1,7506,also,808.3251352025192,1491.3691347352494,3072.982016091676,814.980470289545,1414.540662191882,3094.1318396803945,617.6590386509727,1775.1474274542888,2938.49504319585,0.07999999999992724,NG,L
DCB_se2_ag1_f_01_1,19747,OW0,7506,also,627.4014399332452,1500.8707626407545,3197.717283662185,638.2819128823983,1520.953678377468,3163.3486821175957,601.8671344294221,1600.9871627312086,3174.07330555977,0.03999999999996362,S,DH
DCB_se2_ag1_f_01_1,19749,AH0,7507,the,608.7042207476632,1515.373347780298,3063.2927153892138,632.3146455166925,1740.972133121296,2640.0645971776985,632.3146455166925,1740.972133121296,2640.0645971776985,0.07000000000016371,DH,F
DCB_se2_ag1_f_01_1,19751,AE1,7508,family,640.1505433112019,2231.4019002123373,3002.3295100787504,653.1057428508568,2062.673490265147,2898.9157194019026,639.9522480273258,2237.5847470681806,2987.7021565279815,0.11000000000012733,F,M
DCB_se2_ag1_f_01_1,19754,IY0,7508,family,455.84340338227224,2609.830790332693,3080.6833360658193,723.5674919604656,2206.875046873294,3215.643839694793,440.9597054603093,2949.945391410168,3065.3250861499237,0.12999999999988177,L,AE1
DCB_se2_ag1_f_01_1,19755,AE1,7509,aspect,816.5650091408462,2155.9918397975166,3189.4180721663915,828.5689602970529,1227.0395802665619,2238.2050309853994,811.5486241498727,2155.8586893878446,3148.8232472607956,0.14000000000010004,IY0,S
DCB_se2_ag1_f_01_1,19758,EH2,7509,aspect,654.3336103665071,2016.8201096919543,2813.19992735701,654.1562529159181,2017.952641915573,2813.535219156568,606.8793982297453,2277.086930998917,2859.7897320668544,0.060000000000172804,P,K
DCB_se2_ag1_f_01_1,19761,AH0,7510,and,592.2934823210793,2001.6980411015154,2783.8255335230274,592.1405292474594,2001.9877567907226,2783.99679649419,580.7508437734888,2023.5615015926564,2796.7499326601724,0.029999999999972715,T,N
DCB_se2_ag1_f_01_1,19765,IY1,7511,people,587.0752769592199,2749.896941250307,3276.444460110956,597.3479872673895,2734.248952234892,3280.0032738971167,593.1462779037425,2756.0280919465013,3288.40576618953,0.06999999999993634,P,P
DCB_se2_ag1_f_01_1,19767,AH0,7511,people,535.4679202714133,923.865729211291,2747.0317476488176,983.3183372901192,1881.0803718290733,2322.30966404741,537.6488193242313,2316.994927589091,3230.8551751178443,0.029999999999972715,P,L
DCB_se2_ag1_f_01_1,19771,UH1,7513,pushing,653.7423691115422,1817.035809992697,3000.2378481155274,786.5982682064563,1283.5925677106306,2943.080437776062,561.2927581104949,1991.9355217799957,3008.433993812112,0.07999999999992724,P,SH
DCB_se2_ag1_f_01_1,19773,IH0,7513,pushing,524.9208893961139,2364.5746940513905,3192.5327709153057,525.9341357861998,2361.6073652663395,3278.3025561451477,496.1016867815042,2437.6260919393058,3252.5112001185394,0.029999999999972715,SH,NG
DCB_se2_ag1_f_01_1,19776,UW1,7514,you,405.0137997830052,2380.1575085800237,2884.1956483001077,417.30156358710343,2553.948659186324,2885.26541855143,417.30156358710343,2553.948659186324,2885.26541855143,0.040000000000190994,Y,sp
DCB_se2_ag1_f_01_1,19780,IH0,7516,to,508.3035528599693,1999.655194641907,3099.225160669042,533.8035956971779,1960.3436172806664,3090.0240809747725,501.6431390045061,2002.0082140482639,3096.9025271207156,0.03999999999996362,T,D
DCB_se2_ag1_f_01_1,19782,UW1,7517,do,514.4536360244791,2319.190205956713,3069.189730643564,542.7646285455203,2522.6769871773527,3167.9705643364528,530.3417282479348,2534.2428982265037,3337.220553527553,0.03999999999996362,D,Y
DCB_se2_ag1_f_01_1,19784,AO1,7518,your,571.3818948826099,1391.623134781632,3004.7275962856684,584.7387106443012,1125.4679448661916,2810.735343390836,550.3140599252218,1963.7260109082695,3015.1721238293685,0.060000000000172804,Y,R
DCB_se2_ag1_f_01_1,19787,EH1,7519,best,785.7304277293453,2016.6307218337533,2844.299587248614,803.1684221439539,2027.9800630778282,3157.5147352188224,666.1453522565841,2116.8678834821094,3157.0495145783593,0.19000000000005457,B,S
DCB_se2_ag1_f_01_1,19793,AH1,7521,was,612.7278817644846,1648.4766047248997,3214.366708729827,619.5786717994341,1543.924257831308,3174.7462616419134,597.0994038770876,1782.8904921737058,3244.354443242554,0.049999999999954525,W,Z
DCB_se2_ag1_f_01_1,19797,AH0,7523,the,544.889733848519,1790.3636048122592,3168.7028713952614,567.42246823612,1809.0429943011004,3146.7141789393827,507.5750172762461,1837.5629731323636,3200.47050666597,0.060000000000172804,DH,sp
DCB_se2_ag1_f_01_1,19800,EH1,7525,best,712.8345438011343,1897.6365363771404,3131.9085044401118,760.4131290499911,1919.397585535023,3120.411709877278,709.2069508007376,1979.2023462672626,3114.948803429726,0.10999999999989996,B,S
DCB_se2_ag1_f_01_1,19805,AE1,7527,yeah,426.635282638287,1613.2176231439662,2433.5024142908983,426.47613412882765,1616.136187074448,2495.5367281612916,424.6135843843118,1650.2927778055807,3221.5378439935876,0.049999999999954525,Y,sp
DCB_se2_ag1_f_01_1,19814,EH1,7532,yes,710.8575620541627,1908.8487627168354,2516.1933684930686,759.8868459412997,1946.0232941632767,2565.2072932292667,720.8032772685691,1991.2638622534273,2482.483999133341,0.11999999999989086,Y,S
DCB_se2_ag1_f_01_1,19822,AE1,7536,yeah,742.176658322053,1694.91060238865,2534.0204170359943,934.4314963762815,1640.4347219054978,2638.5923990287924,600.6446302181392,1903.1851499288414,2785.816746608782,0.2899999999999636,Y,
DCB_se2_ag1_f_01_1,19825,IY1,7538,we,623.3614961075839,2548.5150406746375,3327.325675154172,631.0399241140038,2301.530338515737,3289.7589395267005,617.0699622953208,2554.415559353282,3307.013037563558,0.17000000000007276,W,sp
DCB_se2_ag1_f_01_1,19827,AH1,7540,um,733.8347284335051,1461.2662109497135,3299.533029204281,734.2639265495774,1469.6319243159764,3276.451728303538,677.3443137269543,1862.377163447606,2997.4496186679585,0.1799999999998363,sp,M
DCB_se2_ag1_f_01_1,19831,IY1,7542,we,448.2354435503742,1239.1276284335809,3156.022272293798,573.9961026433107,1434.9412067479375,3123.7143344491546,412.5093458758358,1738.5043679605,3292.307427245927,0.07999999999992724,W,JH
DCB_se2_ag1_f_01_1,19833,AH1,7543,just,616.5299145227525,1877.6260380534427,3445.632788569034,658.630318569747,1971.4244726012325,3421.3711493384017,590.9797865565454,2040.788832203084,3451.739717136507,0.11999999999989086,JH,S
DCB_se2_ag1_f_01_1,19837,AE1,7545,actually,1192.9737778443762,1939.8188167642102,2575.07434653908,1206.786233006498,1933.628844229518,2567.1205883855787,954.4784478991344,2332.3379003948103,3401.6848876376075,0.15000000000009095,sp,K
DCB_se2_ag1_f_01_1,19840,AH0,7545,actually,593.3287024224705,1796.149508421366,3142.903729046767,667.452678487214,1952.3511549227278,3150.840862716625,593.9263750769608,2149.678644663841,3444.232096751198,0.07000000000016371,SH,L
DCB_se2_ag1_f_01_1,19842,IY0,7545,actually,529.6214934367811,2834.419260636893,3178.792510864128,1785.4690265677518,2972.8269815605577,4041.72922793972,1535.642386973051,2890.823580502604,3851.2020337046033,0.15999999999985448,L,
DCB_se2_ag1_f_01_1,19846,IY1,7547,we,475.02783940745064,2408.7761684133175,2822.843724280683,483.91036127462917,1974.412868782416,2621.999667597449,471.2119860101112,2504.0735041494922,2850.8122488077047,0.09999999999990905,W,F
DCB_se2_ag1_f_01_1,19848,AW1,7548,found,974.4726049793979,1953.2745651647895,2504.9728260400584,997.4070697895293,1942.7151614295974,2109.867673681244,981.6505544297898,1954.8005301993717,2395.3686034066795,0.18000000000029104,F,N
DCB_se2_ag1_f_01_1,19851,AW1,7549,our,1105.0881465900225,1722.0448678363352,2597.664812708996,1148.7515970951602,1660.775999459668,2544.528422754594,1119.8197106357263,1779.0692307831864,2459.1693686424765,0.25999999999976353,D,ER0
DCB_se2_ag1_f_01_1,19852,ER0,7549,our,707.6334263525819,1303.6053945666065,3026.4942144413967,729.0934566614134,1293.010213501146,3135.4133855874397,648.7853050387076,1406.2767181432557,2762.07686600942,0.0500000000001819,AW1,AH0
DCB_se2_ag1_f_01_1,19853,AH0,7550,apartment,602.5878389503299,1311.484358870763,3012.1945479262304,654.149338796022,1243.3008108089498,3217.0135489187955,619.1066098608237,1391.5258684119685,2974.1329391108507,0.07999999999992724,ER0,P
DCB_se2_ag1_f_01_1,19855,AA1,7550,apartment,975.4014164640714,1589.3815144080838,2235.699311854315,996.4308236626006,1613.3367466794755,2145.084015752595,978.6831510065906,1621.939202448433,2159.5917659221777,0.04999999999972715,P,R
DCB_se2_ag1_f_01_1,19859,AH0,7550,apartment,620.9990450535075,2241.7250502596708,3170.8195379830413,627.5244571476006,2264.19867580609,3243.8970410451857,615.0508432747494,2322.3173841012067,3563.2180108630682,0.04999999999972715,M,N
DCB_se2_ag1_f_01_1,19866,IH1,7552,when,589.20934209358,2030.2284652250355,3227.249212609113,626.2307148806296,1741.6521283557777,3231.9920341980205,593.2104316693182,2106.3359187708675,3260.336256763852,0.08000000000038199,W,N
DCB_se2_ag1_f_01_1,19869,AY1,7554,i,1222.6777210287196,1501.5137989885252,1862.9520356159082,1220.606020844939,1783.1073718009532,3140.3873143455753,1182.6668205532233,1931.7630890254381,2955.757321187213,0.2300000000000182,sp,W
DCB_se2_ag1_f_01_1,19871,AH0,7555,was,509.4391572923474,1630.3047873459711,3259.3262541294175,514.2220599464105,1733.5921264024932,3252.373468524338,510.00757778218474,1759.0712513350245,3246.6526806798674,0.03999999999996362,W,Z
DCB_se2_ag1_f_01_1,19874,IH1,7556,getting,524.7061292468521,2354.196433223253,3194.6174082452594,585.4779406568389,2292.076638769544,3280.142459661362,490.5390772302823,2530.0159380656983,3150.6919747955685,0.15000000000009095,G,T
DCB_se2_ag1_f_01_1,19876,IH0,7556,getting,504.9939640842163,2539.8862184164977,3545.0956200786104,542.8459957279734,2370.0436524622887,3040.629696589307,490.9957057676445,2543.3599088615056,3621.440646511225,0.03000000000020009,T,NG
DCB_se2_ag1_f_01_1,19880,AE1,7559,after,1186.178889077943,1779.2709499887708,2560.6162980426407,1210.1350484530371,1990.52949438143,2289.022684600422,739.8125939214924,2147.8848219072906,3029.744231878736,0.13999999999987267,sp,F
DCB_se2_ag1_f_01_1,19883,ER0,7559,after,790.0406738275312,1909.2932967931458,2595.7020748324016,901.1711143042958,1880.5896397804415,2609.353001957944,817.5802494278141,1922.2734749495435,2535.5691386988838,0.02999999999974534,T,AY1
DCB_se2_ag1_f_01_1,19884,AY1,7560,i,1149.2700256267137,1935.229330074014,2593.5602518698806,1150.326845674917,1799.5294697341199,2178.3724394966553,679.3459222222494,2156.8958187131334,2802.6681068080743,0.17000000000007276,ER0,G
DCB_se2_ag1_f_01_1,19886,AA1,7561,got,902.6333498219075,1652.237809985469,2246.6830620164965,934.8302498450954,1497.2820097347164,2093.748228107021,838.8031784915022,1866.856803541083,2593.8806115734974,0.05999999999994543,G,T
DCB_se2_ag1_f_01_1,19889,AY1,7562,my,961.8499310206156,1584.6279240583344,2011.566871068139,982.6054826108343,1897.403184133073,2173.3426671714733,981.1035070459026,1944.1460444858499,2205.2587906490494,0.10999999999967258,M,HH
DCB_se2_ag1_f_01_1,19891,EH1,7563,hair,577.4365812224977,1632.940607639999,2381.7225520749803,621.8905993197553,1633.191022924317,2107.8621961861363,553.5606613930528,2349.7728453647296,3172.465813945833,0.1000000000003638,HH,R
DCB_se2_ag1_f_01_1,19894,AH1,7564,done,629.5973197856051,1705.240327884485,2812.546588018056,712.4954766892671,1728.0610364968293,2840.1316633066954,615.7914570913446,1944.3117856049487,2595.8504765376338,0.1000000000003638,D,N
DCB_se2_ag1_f_01_1,19897,AY1,7566,i,1027.961429944489,1498.7781250645503,2340.4269826016757,1106.0367279208915,1557.1084744844516,2385.278649978051,823.1093877441344,1770.1602256004453,2804.4532753482663,0.15000000000009095,,W
DCB_se2_ag1_f_01_1,19899,EH1,7567,went,558.7984652171327,1354.5702033954287,2451.558090969126,581.7913391813951,1173.320428390662,2195.715759917335,543.5050118635792,1625.7031267145123,2360.017474654205,0.02999999999974534,W,N
DCB_se2_ag1_f_01_1,19903,AH0,7568,to,515.5184007208605,1566.7664933996398,2829.197298817323,533.7981763080647,1597.8975297534132,2709.229271424105,482.60479118374775,1669.867392568159,3019.5338627046117,0.03999999999996362,T,G
DCB_se2_ag1_f_01_1,19905,OW1,7569,go,646.4439171267924,1423.6393290729325,2829.320099002423,658.2475247399104,1478.1726784052773,2810.1952199455554,594.436483395723,1513.4288982166995,2751.3004899401026,0.04999999999972715,G,G
DCB_se2_ag1_f_01_1,19907,IH1,7570,get,512.2484901044468,2037.781932805069,2396.5608248833705,643.889649643051,1863.5203121151733,2607.853984078702,504.64424935052426,2408.604090887474,2594.0100804982762,0.05999999999994543,G,T
DCB_se2_ag1_f_01_1,19910,AY1,7571,my,875.0112889960693,1832.2765026319862,2835.5585745241415,983.0858584085668,1714.4163946821318,2733.2930151005785,774.6154767270376,2095.029129251537,3027.4367210438973,0.14000000000032742,M,HH
DCB_se2_ag1_f_01_1,19912,EH1,7572,hair,624.5252204232589,2033.9707998987021,2592.9903459206857,631.1364520979085,1960.5814743159656,2552.469736180731,545.1450382822546,2361.536393027988,2637.1589667636813,0.12000000000034561,HH,R
DCB_se2_ag1_f_01_1,19915,AH1,7573,done,628.2015480117694,1778.2054461991097,3007.565360649852,654.7622956342863,1850.9368296595717,2842.4893972347636,630.8507255592458,1917.3758971650561,3249.6302515419243,0.07999999999992724,D,N
DCB_se2_ag1_f_01_1,19919,AE1,7575,and,676.0261833978549,2177.2690989178177,2374.8790665560387,1175.3798837461618,2058.864007974299,2721.6432492011995,682.0862070206882,2360.3736895637003,2429.4567214112803,0.11000000000012733,,N
DCB_se2_ag1_f_01_1,19922,IY1,7576,we,381.2112345209817,2077.7464956201447,2675.9135557685972,432.67231889447106,2352.778526930933,3112.0241044148415,396.9360784687363,2462.9498876063817,2811.0070741522777,0.09999999999990905,W,D
DCB_se2_ag1_f_01_1,19925,OW1,7577,drove,702.911326406927,1392.3213252990963,2867.00429674488,714.8370685610356,1459.5938447527826,2821.558712614925,713.7877778601562,1459.4354288601069,2812.6228562886736,0.09000000000014552,R,V
DCB_se2_ag1_f_01_1,19927,ER0,7578,around,616.6495657497518,1167.1169289807049,2660.29590563174,715.6166388562133,1385.7122712493658,2222.502754207849,703.1193926037121,1444.4158593307322,2102.527622687522,0.11000000000012733,V,AW1
DCB_se2_ag1_f_01_1,19928,AW1,7578,around,810.828292092494,1410.2546854257691,2274.1979668676254,859.0734973547068,1447.0406718129925,2322.4058231712147,776.8349574942569,1654.1911396668252,2216.7462594004537,0.07999999999992724,ER0,N
DCB_se2_ag1_f_01_1,19932,AH0,7579,the,488.70396866931,1345.8536600031903,2703.6170360833516,570.4096010869007,1578.7679067768263,2846.0536364052755,552.7777375984953,1657.2095356546802,2907.450690829883,0.04999999999972715,DH,K
DCB_se2_ag1_f_01_1,19934,AO1,7580,corner,578.5065391590264,926.1241783234653,2495.1944171863047,650.2459578902777,1148.4896133402283,3326.753824402451,554.7195734763749,1322.2628796089464,2169.140854385685,0.03999999999996362,K,R
DCB_se2_ag1_f_01_1,19937,ER0,7580,corner,648.238356616715,1541.604760611455,3339.684860824792,701.4925248296379,1702.7867639489189,3269.9142133085984,701.4925248296379,1702.7867639489189,3269.9142133085984,0.02999999999974534,N,AH0
DCB_se2_ag1_f_01_1,19938,AH0,7581,and,758.819986053081,1797.2447337785245,3277.152963298181,764.1551412519929,1789.0291107007768,3244.198255446794,758.5454984562367,1797.667418133733,3278.8484451024738,0.03000000000020009,ER0,N
DCB_se2_ag1_f_01_1,19941,AY1,7582,my,876.4863607788295,1333.107067034393,2719.1857989909513,893.3357219777171,1321.528562332218,2655.1319956917737,869.489136941904,1379.657284616562,2799.59556738356,0.05999999999994543,M,M
DCB_se2_ag1_f_01_1,19943,AA1,7583,mom,740.0092304407552,1183.1294804061667,2196.038277603143,739.7265221533071,1154.6169559775333,2196.0310556676204,717.6243961911222,1215.7025738803209,2467.578797136852,0.07000000000016371,M,M
DCB_se2_ag1_f_01_1,19947,AO1,7585,saw,516.5498533147222,1447.1551070247701,2878.8728551591694,541.3467604837505,1381.528884803985,3202.341473629853,502.3877418889001,1595.5055362033029,3028.326919548708,0.04000000000041837,S,DH
DCB_se2_ag1_f_01_1,19949,IY1,7586,these,554.0847987075545,926.1703219533766,2706.707344868245,585.557910824118,2692.5594779413395,2716.48404784179,584.1179142924534,2682.7869963523613,2720.285665128339,0.06999999999970896,DH,Z
DCB_se2_ag1_f_01_1,19951,AH0,7587,apartments,624.851475684677,1437.3812639944492,2753.5563645790985,636.4961455860079,1544.0041740067209,2759.4808550692683,448.6268713477739,1787.0461275066298,2881.979247035349,0.09000000000014552,Z,P
DCB_se2_ag1_f_01_1,19953,AA1,7587,apartments,853.041344600282,1489.871135934661,2318.3984365907504,899.878390082649,1332.8272734021996,2213.750936570038,876.5160100906246,1738.315772660835,2299.9693735435153,0.0500000000001819,P,R
DCB_se2_ag1_f_01_1,19957,AH0,7587,apartments,480.08360876432545,1362.4529395880468,2205.055667517014,515.7363423175851,1352.4481536481173,2341.949316954379,449.6368221365232,1429.0960087766023,2258.766454990438,0.02999999999974534,M,N
DCB_se2_ag1_f_01_1,19962,AH0,7589,and,726.0872606082202,1847.5994067419217,2603.4038077590562,763.5822362373566,2025.5289504734665,3253.736216027958,665.0159093633118,2040.1904959451126,3159.1883218515477,0.03000000000020009,sp,N
DCB_se2_ag1_f_01_1,19965,IY1,7590,she,702.9480929822736,2271.6793980325897,3401.2824730490865,728.9519416411956,2237.44195502211,3270.030213112194,709.8983553372308,2275.7468680622515,3362.273630148996,0.03000000000020009,SH,Z
DCB_se2_ag1_f_01_1,19969,AY1,7593,like,869.9764194157316,1921.9560229009865,3206.236102784375,1002.8150673781073,1993.6857542451824,3357.4978087693858,724.1120228611962,2114.4672091889242,3060.5430563326877,0.0500000000001819,L,K
DCB_se2_ag1_f_01_1,19972,OW1,7595,oh,491.7523097566822,900.3162435553761,2660.2435606954305,832.3419062691928,977.8991380183023,2307.7953445914536,701.3540153724484,2366.4603714348823,3570.4597899021255,0.4800000000000182,sp,
DCB_se2_ag1_f_01_1,19976,IY1,7597,these,458.2466362885276,1361.3168601874625,2417.115322772312,494.31525759054983,1157.3570083288791,2313.4247022203967,414.9087025720616,2409.178917439281,3182.2740049063163,0.09999999999990905,DH,Z
DCB_se2_ag1_f_01_1,19978,ER0,7598,are,781.9560591227092,1928.6516515416242,3189.458249304776,783.0916942103519,1918.798445012085,3191.433899987836,737.3617796488516,1898.7624683612294,3222.5526368005317,0.07000000000016371,Z,N
DCB_se2_ag1_f_01_1,19980,AY1,7599,nice,1129.7761569995107,2067.085552334086,3583.68527304547,1193.5498595301542,2082.58652163178,3696.756346726668,694.9121159033358,2263.4060630379836,2989.325043825973,0.11000000000012733,N,S
DCB_se2_ag1_f_01_1,19983,OW1,7600,so,625.0187108951949,1577.0393203117687,3319.382314941655,684.2562701524174,1591.866287133042,3281.5488517635117,605.0011703888734,1694.8810167670986,3365.6885596126353,0.0500000000001819,S,SH
DCB_se2_ag1_f_01_1,19985,IY1,7601,she,405.82633102504843,1952.316520811062,2520.6729793838176,447.83076732502224,2435.9708469427505,3971.3301582009635,432.8505287718373,2516.7092597490932,3005.7081298682783,0.07999999999992724,SH,G
DCB_se2_ag1_f_01_1,19987,OW1,7602,goes,667.943826368615,1367.1523065329764,2546.042178316575,690.3086327704663,1406.099428720827,2347.208842350653,642.1192152025822,1644.3313253041263,2670.387590621664,0.15000000000009095,G,Z
DCB_se2_ag1_f_01_1,19989,IH1,7603,in,670.5906231479582,1819.8463601976478,2499.9840014604983,675.9211076499039,2056.9840288982846,2158.842529179285,675.1959885161078,2048.1318679085666,2155.626473631306,0.05999999999994543,Z,N
DCB_se2_ag1_f_01_1,19992,EH1,7604,there,634.4809496874882,2244.1617280916303,2468.8178054648197,644.0304803862455,1957.003429461358,2408.250118738498,635.5341348684477,2286.1470965736694,2783.5362652891727,0.11999999999989086,DH,R
DCB_se2_ag1_f_01_1,19996,AE1,7606,and,555.1507034972313,2331.6860093886057,2993.399797598805,967.6288041218353,2311.1754159865645,3402.4812145700666,555.288590092968,2331.6032554059148,2993.3816573328086,0.07000000000016371,sil,N
DCB_se2_ag1_f_01_1,19999,IY1,7607,she,376.4708775346056,885.0622532758537,2869.7083672547305,502.8380842161044,2440.367842669006,3038.9986179985062,441.24797535379065,2545.4048997231093,3114.7030084304038,0.15000000000009095,SH,L
DCB_se2_ag1_f_01_1,20001,AY1,7608,like,816.2504083235763,1902.58167888392,2073.851968833539,884.8192866874525,1916.8023155044452,3125.4939189537963,559.1176587956418,2484.8541446965855,3136.5337849046796,0.09999999999990905,L,K
DCB_se2_ag1_f_01_1,20005,IH1,7610,figures,557.5308088700174,2378.8336492840785,3207.319146330422,592.0590327402904,2266.666709559869,3274.365684424944,525.3927569782004,2558.3538904904713,3068.1754485492706,0.09000000000014552,F,G
DCB_se2_ag1_f_01_1,20008,ER0,7610,figures,557.9159910077475,2013.9626721958134,3011.190585135347,586.9996252965145,2273.1454287055694,2997.523084537468,586.9996252965145,2273.1454287055694,2997.523084537468,0.08000000000038199,Y,Z
DCB_se2_ag1_f_01_1,20010,EH1,7611,everything,609.0942828807091,2164.872447022967,2489.8323151088243,722.057506075461,2087.026334174276,2698.0334288578606,656.063938132168,2155.630302643061,2993.0620312783644,0.09999999999990905,Z,V
DCB_se2_ag1_f_01_1,20013,IY0,7611,everything,516.595456879164,2637.3468275649097,3056.052892183984,535.1328193609438,2452.771961792543,2923.7911587424633,521.9273297568353,2699.850489985949,3049.8196003498733,0.05999999999994543,R,TH
DCB_se2_ag1_f_01_1,20015,IH2,7611,everything,575.9403306716875,2228.9539242333626,3004.2265032244904,679.1062099578429,1915.9151450009997,2894.2714410580074,568.2079054982603,2431.983766761017,2596.0470110743686,0.07000000000016371,TH,NG
DCB_se2_ag1_f_01_1,20017,AW1,7612,out,884.0407826206069,1579.436418432103,2387.2410263232355,885.3702052375412,1547.7417091027312,2472.8082060061147,814.4820358815329,1902.5824642839907,2371.796158057386,0.15000000000009095,NG,T
DCB_se2_ag1_f_01_1,20021,AE1,7614,and,657.8174055874397,1179.6963966882586,2628.5765344243596,1038.5001010778476,2265.2322074971594,3506.381191103836,619.9387954730961,2522.869243280959,3478.4673080764474,0.0500000000001819,sil,N
DCB_se2_ag1_f_01_1,20024,IY1,7615,she,610.390317324543,2281.826141422111,3426.4216830260825,668.8373887992693,2119.353533197207,3246.082746059988,600.9684880244266,2305.3242985539496,3384.7154862131306,0.04999999999972715,SH,Z
DCB_se2_ag1_f_01_1,20027,AY1,7617,like,732.0478440018892,1885.7506440256814,3195.5582796482186,819.9878921238542,1868.5226693944476,2801.7446375328163,675.5242321650568,2006.1313503229514,3319.4398928936457,0.08000000000038199,L,K
DCB_se2_ag1_f_01_1,20031,AY1,7620,i'm,1003.2309542657408,1644.3443999923697,2549.882071705862,1074.359848499663,1614.7864052259342,2953.399349474645,868.7205548615711,1904.652834946302,2864.99189743385,0.09000000000014552,sp,M
DCB_se2_ag1_f_01_1,20034,UW1,7621,moving,388.004504246923,808.2020090886299,3351.4110718202774,610.0295714567153,1507.9353000616557,3343.647662949776,609.1668893051364,1503.9141366187732,3347.5381055603493,0.13000000000010914,M,V
DCB_se2_ag1_f_01_1,20036,IH0,7621,moving,605.9442751836636,2083.4479412716955,2993.8609357744494,615.111879066856,1944.7280517329402,2739.0777011410705,568.0755044522879,2563.589905893739,3252.1155809061806,0.07999999999992724,V,NG
DCB_se2_ag1_f_01_1,20039,IY1,7622,here,485.7260999404456,2544.487856235379,3437.2787357484767,546.6547554019052,2817.9709754051123,3144.803268498742,546.228619879024,2824.837308743621,3516.741291664823,0.11000000000012733,HH,R
DCB_se2_ag1_f_01_1,20043,AE1,7624,and,610.6563959452101,1913.1355946194374,2848.8768568025116,684.1292728061359,1493.877567003355,2539.707353875018,608.0331164258909,2065.4219345090837,2585.5439959904315,0.14000000000032742,,N
DCB_se2_ag1_f_01_1,20046,EH1,7625,then,705.9383736940398,2023.8837172194035,2445.630174670052,731.9897570036526,2245.5477035212566,2395.208955289131,572.2378779836175,2403.790797783865,3240.862619639817,0.07999999999992724,DH,N
DCB_se2_ag1_f_01_1,20049,AY1,7626,like,773.7096662716212,1781.1576358131276,2875.504260718597,974.0441229886433,1660.5654557948155,1841.6420106227097,646.3882505457683,2013.6725039628816,2482.02609155922,0.09000000000014552,L,K
DCB_se2_ag1_f_01_1,20053,AH0,7628,a,618.2204001533706,1539.8646644343944,2194.956284414017,836.1408218434253,1578.5103348556115,3697.6197609556734,636.6060923023036,1793.9418550980886,2843.753227699283,0.14000000000032742,sil,K
DCB_se2_ag1_f_01_1,20055,AH1,7629,couple,729.7722658642487,1535.9407424408373,3266.4162469085163,738.4119399699824,1549.0253119919898,3497.612444654683,669.3653364914796,1675.4757341184074,1976.6375832179929,0.05999999999994543,K,P
DCB_se2_ag1_f_01_1,20057,AH0,7629,couple,541.8736762947472,1149.5601499967743,3164.3448067271993,757.1492196966703,1505.4838756636946,3194.4383738877837,757.1492196966703,1505.4838756636946,3194.4383738877837,0.03999999999996362,P,L
DCB_se2_ag1_f_01_1,20060,IY1,7630,weeks,476.58007008798677,2753.1491443069804,2891.5290604192783,538.470584484427,1848.9270880439178,2895.552938567101,445.65425816152714,2826.4764077709415,2932.3340704097905,0.13000000000010914,W,K
DCB_se2_ag1_f_01_1,20064,EY1,7631,later,727.7372945616846,2387.9756390700604,2726.5538718168395,734.5409215110452,2400.5434590381515,2788.5466477891578,723.8362066168971,2421.071214347902,2672.8142026907335,0.08999999999969077,L,T
DCB_se2_ag1_f_01_1,20066,ER0,7631,later,587.8230531886761,1679.1231825044574,2498.0146032667167,595.5241694519701,2002.2616790772784,2604.435331834272,590.8021206622393,2026.8805856145796,2632.8533781684796,0.08999999999969077,T,sp
DCB_se2_ag1_f_01_1,20069,IY1,7633,we,447.6832761695924,1856.7286671889565,2905.2609991755317,451.7400489272783,1911.2534360254347,2704.2789252633224,446.3885144142116,2092.140577494661,2806.2755322946045,0.07000000000016371,W,W
DCB_se2_ag1_f_01_1,20071,ER0,7634,were,553.3171428339768,1003.500138245093,1971.0683433344097,608.9079747404855,1283.6650640095538,2985.43612074583,600.8429810086149,1302.887428788663,3322.8084903849003,0.05999999999994543,W,M
DCB_se2_ag1_f_01_1,20073,UW1,7635,moving,493.7312525609399,985.5996275185646,2575.4798314891336,596.0906552965145,931.9097017277047,2816.714392899699,542.1045467759797,1460.450948519726,2826.24670672779,0.06999999999970896,M,V
DCB_se2_ag1_f_01_1,20075,IH0,7635,moving,517.0602588307022,2321.49306735598,2678.125551266168,556.0920184643684,2422.6057952197975,2819.7487569505643,523.9473819082197,2436.4847258760688,2844.025336023346,0.0500000000001819,V,NG
DCB_se2_ag1_f_01_1,20077,AW1,7636,out,1012.7992771687399,1664.3489107695243,2512.0227481803195,1037.2942819032055,1729.6008435732247,2440.4196404676186,930.5649942888766,1793.3929357439868,2413.7196065265343,0.14000000000032742,NG,T
DCB_se2_ag1_f_01_1,20080,AE1,7638,and,699.5632900697964,2518.0905015139356,2879.3988639939557,1220.7013170254727,2092.1186532645584,3010.293451064043,714.4997402647496,2576.5156378658635,2998.2895610608794,0.2300000000000182,,N
DCB_se2_ag1_f_01_1,20083,AA1,7639,mom,1104.9449129263767,1774.2202314843053,2595.863608507256,1103.5356766795007,1773.5903789259853,2588.448416520096,1103.292077140727,1773.4815030770692,2587.1666318995294,0.03000000000020009,M,M
DCB_se2_ag1_f_01_1,20087,AO1,7641,was,568.6536777683466,1488.572159893215,2750.757300490172,626.266369900789,1431.7956772584275,2761.49717159708,528.9343843152486,1611.532356466018,2669.283454950896,0.06999999999970896,W,Z
DCB_se2_ag1_f_01_1,20090,AY1,7642,like,699.2162966478168,1634.2606221390922,2643.0202218974587,728.270213231339,1673.470189093676,2743.541816060491,689.3983039695602,2165.8736961537247,2709.9143606988328,0.05999999999994543,L,K
DCB_se2_ag1_f_01_1,20093,OW1,7644,oh,664.3452146491834,1035.9208081585464,3200.441471668394,827.1767820507018,1559.1184536203918,3087.513276856677,663.6821071057392,3307.8175407590356,4089.702710219195,0.2300000000000182,sp,W
DCB_se2_ag1_f_01_1,20095,AW1,7645,wow,910.6560327081669,1684.4974732458686,2560.0004447229644,915.7672841918186,1712.2328014981567,2549.6441727326064,890.023314369807,1858.9573748539244,2021.086504191331,0.4399999999995998,W,sp
DCB_se2_ag1_f_01_1,20098,IH1,7647,if,749.2694967394052,2235.534306156013,2609.748157948757,1011.6542260537013,2192.497052235546,2561.8682158191555,611.6348950468433,2273.2021636244735,2625.214180159863,0.07999999999992724,,F
DCB_se2_ag1_f_01_1,20100,AY1,7648,i,750.8895136714915,1463.7881318359794,2879.4703592333303,759.8184664862089,1619.1668818200314,2554.292613551099,759.8184664862089,1619.1668818200314,2554.292613551099,0.0500000000001819,F,W
DCB_se2_ag1_f_01_1,20102,UH1,7649,woulda,588.4517732122284,1428.3711693569264,2461.6422366908646,592.7135137643579,1360.8225938915962,2441.807561498123,581.7326127884379,1713.2948507020592,2709.415337078782,0.03000000000020009,W,D
DCB_se2_ag1_f_01_1,20104,AH0,7649,woulda,589.4658427554826,1905.2557835983573,2678.731820834653,609.2613862671498,1940.7187127276927,2449.6546890216487,610.5222371610753,1944.0556449612784,2466.271956940923,0.02999999999974534,D,N
DCB_se2_ag1_f_01_1,20106,EH1,7650,never,675.4899959732987,1719.223326131824,2755.7598594579877,780.7715508363622,1741.095094849033,2269.639567586503,603.0203764253091,1824.6329798223348,2684.5205235618005,0.06999999999970896,N,V
DCB_se2_ag1_f_01_1,20108,ER0,7650,never,531.1011595837282,1588.0102430181405,2478.7431039121448,572.8936113584733,1407.3664832607994,2385.9281650416056,513.5257422961151,1655.464713075518,2513.5326609375297,0.05999999999994543,V,G
DCB_se2_ag1_f_01_1,20110,AA1,7651,got,782.9739424991232,1707.8108123044856,2391.677680105422,787.4487519439388,1727.7730050752625,2420.617747460175,605.0341054749142,1937.8349765598323,2650.423449235473,0.05999999999994543,G,T
DCB_se2_ag1_f_01_1,20113,AY1,7652,my,753.3976913579529,1780.1931955173272,2404.767591809858,790.061664015578,1738.0258010545797,2494.9226400009243,732.9590419387318,2077.7670469073923,2359.653484037134,0.05999999999994543,M,HH
DCB_se2_ag1_f_01_1,20115,EH1,7653,hair,560.2408405648617,2102.4463126726982,2465.258895050546,583.4124397789091,2042.915770889102,3062.2041804442474,574.919679955976,2347.2257194799145,3230.29966607624,0.09000000000014552,HH,R
DCB_se2_ag1_f_01_1,20118,AH1,7654,done,692.7367822080664,1667.0736461249646,2711.3992188768243,694.2735485890589,1684.845885571604,2726.676807248837,657.2034491005511,1725.7373719369568,2750.949128420573,0.02999999999974534,D,N
DCB_se2_ag1_f_01_1,20121,IY1,7655,we,417.79193048286606,2139.0089160905954,2514.5422260869896,492.0568357909742,1528.9853748621977,2429.992954591493,428.59885596872687,2148.107374365372,2524.0000256259673,0.0500000000001819,W,P
DCB_se2_ag1_f_01_1,20124,AA1,7656,probably,808.9934880967437,1532.27154945983,2544.4245345362347,868.7382281609515,1544.2009547505218,2548.0260228763236,819.0575418292053,1590.4577276526682,2311.4288572510463,0.07000000000016371,R,B
DCB_se2_ag1_f_01_1,20127,IY0,7656,probably,435.66559172555225,1258.9688273201002,2587.8319579039708,651.2439921114403,1702.808169933005,2633.974080114949,428.8056249032714,2124.6367121724584,2526.974009402913,0.06999999999970896,L,sp
DCB_se2_ag1_f_01_1,20130,UH1,7658,woulda,507.25809850832195,1620.5556077335814,2474.6099244283773,519.0398799058206,1688.9189659774024,2738.455580713145,518.0241370379385,1688.3557348462139,2699.6267037679363,0.03999999999996362,W,D
DCB_se2_ag1_f_01_1,20132,AH0,7658,woulda,508.9024485268424,1833.486870655486,2853.4561577788986,509.0106116493502,1762.3970166010838,2828.608523946088,489.16933632557465,1948.3011201610718,2882.022890864188,0.07999999999992724,D,N
DCB_se2_ag1_f_01_1,20134,EH1,7659,never,700.5347451534316,1904.8247120109074,2698.0698937110737,700.0443705701655,1907.2691528012788,2700.4632941857662,667.2375831948904,1964.0408015953005,2699.073401757184,0.05999999999994543,N,V
DCB_se2_ag1_f_01_1,20136,ER0,7659,never,555.9954915703839,1205.301030646745,2330.6325555880217,555.9431591697023,1203.8833430319733,2326.8855765157277,495.4895517629457,1484.662141761915,2339.237021851891,0.05999999999994543,V,M
DCB_se2_ag1_f_01_1,20138,UW1,7660,moved,566.6129264668859,1111.2080810306818,2368.3664200094267,601.2320297558124,977.1716099639522,2334.4384373474863,514.5923370254623,1389.7623156428206,2351.3816714639647,0.07999999999992724,M,V
DCB_se2_ag1_f_01_1,20141,OW1,7661,over,622.9499893496609,1431.8996106431655,2722.6290160005656,632.7701000309065,1552.119029483919,2661.1529975844605,622.3724520110815,1648.7305622132412,2512.1052102543317,0.09999999999990905,D,V
DCB_se2_ag1_f_01_1,20143,ER0,7661,over,577.6096814383942,1611.5937623522495,2405.0135877099224,578.6657008541475,1639.9737351105991,2425.339005444167,562.693461482727,1672.2806486378647,2439.550690824106,0.06999999999970896,V,DH
DCB_se2_ag1_f_01_1,20145,EH1,7662,there,551.45678649278,1951.254574391731,2524.6248517590757,578.3178357606887,2077.2878250526637,2635.3218973929447,576.7112439341225,2075.0844151549213,2641.083440031792,0.02999999999974534,DH,R
DCB_se2_ag1_f_01_1,20149,UW1,7664,ooh,629.6098895843522,1189.6507037619795,3227.9292527316775,712.8026455432134,1505.196800214208,2782.0503351951247,691.8483690676559,1572.505004438819,2714.5521348230486,0.21000000000003638,sil,sp
DCB_se2_ag1_f_01_1,20152,IH1,7666,it,564.5211328020403,1711.6629501421658,2966.3961721367396,697.9083846349404,2063.240141783468,3266.677760687066,555.9714800743209,2119.185358121445,3146.5680626637823,0.05999999999994543,,T
DCB_se2_ag1_f_01_1,20154,EH1,7667,s,613.4742827434587,1867.9414890951032,2517.5183658327237,622.870946337681,1908.5719144364864,2522.928363733131,577.9477546797098,1989.3474457386792,2615.4552898414854,0.06000000000040018,T,S
DCB_se2_ag1_f_01_1,20156,AO1,7668,all,789.3328440624591,1267.6770698044745,3445.418551376797,823.8291376697362,1319.1609309840794,3285.824505844076,688.8532789781428,1986.154863893794,3004.978845668583,0.13000000000010914,S,L
DCB_se2_ag1_f_01_1,20158,AH1,7669,of,686.7062194170721,1482.3413660429417,3332.53146595105,695.0787873361346,1519.510527709416,3341.977658609153,695.6196172442238,1526.6129059928257,3334.295155350497,0.02999999999974534,L,V
DCB_se2_ag1_f_01_1,20160,AH1,7670,us,637.5715899032697,1589.7693215973386,3234.2334175779993,702.340037890146,1367.0518719704587,3165.7979682332057,688.2990700194587,1735.2715365860815,3199.664689814052,0.15000000000009095,V,S
DCB_se2_ag1_f_01_1,20164,AH0,7672,and,696.9393611433333,1833.4163178108079,2955.3318263315823,710.8140815721697,1843.9205250962848,3016.9439956538563,710.3265451801614,1855.3964554916463,2950.9491644726086,0.0500000000001819,sil,N
DCB_se2_ag1_f_01_1,20167,AY1,7673,my,732.1578532166974,1478.2363509018005,2240.781011312853,780.1722250570414,1297.16872140738,2355.6937751421774,686.4917932961278,1507.2619885933311,2359.0674581918315,0.03000000000020009,M,OW1
DCB_se2_ag1_f_01_1,20168,OW1,7674,older,733.6693913301524,1376.7397727963162,2337.8787278521395,747.2895583901997,936.5721226186694,1587.2818178531027,726.8146482004616,1950.4881385731585,3602.2808843779835,0.08999999999969077,AY1,L
DCB_se2_ag1_f_01_1,20171,ER0,7674,older,550.9819226723954,1675.7580788383723,3268.1312415211887,595.7386515500191,1624.1307202369696,3244.081003871531,448.32396747370024,1717.3992454263816,3323.96226795979,0.05999999999994543,D,S
DCB_se2_ag1_f_01_1,20173,IH1,7675,sister,619.2314832852443,1534.2205737433617,3231.870853111325,620.3273178066736,1544.0916851866718,3215.458297394598,549.5167522517106,1784.4196186795016,3323.2549899739006,0.03999999999996362,S,S
DCB_se2_ag1_f_01_1,20176,ER0,7675,sister,373.9516425689521,1827.412692254464,3396.995679196977,1348.4065769852448,2461.642641215402,3728.67491590447,1189.6156392840594,2367.4503974481117,3674.2707307522037,0.0500000000001819,T,T
DCB_se2_ag1_f_01_1,20178,UW1,7676,too,574.6315890791154,1544.4388882300534,2897.5464847770327,609.7233778398373,1591.1527465204151,3327.1640795547723,579.9540845169852,1773.8961247052569,3264.645346822683,0.13999999999987267,T,sp
DCB_se2_ag1_f_01_1,20180,AH1,7678,uh-huh,729.8821154344234,1404.4641652766497,2165.746972670323,981.458192237342,1426.463400209684,2657.649927332678,672.6600290377901,1592.6349723486903,2219.740396991344,0.11000000000012733,sp,HH
DCB_se2_ag1_f_01_1,20182,AH1,7678,uh-huh,631.0474590714919,1304.1053398094855,2641.283190635414,645.933399238724,1403.6284819367086,2505.9824604277883,602.9713947756151,1560.2193400204235,3447.6352086021316,0.13000000000010914,HH,K
DCB_se2_ag1_f_01_1,20184,AO1,7679,cause,588.8391669001761,1444.8413469774184,3133.3511743242507,607.9676174890064,1649.910549137367,3038.545062505674,571.8328785720502,1703.2530255948166,3473.6019394306213,0.03999999999996362,K,Z
DCB_se2_ag1_f_01_1,20187,AY1,7680,my,765.6734802320822,1387.1245193064974,2281.6119841825416,800.9931127512831,1350.248576650192,2376.704948424941,759.5356914735517,1390.6615907525002,2268.5852467904806,0.03999999999996362,M,M
DCB_se2_ag1_f_01_1,20189,AA1,7681,mom,845.5442206395836,1191.030409834702,2362.406973857568,869.2851773633438,1179.0591304172042,2284.6041933806837,639.1111687464664,1315.3406651103032,2473.277396641313,0.09000000000014552,M,M
DCB_se2_ag1_f_01_1,20192,EH1,7682,said,555.7749374041618,1952.725270351466,3234.8424323552863,562.3681916109525,1853.193015914517,3119.311215594987,538.6994673413217,2120.0706418903574,2980.721510653882,0.07000000000016371,S,D
DCB_se2_ag1_f_01_1,20195,IY1,7683,she,528.5790984138723,1978.828717931614,2932.797869319452,531.5371261041516,1860.7206584857151,2946.3938098334283,516.4445473905103,2615.120862562084,3883.79174809736,0.03999999999996362,SH,N
DCB_se2_ag1_f_01_1,20197,AA1,7684,not,771.2468574033554,1746.638267055712,1892.5555996142684,798.8431230905557,1634.459296850813,1967.8270260811798,774.2128762428505,1874.5060757422998,2002.3773583697694,0.0500000000001819,N,T
DCB_se2_ag1_f_01_1,20200,UH1,7685,putting,549.4774770178414,1272.6712189779641,3364.614797704607,644.3515926140645,1460.871608301859,3039.6315501495906,643.0242156510654,1468.1794266291845,2953.7367699989854,0.05999999999994543,P,T
DCB_se2_ag1_f_01_1,20202,IH0,7685,putting,528.8169882933224,1381.9155400862824,2565.6353080668428,656.5409472083901,1393.6871662955368,2477.8842941841476,499.35053825558543,1397.4102505440878,2595.587432185612,0.03000000000020009,T,NG
DCB_se2_ag1_f_01_1,20205,AY1,7686,my,651.6446297973228,1742.223910665826,3375.270665321504,679.4917198521796,1583.3883399219349,1849.6194692999857,641.576606859228,1763.998197319916,3298.677147799302,0.0500000000001819,M,S
DCB_se2_ag1_f_01_1,20207,IH1,7687,sister,522.3762095003633,1633.8872213930842,3343.4758295040633,569.7005976430777,1677.5748551223874,3088.719984445131,569.7005976430777,1677.5748551223874,3088.719984445131,0.07000000000016371,S,S
DCB_se2_ag1_f_01_1,20210,ER0,7687,sister,663.3111692913719,1606.6987631595782,2046.4679827114956,729.3652757543283,1396.5817310305774,2148.586585576518,658.227411730607,1785.6740153406593,2102.091461766575,0.03999999999996362,T,AW1
DCB_se2_ag1_f_01_1,20211,AW1,7688,out,826.4003460442841,1651.1062065957487,2037.815805260125,861.9102973620222,1739.2048119917454,2660.3787247109703,831.7998382637533,1780.562727658879,2226.7153450515716,0.11000000000012733,ER0,T
DCB_se2_ag1_f_01_1,20217,IY1,7692,she,549.4861323930508,2071.776753366521,2882.032218166332,566.1530386793685,1889.654642127848,2946.1182422646366,510.18333396785516,2117.2391875504472,2981.547754941077,0.05999999999994543,SH,S
DCB_se2_ag1_f_01_1,20219,EH1,7693,said,630.200460648152,1365.3502708861497,2724.517059473644,653.6742830558303,1347.1232768603545,2588.0217106595783,628.3355971519114,1470.6668101148161,2803.526376224277,0.04999999999972715,S,D
DCB_se2_ag1_f_01_1,20222,IY1,7694,she,507.3867677563649,2318.4511185121432,3204.769022136005,574.8525828248337,2266.158664621645,3215.3953613784824,532.4882016116501,2316.7558468899347,3205.7479748121245,0.02999999999974534,SH,sp
DCB_se2_ag1_f_01_1,20231,IH1,7699,it,537.7333258468259,1810.7844548812561,2221.5021589276143,540.0067399673966,1780.2983012057978,2244.3155587274946,476.10694087543015,2050.631143423226,2665.6413591870537,0.02999999999974534,spn,T
DCB_se2_ag1_f_01_1,20236,IY1,7701,three,542.7998262797079,2130.565822649146,2333.3014259009906,570.8284232766264,1762.003070311346,2393.830010000415,506.16213832037977,2182.051347047685,2484.9892128557067,0.11000000000012733,R,B
DCB_se2_ag1_f_01_1,20238,EH1,7702,bedrooms,630.0078907379255,2107.104459102836,2461.5844079430703,654.2638440932906,1908.3966840445908,2484.1456832695926,631.1979652500222,2117.0652754909233,2404.95937166642,0.12000000000034561,B,D
DCB_se2_ag1_f_01_1,20241,UW2,7702,bedrooms,664.3447549120898,1243.862688527083,1946.95251345123,685.8523154972652,1376.9337489724462,2011.3578728217954,680.2569547406424,1408.204165947068,1933.5706561834156,0.1799999999998363,R,M
DCB_se2_ag1_f_01_1,20245,AY1,7704,i've,927.6245241994785,1773.8569732267251,2575.725402895956,959.131319587769,1752.1859956303913,2527.220734501206,735.0788837899245,1893.0631642974067,2938.8026750584386,0.14000000000032742,,V
DCB_se2_ag1_f_01_1,20248,EH1,7705,never,672.1095034620312,2036.398946044284,2951.2772871943775,672.8250637394979,1992.7687729676654,2937.9184825557404,667.2054951455646,2051.690639017964,3021.8709610718606,0.07000000000016371,N,V
DCB_se2_ag1_f_01_1,20250,ER0,7705,never,660.39502848664,1612.404354305811,2492.8322989813896,681.4928768903437,1632.9411306368972,2317.7042591074346,676.8178018786597,1708.634161271851,2343.460830797317,0.05999999999994543,V,HH
DCB_se2_ag1_f_01_1,20252,AE1,7706,had,766.0130746024344,1846.3942477816313,2793.7241937827,778.4420565161746,1943.602749842389,2792.3266775412353,769.9519263957053,2043.2479263873738,2674.2927088623896,0.04999999999972715,HH,D
DCB_se2_ag1_f_01_1,20255,AY1,7707,my,835.3495450285778,1263.390951113279,3030.5484790147607,840.5086279849221,1276.9330454653225,3150.920217583933,729.1320376709023,1341.0830490478165,3359.7373453471564,0.03000000000020009,M,OW1
DCB_se2_ag1_f_01_1,20256,OW1,7708,own,699.3742357938127,1166.5364763169164,2673.691616412027,870.431503931317,1280.8691380888793,3203.1275624390273,761.9753365588731,1317.4779149679187,3193.570070038211,0.1999999999998181,AY1,N
DCB_se2_ag1_f_01_1,20259,UW1,7709,room,637.3063105011701,1333.465914017173,2248.142718407882,638.2247558120108,1317.0584206860322,2257.566908040493,637.3818115838923,1332.9675475531028,2248.9359369550575,0.04999999999972715,R,M
DCB_se2_ag1_f_01_1,20264,EH1,7711,never,816.3469181606456,1733.4964562586479,2382.7077601228357,942.3703860692654,1740.6428115785588,2274.2634980247176,946.3470952700676,1741.5649410744502,2301.5996192628686,0.03999999999996362,N,V
DCB_se2_ag1_f_01_1,20266,ER0,7711,never,932.6477341459974,1458.2910892201799,2977.5550985334517,943.8278219705212,1537.338301877925,2582.3870515762846,872.8506025983353,1573.784502666308,2103.641736591868,0.09000000000014552,V,sp
DCB_se2_ag1_f_01_1,20268,IH0,7713,in,655.8303476470493,1567.9382621597824,3084.7217720587787,806.494932025083,1553.5304799107569,3035.5770777595244,636.78079361983,1659.3701766674087,3369.930252600384,0.02999999999974534,sp,N
DCB_se2_ag1_f_01_1,20271,AY1,7714,my,738.1804716009036,1839.403331300773,1851.5227149272926,785.5276032290752,1877.2112023647214,2885.6402816074833,777.7222415012889,1869.8733725049738,2692.1173093805496,0.0500000000001819,M,L
DCB_se2_ag1_f_01_1,20273,AY1,7715,life,564.4681884650571,1618.176108436045,2539.183609999063,660.8054857721187,1588.066900570252,3363.020775475899,429.42956487348954,2133.3138583124496,2406.0927011265817,0.05999999999994543,L,F
DCB_se2_ag1_f_01_1,20277,OW1,7717,oh,603.553326716033,984.3206696606666,3124.5319450539314,977.9620833495879,1485.1421969289402,2721.2710226699446,891.5448756913493,1644.1374060195392,2706.0134947166994,0.25,sil,sp
DCB_se2_ag1_f_01_1,20280,AY1,7719,right,780.909273585944,1798.3809467304145,2429.8912358686634,886.7683398205622,1654.933510103963,2306.2115397723182,763.0990342152796,2381.9453165494538,2609.8862526220414,0.11999999999989086,R,T
DCB_se2_ag1_f_01_1,20286,AY1,7722,right,888.5009364448737,1812.6597732856974,2590.4153720069294,967.0947676097586,1834.5894503177005,2540.8469134006905,775.077459428288,2019.0380323068666,2619.628855874203,0.09000000000014552,R,T
DCB_se2_ag1_f_01_1,20290,AY1,7724,right,890.1919268566896,1814.7666117225988,2525.602795734468,960.7724872703116,1778.9293213634573,2605.9218335996293,908.3732333991381,1828.6841170497482,2459.0771557003127,0.15999999999985448,R,T
DCB_se2_ag1_f_01_1,20295,IY1,7727,see,653.9706893447715,2040.581904275893,2933.9938600621313,674.1078014277898,2084.7959629384195,2890.7038875120934,637.6430565929129,2260.238442314559,2951.8424030187507,0.08000000000038199,S,B
DCB_se2_ag1_f_01_1,20297,IY1,7728,be,535.9153682832779,2538.9488700288803,2932.228000476367,1276.09483865573,2593.0935041354833,3037.6035629422795,1154.715034990765,2567.489560021634,3031.6538870028476,0.11999999999989086,B,HH
DCB_se2_ag1_f_01_1,20299,AH1,7729,humble,719.4094744456984,1359.0325108573477,2579.104770281791,1130.0536488725754,1510.3318797996,2732.5550698196143,758.4276247864595,1782.5516659389252,2549.904972612734,0.2699999999999818,HH,M
DCB_se2_ag1_f_01_1,20302,AH0,7729,humble,730.6733979940417,1696.6294874799933,2162.4570246421704,759.1690527425657,1710.000102490296,2017.1435923631752,701.7252005856797,1752.0181688299758,2001.5136340166996,0.03000000000020009,B,L
DCB_se2_ag1_f_01_1,20306,IY1,7731,be,746.9954396774792,1919.716945931921,2666.747257793191,840.098496149378,1959.2144534546367,2829.7602690365597,642.0640535459476,2016.1969404088154,2550.2226103084604,0.06999999999970896,B,HH
DCB_se2_ag1_f_01_1,20308,AH1,7732,humble,881.2879117843215,1493.2775963130266,2900.0121910872135,960.8635319185681,1470.4683672085396,3173.7901586817416,760.217040439861,1549.945939903264,2788.404558209093,0.09000000000014552,HH,M
DCB_se2_ag1_f_01_1,20311,AH0,7732,humble,765.7252449536603,1678.4566225451174,2983.1441652344943,770.4891381260576,1676.915703516893,2956.902520626062,662.7322460314278,1699.239739682107,2980.2400773036134,0.03000000000020009,B,L
DCB_se2_ag1_f_01_1,20315,AY1,7734,right,591.9805640929245,1283.467172126894,2383.3959814172204,860.9923303074079,1850.6286185386186,2638.0161598371465,593.2271868899892,2306.43331009184,2457.4655993161614,0.3599999999996726,R,T
DCB_se2_ag1_f_01_1,20320,AH1,7736,yup,726.1897580077253,1678.9454023226458,2945.671059134273,752.6311584818471,2001.5441380764153,3134.357275274288,743.0548618162956,2047.6837533581459,3121.2651563927056,0.1799999999998363,Y,P
DCB_se2_ag1_f_01_1,20323,AH1,7737,but,779.7394050287683,1580.6868271078881,2425.481893001843,861.2736261500078,1727.9112952736368,3045.7732725108017,804.2980194181221,2389.302363008686,2752.98608716449,0.2899999999999636,B,T
DCB_se2_ag1_f_01_1,20327,UW1,7739,u,680.945303863095,1722.8575591419701,2289.2427424516295,699.3458056946099,1834.8918283866446,2492.849695667461,692.4787276962293,1886.270096828014,2559.8224745691396,0.03000000000020009,Y,
DCB_se2_ag1_f_01_1,20329,AY1,7741,i,961.9400421596213,1542.0434692195663,2705.9454672460965,1036.468253518615,1710.225418709559,2678.3804311181275,687.7361429697764,2072.727339274409,2522.947296176507,0.13000000000010914,,N
DCB_se2_ag1_f_01_1,20331,EH1,7742,never,809.8816483110862,2001.735809928164,3203.3182200485503,811.637002653228,2008.7291277864763,3210.722074999903,771.2307544227066,2054.8386906761134,3241.513893919212,0.07000000000016371,N,V
DCB_se2_ag1_f_01_1,20333,ER0,7742,never,742.2928678402168,1759.457618287491,3008.5727984765317,779.9219664359334,2009.5025136661984,3217.719943524129,779.9065480131934,2018.1697655297664,3226.751683069515,0.09000000000014552,V,HH
DCB_se2_ag1_f_01_1,20335,AE1,7743,had,751.1724024389886,1871.6578094803158,2905.5410863993443,757.753055076305,1928.2856823142606,2815.624421739414,757.753055076305,1928.2856823142606,2815.624421739414,0.03000000000020009,HH,D
DCB_se2_ag1_f_01_1,20338,AY1,7744,my,751.450079782257,1481.5596235839469,2093.889704221568,754.0750647702399,1397.0902520774118,2138.444575418977,745.4407735259676,1522.590023359067,2377.917050578186,0.09000000000014552,M,OW1
DCB_se2_ag1_f_01_1,20339,OW1,7745,own,658.5645362781543,1050.114940597468,2177.5209481889897,722.9578233725236,1228.7444084063998,2096.4718798245535,722.2637338883924,1235.4941828469234,2101.4768712708874,0.15999999999985448,AY1,N
DCB_se2_ag1_f_01_1,20342,UW1,7746,room,648.0255380383632,1471.1449784799934,2285.787759951984,655.4496518453176,1154.917734839063,2403.3930032593057,648.5349572000557,1490.5627271210687,2278.1083652505217,0.11999999999989086,R,M
DCB_se2_ag1_f_01_1,20345,AY1,7748,i,953.0587469404351,1549.6504012840123,2660.341250757513,1162.695015840353,1714.9728212225118,2612.509807241132,1111.4969475862877,2225.19150989319,3445.145744103426,0.15000000000009095,,AO1
DCB_se2_ag1_f_01_1,20346,AO1,7749,always,746.9433911594606,1333.0474215014144,3166.1534681588078,787.8347500574489,1263.4334969950344,2103.774938266841,756.4946334274766,1353.4956696450483,3182.7743122765955,0.05999999999994543,AY1,L
DCB_se2_ag1_f_01_1,20349,EY2,7749,always,449.13203232790175,1797.4857938609018,2454.7770849445633,625.0384209254299,1851.6288012686382,3039.448411234184,525.6599845187433,2263.0699061564437,3191.3315365064036,0.11000000000012733,W,Z
DCB_se2_ag1_f_01_1,20353,EH1,7751,well,628.5647066077265,1372.392637503259,3174.887209719413,634.8929552786286,1271.52496037358,3119.2901982241024,629.173685971344,1373.1936488392207,3176.1384008634877,0.03999999999996362,W,L
DCB_se2_ag1_f_01_1,20356,EH1,7752,when,703.8716134752485,928.0693283515603,2297.596812027376,717.9070188227347,970.5997739372647,2384.346278442483,687.051309821958,1242.0528589910343,2488.92645158757,0.02999999999974534,W,N
DCB_se2_ag1_f_01_1,20359,IY1,7753,we,540.6551134821865,1983.6845575930051,2842.7073800543617,542.8372367005146,2022.1300245298817,2841.2266825748734,511.1621329701529,2085.6419660884962,2847.0008422351725,0.07000000000016371,W,W
DCB_se2_ag1_f_01_1,20361,ER0,7754,were,592.7984577776615,1911.117043139495,2431.445115341826,608.0658813897717,1465.8434991313836,2335.2228048783827,515.8435342540337,2489.5856583193668,2574.620440842448,0.07000000000016371,W,Y
DCB_se2_ag1_f_01_1,20363,AH1,7755,younger,726.6398811541432,1635.2777587286098,2975.90754589525,733.9096759530628,1539.4490602199348,2432.236075793633,534.4027061479337,2220.0301082069254,2674.0878009515604,0.08999999999969077,Y,NG
DCB_se2_ag1_f_01_1,20366,ER0,7755,younger,624.61997955252,1899.9064952032734,2352.9191090009404,794.5185710346985,1735.9966275367292,2005.5839707853002,614.4911680095594,1907.4994720420764,2142.8099750799674,0.09999999999990905,G,AY1
DCB_se2_ag1_f_01_1,20367,AY1,7756,i,932.1880935138273,1254.7864287456132,1957.8579611291536,932.7059212404298,1203.374388934166,1934.8771711377767,662.0748152729844,2457.0400212096583,2814.8860613414663,0.13000000000010914,ER0,Y
DCB_se2_ag1_f_01_1,20369,UW1,7757,used,478.43471607830367,1983.4721073158496,2867.378151177051,517.102375174379,2253.2998798334866,2835.7003285554656,515.8559872261546,2282.1881886126635,2813.1421530823936,0.05999999999994543,Y,Z
DCB_se2_ag1_f_01_1,20373,IH0,7758,to,468.6146962071121,1774.8914835865617,3001.6064495346677,515.7936474599627,1808.9165378083223,3021.8685948951074,515.7936474599627,1808.9165378083223,3021.8685948951074,0.03000000000020009,T,sp
DCB_se2_ag1_f_01_1,20376,AY1,7760,my,827.1441419755419,1632.9488242911227,1952.4434932273525,999.4463020073614,1685.743703626055,2768.652984613811,788.2551201855146,1773.892336580519,2711.5142713660844,0.11999999999989086,M,S
DCB_se2_ag1_f_01_1,20379,IH1,7762,big,496.6429137072449,1777.2877928369035,2392.5124370671174,547.3955862001259,2303.3800506558823,2956.3692624430446,545.0721505515064,2324.191365166951,3004.0957539125366,0.03999999999996362,B,G
DCB_se2_ag1_f_01_1,20382,IH1,7763,sister,533.9968451846211,1706.2087903720876,2841.8812543552544,563.1888984697359,1699.722126567925,2822.1182494645177,541.4099889203659,1863.3625525725004,2927.00031393431,0.03999999999996362,S,S
DCB_se2_ag1_f_01_1,20385,ER0,7763,sister,659.4139572361386,1821.2314111482854,1972.3487600431497,677.1353345404485,1724.4179627669396,2459.3148624059636,660.5392250224938,1920.6953515682299,2480.978155421877,0.03999999999996362,T,HH
DCB_se2_ag1_f_01_1,20387,AE1,7764,had,698.7170516393709,1488.372678780279,2201.9568074066606,783.89141783147,1966.863506190703,2807.2467553092415,705.624587952905,2007.441518717715,2173.2803038661027,0.09000000000014552,HH,D
DCB_se2_ag1_f_01_1,20390,ER0,7765,her,715.8788196162167,1333.9636568103333,1887.6042650265006,733.2584739571984,1347.1799225714817,2108.912600552439,728.8140164088817,1378.8730087148488,2066.0715907510184,0.13000000000010914,HH,OW1
DCB_se2_ag1_f_01_1,20391,OW1,7766,own,639.8927472471394,982.355228050159,2405.1108391167118,681.285789572683,1233.558424714469,2123.4176611771686,673.2432918490498,1235.3135877201041,2128.3548660644024,0.09000000000014552,ER0,N
DCB_se2_ag1_f_01_1,20394,UW1,7767,room,623.8746507300881,1355.8805230677024,2211.6169377089705,641.8096636977587,1168.711520922912,2265.2962524026184,619.4732233108889,1390.26561862621,2100.911925320969,0.13000000000010914,R,M
DCB_se2_ag1_f_01_1,20398,AA1,7769,cause,499.5805848852471,1750.6449965521624,2789.535229337835,574.115800483973,1937.7463335554569,2782.4280509211553,574.115800483973,1937.7463335554569,2782.4280509211553,0.02999999999974534,K,Z
DCB_se2_ag1_f_01_1,20401,AH0,7770,that,646.3876310555562,1869.8822648755913,2731.9748789676605,659.6200726674093,1854.3333242107792,2699.2274756421384,654.6016851854272,1870.3797792654175,2698.6180031048953,0.03000000000020009,DH,T
DCB_se2_ag1_f_01_1,20405,IH1,7772,when,609.832271928458,1740.430820909856,2477.0511685053375,623.5889546540978,1886.8289711441355,2063.1100857476385,623.5889546540978,1886.8289711441355,2063.1100857476385,0.03000000000020009,W,N
DCB_se2_ag1_f_01_1,20408,IY1,7773,she,480.2554708460563,2356.557825443146,2717.56341841697,714.9862935194824,2338.46910346526,2476.5883049177755,472.38620387965074,2401.7692377881067,2648.172434123151,0.02999999999974534,SH,W
DCB_se2_ag1_f_01_1,20410,AH0,7774,was,460.43297858973807,1835.077847168486,2795.1536747603427,473.0043268522164,1913.306993827154,2820.4408901954166,473.0043268522164,1913.306993827154,2820.4408901954166,0.03000000000020009,W,Z
DCB_se2_ag1_f_01_1,20412,IH0,7775,in,593.8032000858655,1912.1768008639797,2630.011667584271,608.2661509956872,1832.0726703205935,2503.940137537928,575.8508477895771,1930.3239140029043,2599.516017443865,0.0500000000001819,Z,N
DCB_se2_ag1_f_01_1,20415,ER0,7776,her,575.7260332101392,1545.257807682183,2113.752211479171,681.9197683687324,2211.1427505253064,3512.3994996951797,674.3221437732557,2215.554200574328,3382.114532147892,0.11000000000012733,HH,T
DCB_se2_ag1_f_01_1,20417,IY1,7777,teenage,550.6431585872709,2802.680873140148,3074.423871095295,625.8760606199006,2637.650649530818,2882.535198717302,556.318079233065,2826.020529292559,3004.1320550646747,0.1000000000003638,T,N
DCB_se2_ag1_f_01_1,20419,EY2,7777,teenage,472.84925275639046,2633.971788363516,3199.1455581486057,570.9802198296001,2168.7954951322145,3197.607934235992,439.7031976348359,2734.963713807998,2955.9881573790676,0.1799999999998363,N,JH
DCB_se2_ag1_f_01_1,20423,EY1,7778,stage,438.55214134913894,2542.6977722374127,3018.575579228104,543.1903306186077,2309.9807787663617,3001.4848160751676,463.81565749241554,2731.684131059051,2810.871152609775,0.24000000000023647,T,JH
DCB_se2_ag1_f_01_1,20427,AY1,7780,my,657.3964751734111,1661.2267123114566,2701.762983443612,803.7145598533423,1715.509362888702,2666.5643634994535,802.1678031877767,1728.7422800324512,2659.187567663898,0.07999999999992724,M,B
DCB_se2_ag1_f_01_1,20429,IH1,7781,big,477.143834687923,2349.499615692008,3043.1074185503976,478.1947980578046,2338.3780784056617,3041.2399521466,452.06465181585156,2392.6777589491717,2993.3413426248094,0.02999999999974534,B,G
DCB_se2_ag1_f_01_1,20432,IH1,7782,sister,490.1893270088681,1778.3507094097863,2642.4002987472654,491.15341395952595,1785.9614661216344,2650.5804527999126,459.2357739873595,1829.3662865997094,2853.0245832617143,0.03999999999996362,S,S
DCB_se2_ag1_f_01_1,20435,ER0,7782,sister,620.9864808707163,2016.2105697584948,2819.67430934744,625.5785140794081,2028.5471461217267,2805.88200880039,625.5785140794081,2028.5471461217267,2805.88200880039,0.03000000000020009,T,HH
DCB_se2_ag1_f_01_1,20437,AE1,7783,had,672.9334739524714,1297.6123961440555,2100.6088435013817,675.8453239023772,1869.3482197982344,2711.316994444594,663.613206643237,2159.977881722885,3115.4852666961,0.04000000000041837,HH,D
DCB_se2_ag1_f_01_1,20440,ER0,7784,her,643.375332390983,1412.4119769457477,2201.1982708767755,646.2927468588564,1368.7473678834021,2216.9070044059617,631.0656101458609,1906.874302590524,2154.7108468108145,0.06999999999970896,HH,OW1
DCB_se2_ag1_f_01_1,20441,OW1,7785,own,602.2397614393532,1101.9664353827397,2866.2199414835272,652.1578181909885,1285.0632212972173,2420.8073916473663,642.3414371498446,1302.0833639974776,2404.7148073282447,0.12000000000034561,ER0,N
DCB_se2_ag1_f_01_1,20444,UW1,7786,room,588.225824554746,1172.5847875612628,2396.9969400670198,590.8437030243842,1169.8351063335322,2394.8288111978018,585.3576162491282,1172.2781231071772,2397.3152781402123,0.02999999999974534,R,M
DCB_se2_ag1_f_01_1,20446,AH0,7787,and,597.8485556573462,1918.0860477905799,2558.9617874426513,600.0195012453474,1853.2711418686022,2291.0517649566086,592.2630116918547,1986.4415951337492,2974.872015060661,0.03000000000020009,M,N
DCB_se2_ag1_f_01_1,20450,EH1,7788,then,501.7239563791123,1907.0475885836101,2838.727769896995,541.3593199445785,1866.141297881568,2850.9770473949893,495.46630733794075,1918.5536471133082,2802.2535773790746,0.02999999999974534,DH,N
DCB_se2_ag1_f_01_1,20452,AY1,7789,i,775.659239263114,1709.428537356051,2307.0648476078036,780.6274964459594,1525.8242932425394,2078.126480238366,763.9007725389175,2099.042306402281,2642.422241371293,0.06999999999970896,N,SH
DCB_se2_ag1_f_01_1,20454,EH1,7790,shared,547.7093539298825,2164.5863152078637,2872.609855387062,627.0496956538855,2062.480000128068,2801.3950259402286,542.9360874550634,2161.017854039563,2868.0998837387883,0.03000000000020009,SH,R
DCB_se2_ag1_f_01_1,20457,AH0,7791,a,592.2242280205134,1472.2746832472944,2305.95097950286,616.9557637803466,1818.4882187133203,2496.405857701935,617.0521027019611,1829.7043054774551,2505.57346467069,0.04999999999972715,D,R
DCB_se2_ag1_f_01_1,20459,UW1,7792,room,625.0428181084939,1189.935830422337,2420.133091564649,639.630497192679,1160.1011283215496,2406.706460338556,629.4340591285728,1208.056004113858,2426.020876341615,0.05999999999994543,R,M
DCB_se2_ag1_f_01_1,20462,IH0,7793,with,550.888179073932,1031.9679469069638,2639.8513170490446,559.0995051886607,1030.887038244937,2795.7498378160926,531.6242322405051,1065.1175064726876,2915.0459027789557,0.02999999999974534,W,DH
DCB_se2_ag1_f_01_1,20465,AY1,7794,my,812.3123718226723,1622.200493249707,2754.083471261267,836.9861955027498,1641.6212219012907,2634.2044666586326,643.2676122955362,1866.3985094888642,2796.152161152115,0.07999999999992724,M,sp
DCB_se2_ag1_f_01_1,20468,IH1,7796,little,547.6728297453801,1485.8759696120846,2929.8210275371507,587.4911043935547,1386.7389164279837,2969.559963989422,507.19728808261124,1501.5863567530814,2777.4887387289864,0.02999999999974534,L,T
DCB_se2_ag1_f_01_1,20470,AH0,7796,little,481.023221537682,1059.6499835484294,3199.0177076720597,528.3900689430328,1120.9594601910337,3095.5969999928743,528.3900689430328,1120.9594601910337,3095.5969999928743,0.02999999999974534,T,L
DCB_se2_ag1_f_01_1,20473,IH1,7797,sister,600.5818762174964,1597.3065814119457,2939.2525585864146,615.6976422820844,1737.9901013055833,2662.959863696928,615.6976422820844,1737.9901013055833,2662.959863696928,0.07000000000016371,S,S
DCB_se2_ag1_f_01_1,20476,ER0,7797,sister,633.7139246037875,1724.8967713220984,2481.223118788792,644.0208793345575,1814.3779027103253,2620.5901044407974,641.3450508531124,1834.7314953490186,2615.0048460897005,0.0500000000001819,T,M
DCB_se2_ag1_f_01_1,20478,AY1,7798,my,798.665018243176,1672.258888509402,2676.0971269432953,871.369137480906,1689.2888465129004,2458.5826223086206,856.4231167551561,1693.8901657907625,2493.1160562192526,0.07999999999992724,M,L
DCB_se2_ag1_f_01_1,20480,IH1,7799,little,604.454206466735,1318.8432300884313,2930.1784186128934,611.0844002848003,1252.3527919682847,2974.9601024417616,600.0384014856103,1322.2321498075046,2927.319883597983,0.02999999999974534,L,T
DCB_se2_ag1_f_01_1,20482,AH0,7799,little,607.0280211603131,1146.6717278528915,2931.475573597738,612.7673222439984,1115.1623716528343,2884.5588156644503,602.7943234529507,1206.3682937489154,2993.6520913574136,0.02999999999974534,T,L
DCB_se2_ag1_f_01_1,20486,AH1,7800,brother,718.2286537063713,1843.600722726562,2648.52444757031,740.3656679232505,1833.8731734603464,2644.687987962311,707.9160325957895,1843.6450134208146,2669.8889346091537,0.04999999999972715,R,DH
DCB_se2_ag1_f_01_1,20488,ER0,7800,brother,635.8956080882737,1921.6034658053027,2876.018677150037,642.5528235898216,1999.0318165480137,2900.3550262492504,641.1066256170952,2031.0544549314263,2967.311308975773,0.03000000000020009,DH,AE1
DCB_se2_ag1_f_01_1,20489,AE1,7801,and,672.1026814658904,2252.493603497827,3000.821348698096,677.529428055999,2258.604932646497,3054.3360337337326,677.8193692275346,2261.349874396829,3061.816790585486,0.09999999999990905,ER0,N
DCB_se2_ag1_f_01_1,20492,IY1,7802,me,609.6570618510461,2534.995514503277,2868.2020078946307,612.4053726236983,2583.6386164731202,2897.4868446948135,572.2531956861932,2890.3420236901516,2941.148783589883,0.13000000000010914,M,sp
DCB_se2_ag1_f_01_1,20495,AE1,7804,and,660.9600774087722,1806.0519563849891,2823.185532295269,1078.5028747052736,1761.867114950442,2878.3704839167067,641.6373466787209,2440.827491576172,3031.4996474583354,0.09000000000014552,,N
DCB_se2_ag1_f_01_1,20497,AY1,7805,i,1005.7248326083549,1706.3312336323681,2518.132876291034,1023.6828407884526,1628.0691749988591,2397.3305856333427,663.6104645317023,2119.4166735452714,2961.723607544283,0.1999999999998181,N,sp
DCB_se2_ag1_f_01_1,20500,AE1,7808,and,612.8582913113414,2274.1207110817386,2847.0895973251554,780.3256605441744,2238.791103013406,2864.836879924497,622.7613676105832,2358.965990619194,2776.7489479118394,0.09999999999990905,spn,N
DCB_se2_ag1_f_01_1,20503,AY1,7809,i,915.8235056519034,1725.6338577549382,2631.3637928875933,943.3901095980589,1930.5230005328372,2868.9573650524,940.2258481378723,1937.0357620887023,2936.6621129719947,0.13999999999987267,D,
DCB_se2_ag1_f_01_1,20506,AE1,7811,and,634.2097655510524,1902.3286840710844,2454.068239723873,1002.3808713744972,1958.365288772294,2822.8325357370964,617.9673616618498,2434.2202171222243,2951.477555815633,0.09999999999990905,sil,N
DCB_se2_ag1_f_01_1,20509,EH1,7812,then,610.2906133576015,1749.1755132177016,2266.003503871787,631.4747207197513,2233.0643219613175,2323.657341459954,622.3898374556804,2251.806679178964,2344.746675705338,0.13999999999987267,DH,N
DCB_se2_ag1_f_01_1,20513,IY1,7814,we,506.84141003444006,2911.1646105774753,3372.1156541336927,514.9385685562561,2915.439958404371,3335.6467172414355,395.48971180130246,2885.9255667728994,3247.016012226591,0.2699999999999818,W,sp
DCB_se2_ag1_f_01_1,20516,EH1,7816,when,613.7305750234767,952.719090647259,2758.3003811849985,628.6463348191003,934.7812755648143,2268.4831533258084,624.325581451607,988.6912060491343,2229.333752424268,0.03000000000020009,W,N
DCB_se2_ag1_f_01_1,20519,IY1,7817,we,494.7173899439932,2455.9867469416586,2854.568329069595,564.0934060850494,2718.095544273733,2975.677852794189,553.8071706021788,2710.568702868805,2945.6208688144584,0.12000000000034561,W,M
DCB_se2_ag1_f_01_1,20521,UW1,7818,moved,464.4863496824591,985.9309302511278,3163.244146427728,651.795774024959,839.2575886620841,2272.4241746717375,473.2570849174003,994.1526230095753,3161.9901967848473,0.13000000000010914,M,V
DCB_se2_ag1_f_01_1,20526,UW1,7820,to,428.84511609357395,997.891186550256,2718.3512434932077,878.9149471291688,2430.1331824280273,3758.110849727632,878.9149471291688,2430.1331824280273,3758.110849727632,0.32999999999992724,T,
DCB_se2_ag1_f_01_1,20530,IH1,7822,ridgecrest,477.2796843932333,2156.392617909532,2373.069956477498,517.1368293036459,2094.0935701544427,2494.6181538163105,494.94710561111566,2345.7492632679355,2680.1057842214727,0.11000000000012733,R,JH
DCB_se2_ag1_f_01_1,20534,EH2,7822,ridgecrest,697.9037878498015,1390.2782487754475,1984.6627991151188,792.4416039163566,1878.8061380577149,2510.2404681830867,642.0271578669929,2040.092621092906,2862.3618926015524,0.13000000000010914,R,S
DCB_se2_ag1_f_01_1,20539,AW1,7824,now,672.7402923060403,2066.853183828044,2989.697188704736,738.136503504232,1879.7610837570683,2926.4088422287177,722.8871170403646,2215.2599107004057,2953.361516604114,0.2899999999999636,N,sp
DCB_se2_ag1_f_01_1,20542,AE1,7826,yeah,707.4801957151695,2094.6255744024184,3013.258780107549,727.4781881861779,2035.7257836210242,2975.970591037176,533.9426102594638,2244.0671540920503,2524.4852877763014,0.18000000000029104,Y,sp
DCB_se2_ag1_f_01_1,20545,EH1,7828,when,463.2262136794672,948.8884248052213,2435.010630824604,480.4466604246852,996.2976005157471,2176.266470399856,471.2553339510261,1151.1608427230512,2333.7291143096827,0.02999999999974534,W,N
DCB_se2_ag1_f_01_1,20549,IY1,7830,we,467.34980280357195,1141.2096388127738,2649.330410907819,673.5506483811499,2001.518395754245,2914.8323792982133,673.5506483811499,2001.518395754245,2914.8323792982133,0.1999999999998181,W,W
DCB_se2_ag1_f_01_1,20551,UH1,7831,woul-,531.5925844143793,1468.6981623113384,2730.690664821908,567.2358178970263,1541.5847437083323,2737.9290298571004,567.2358178970263,1541.5847437083323,2737.9290298571004,0.03000000000020009,W,L
DCB_se2_ag1_f_01_1,20555,IY1,7833,we,501.89911668361896,2275.6677460026763,2900.821004345307,588.4767587197995,1612.4749097036229,2963.7086508132,476.10379917424024,2341.4876647398555,2910.20865827047,0.07999999999992724,W,AO1
DCB_se2_ag1_f_01_1,20556,AO1,7834,always,702.8435127321947,1265.3101879547119,3035.27168762301,718.3994799078836,1190.7814423330285,3126.1536482037914,588.4767587197995,1612.4749097036229,2963.7086508132,0.09000000000014552,IY1,L
DCB_se2_ag1_f_01_1,20559,IY0,7834,always,491.0192183382299,2342.217812083156,2876.2801998490813,610.8334458505343,1981.8449088142288,2948.9041334235803,470.84560445754386,2374.302741577306,2552.721871016135,0.07000000000016371,W,Z
DCB_se2_ag1_f_01_1,20562,IH1,7836,in,590.2507177321754,2066.8320021921045,2905.523398561165,658.9044227511644,2143.818555282422,2939.175633771855,628.8523948972147,2216.993903774157,3112.768636712843,0.07999999999992724,sp,N
DCB_se2_ag1_f_01_1,20565,IY0,7837,the,620.9182543990282,2136.9292429734,3157.6482117537635,739.2858551499482,2073.009063831441,3045.636883931173,641.5969344791665,2157.2907463090564,2990.3126798673934,0.13999999999987267,DH,
DCB_se2_ag1_f_01_1,20568,EH1,7839,well,696.2059220262561,1704.6754312222401,3110.1150114930065,707.6684631336148,1572.8843890370424,2983.488660760219,681.4738162050437,1750.2890805207098,3060.4192723251217,0.08999999999969077,W,L
DCB_se2_ag1_f_01_1,20571,AH1,7840,what,657.9031110207613,1279.4188150863986,3243.892421986629,681.4137396864681,1322.03229978505,3122.3853358727356,681.4137396864681,1322.03229978505,3122.3853358727356,0.03000000000020009,W,T
DCB_se2_ag1_f_01_1,20573,AE1,7841,am,715.5013793927411,1534.1703194746485,3042.9396226334206,717.1166517619661,1545.6729509551926,3044.1873158623675,716.2522894265627,1539.5176785694102,3043.5196519724955,0.03000000000020009,T,M
DCB_se2_ag1_f_01_1,20575,AY1,7842,i,857.4136092822367,1905.1526481178148,3058.6304723671587,916.1428536678001,1828.6279135406107,2994.6995442128564,808.7901931378846,1913.5980278682068,3413.4343767695796,0.07000000000016371,M,S
DCB_se2_ag1_f_01_1,20577,EY1,7843,saying,737.3244822357653,2038.5159052973668,3094.115002120879,747.3433403303786,2013.3165620374975,3111.3767187158983,649.5664366376161,2095.2554202362335,3195.1966532067663,0.03999999999996362,S,IH0
DCB_se2_ag1_f_01_1,20578,IH0,7843,saying,685.5913089133344,1760.1024986398263,2440.1839827733256,719.8048619503079,2061.4744770788584,3140.7565945517354,680.7116167566555,2107.020842406399,3160.7976455128814,0.02999999999974534,EY1,NG
DCB_se2_ag1_f_01_1,20582,OW1,7845,so,546.6484762497887,1212.5362019361637,2947.209639364837,562.3501593593153,1314.6334012637722,2828.5095554477402,535.6243454168973,1731.439622704702,2900.0081501397144,0.05999999999994543,S,W
DCB_se2_ag1_f_01_1,20584,EH1,7846,when,694.5104925743426,1468.21403223023,2708.7245757291043,703.0560548774625,1503.6929815285032,2797.348030501454,653.7539409928272,1576.7378445517813,2840.684855050839,0.03999999999996362,W,N
DCB_se2_ag1_f_01_1,20586,AY1,7847,i,804.9293343918754,1653.7989652224703,2759.7380895092892,814.2086197594411,1724.2232418061717,2833.4299244522326,778.1287815739654,1762.3705342235755,2764.7916094097754,0.07000000000016371,N,M
DCB_se2_ag1_f_01_1,20588,UW1,7848,moved,504.9118473888898,959.4504506690901,2494.747715982693,680.6842379127041,1223.6183893727516,2555.2754390997284,682.2875526633513,1256.9738686794738,2487.6341235116606,0.07000000000016371,M,V
DCB_se2_ag1_f_01_1,20592,AH0,7849,to,494.76075462826213,1247.956235905363,2677.897329505041,546.6650277296778,1629.425229864445,2734.1266198156773,486.4567577316406,1839.0150394620955,2768.396805681365,0.09999999999990905,T,sp
DCB_se2_ag1_f_01_1,20595,IH1,7851,ridgecrest,547.2671304030558,2015.8646959111177,2523.982621323917,547.1422928960367,2018.9674365172823,2526.476105087875,498.8478199728521,2355.613473539136,2500.4140087989795,0.07000000000016371,R,JH
DCB_se2_ag1_f_01_1,20599,EH2,7851,ridgecrest,633.1141307505765,1862.3135237300714,2664.5414395604935,673.1688222690426,1723.7961528554433,2645.871145807358,634.1162866063138,1862.3540070782924,2666.817084937588,0.0500000000001819,R,S
DCB_se2_ag1_f_01_1,20602,IH0,7852,it,479.98815196029807,1745.1228180596272,2714.917976081287,521.4403710269418,1801.788817011788,2697.8856470387645,521.4403710269418,1801.788817011788,2697.8856470387645,0.03000000000020009,T,T
DCB_se2_ag1_f_01_1,20605,AA1,7853,was,503.2576003168284,1624.9631628530744,2777.213500124913,593.2617438788856,1533.914826061327,2795.3259877257433,455.73461992601096,1672.3805077391341,2828.8281354857413,0.02999999999974534,W,Z
DCB_se2_ag1_f_01_1,20607,AO1,7854,always,641.5259142532889,1164.1000938191405,3044.915337300738,643.5761621874535,1226.467731476014,3015.0041081752247,641.1339560856845,1259.5508553916484,2970.6458264213948,0.02999999999974534,Z,L
DCB_se2_ag1_f_01_1,20610,IY0,7854,always,461.64887793640656,2500.3655012208505,2973.367486037821,596.7281714289458,1598.9193169997516,2779.087835510418,463.16236296500415,2509.688070490755,2990.5442879770903,0.07999999999992724,W,Z
DCB_se2_ag1_f_01_1,20613,UW1,7855,two,518.6708128695594,954.7159133097448,2715.1061428125345,729.6810884440634,743.0578632609117,2367.8711918165054,595.3703880493529,1844.833888481517,2842.0088309024263,0.1299999999996544,T,AH0
DCB_se2_ag1_f_01_1,20614,AH0,7856,and,594.7307664921179,1854.6578315776146,2068.4053853208625,639.1316516890728,1213.6338715773804,2346.4494917490433,586.3429635277151,1930.887730364582,2005.4435765419641,0.08000000000038199,UW1,N
DCB_se2_ag1_f_01_1,20617,UW1,7857,two,549.7155456940833,1569.9861823162519,3190.6153116791434,572.9491433542336,1478.2820596758343,2677.4361509400155,451.63992368059525,1875.4217523826374,2857.4942206013816,0.12000000000034561,T,sp
DCB_se2_ag1_f_01_1,20621,AY1,7859,my,799.7776960974335,1806.5458663717245,2829.5007054813022,821.6455792614549,1752.2084886594803,2696.5274989490117,790.7493169488146,1806.993434529746,2846.87011537647,0.05999999999994543,M,L
DCB_se2_ag1_f_01_1,20623,IH1,7860,little,546.259781022641,1751.2330780910488,3002.947151880347,555.5485203884164,1824.420571315092,3026.240372494196,544.8838133604081,1840.8324855732026,3037.911395946855,0.03999999999996362,L,T
DCB_se2_ag1_f_01_1,20625,AH0,7860,little,480.5932868296675,1615.066380916861,2881.1018035965085,501.7177150357492,1458.9797290825425,2846.623903127045,462.89692851633635,1758.9878145159573,2957.001500904965,0.03000000000020009,T,L
DCB_se2_ag1_f_01_1,20629,AH1,7861,brother,688.1209592600759,1600.6468609651533,2702.551035920065,719.5878126600692,1639.1341436311338,2374.8325120346167,719.5878126600692,1639.1341436311338,2374.8325120346167,0.02999999999974534,R,DH
DCB_se2_ag1_f_01_1,20631,ER0,7861,brother,644.8146641842445,1464.6533426056176,2653.225097107063,697.5279452806088,1522.7708490741747,1964.2351417212367,681.7201202040554,1584.6333007810404,2323.779403234578,0.02999999999974534,DH,AH0
DCB_se2_ag1_f_01_1,20632,AH0,7862,and,605.0322509769962,1441.2850528176048,2525.4132057440124,622.6085329736238,1400.969985381146,2609.870628114353,600.0150567457273,1453.755797761197,2452.091528304419,0.03000000000020009,ER0,N
DCB_se2_ag1_f_01_1,20635,AY1,7863,my,687.5486925446786,1491.3886944346966,2089.722327489438,751.0323834626852,1528.4877560788125,1734.8497150841877,726.4638337911455,1573.350613019446,1612.3309970717323,0.03999999999996362,M,L
DCB_se2_ag1_f_01_1,20637,IH1,7864,little,505.3442389777991,1442.004030387253,2820.2333678501964,530.1172746682784,1010.6965235185634,3130.132129556411,515.0280673101345,1605.6710420563495,3126.7347200866006,0.03000000000020009,L,T
DCB_se2_ag1_f_01_1,20639,AH0,7864,little,582.2818438282773,1001.2766549207533,3159.72728725104,593.8709525509337,1001.8509590513424,3160.1789930621553,583.8203507341124,1151.7616450103915,3116.1789878842874,0.03000000000020009,T,L
DCB_se2_ag1_f_01_1,20642,IH1,7865,sister,617.1290465487532,1700.723767682103,2467.767664485799,638.0746172632032,1660.874518755497,2689.445889007154,633.1539915204963,1717.7328055689395,2830.815343231664,0.09000000000014552,S,S
DCB_se2_ag1_f_01_1,20645,ER0,7865,sister,615.2363659279026,1953.506330707183,2654.0806238612504,699.7177604077473,2008.969950930622,2978.920456830538,663.2138515982656,2045.0206226404214,3057.581136783522,0.15000000000009095,T,
DCB_se2_ag1_f_01_1,20649,EH1,7867,then,639.8694265757775,2125.654171737135,2894.862452385313,648.2841471907851,2015.3196724086256,3109.7065273435787,596.389130677187,2322.8341011777256,3128.462634746389,0.13000000000010914,DH,N
DCB_se2_ag1_f_01_1,20652,IY1,7868,me,514.3545042407646,2680.5965607725752,3013.005348320711,609.5405170836117,2371.9109004142556,2983.192392060585,502.2907952519339,2705.982769254204,3011.6620397585307,0.05999999999994543,M,AH0
DCB_se2_ag1_f_01_1,20653,AH0,7869,and,615.8068239034768,2084.135322690486,2850.2444088437273,617.0565234517487,1769.3688287739756,2752.5253159354934,609.5405170836117,2371.9109004142556,2983.192392060585,0.02999999999974534,IY1,N
DCB_se2_ag1_f_01_1,20656,AY1,7870,my,852.9824357747505,1365.5446939513645,2376.0392824529563,853.0413594822797,1371.9882427744153,2600.175369664594,849.5944873184422,1379.927097935887,2926.0549722959313,0.03999999999996362,M,OW1
DCB_se2_ag1_f_01_1,20657,OW1,7871,older,608.4673172589969,1043.0348498668222,3123.9194680775545,847.0733754427671,1315.1876917958505,3103.691883513909,832.006163903724,1339.2640817265801,3085.3310961921993,0.11999999999989086,AY1,L
DCB_se2_ag1_f_01_1,20660,ER0,7871,older,526.6699563582123,1858.5322375553246,2998.008601111871,547.7031366091775,1857.1770545338245,2970.093412585424,518.4957399285082,1862.7513598693233,2990.5267402597274,0.05999999999994543,D,S
DCB_se2_ag1_f_01_1,20662,IH1,7872,sister,556.4449167379177,1793.4058356384055,2880.0155635169203,586.763922320025,1826.6943652011757,2888.448841922109,545.1575583721229,1817.8384641030286,2830.300666549537,0.07000000000016371,S,S
DCB_se2_ag1_f_01_1,20665,ER0,7872,sister,612.480858061737,1852.7029240974705,3285.7312555907465,633.8615075974047,1826.2045563173942,3143.0653732950555,602.8471475951499,1907.09229990204,3514.3314940345053,0.03999999999996362,T,sp
DCB_se2_ag1_f_01_1,20667,AE1,7874,and,614.0365425276772,2129.0907548839414,3067.6395502298137,831.8412758877276,1791.2034597613788,3150.7555284629807,605.3869938474392,2170.760219019085,3066.755703221014,0.06999999999970896,sp,N
DCB_se2_ag1_f_01_1,20670,EH1,7875,then,583.7474179753408,2093.1673220899484,3002.0250675834614,627.7501257346648,1957.8772264291288,2843.550262979132,571.5922813267339,2093.5064537676403,3000.0246458386086,0.03000000000020009,DH,N
DCB_se2_ag1_f_01_1,20673,EH1,7876,when,630.1195287907368,1338.165726881725,2569.3861535535398,651.211480617622,1314.3308294105525,2574.656409873221,628.6603488909532,1400.5338582685267,2512.2066617328906,0.03000000000020009,W,N
DCB_se2_ag1_f_01_1,20677,IY1,7878,we,517.6102649618475,2409.234381091502,2967.37598278633,557.791804648383,2337.6332161773253,2914.998633587563,525.3474945966398,2409.059275219836,2967.547964362546,0.05999999999994543,W,M
DCB_se2_ag1_f_01_1,20679,UW1,7879,moved,520.490725771293,1000.7736438316676,2812.5803595712005,613.6472627848283,1559.509144962025,2210.1441549796627,611.8373190405364,1549.5676668449232,2215.6719735201086,0.05999999999994543,M,V
DCB_se2_ag1_f_01_1,20682,AH0,7880,again,487.96942422689824,2102.521716996257,2816.190418950853,515.1401566735072,2234.796870681331,2756.9088482476413,516.4701732698846,2236.304001957652,2759.3579115052994,0.0500000000001819,D,G
DCB_se2_ag1_f_01_1,20684,EH1,7880,again,677.5350130213523,2211.2781068445074,2869.155257800754,681.2667785967267,2212.9165115761552,2839.0827274045378,621.9144983220093,2417.7757789327316,2627.1022806259325,0.08999999999969077,G,N
DCB_se2_ag1_f_01_1,20686,IH1,7881,it,565.1795304937037,2246.1605865048837,2958.2922438807996,624.2230291051385,2227.8476434682098,3044.235454547766,570.6697398696841,2288.621491444083,2996.7479881217005,0.07000000000016371,N,T
DCB_se2_ag1_f_01_1,20690,IH1,7882,still,491.7693687309304,2000.2851499165845,2933.15517676167,579.9095604989749,1579.840130871079,2916.094107981187,471.9254383775357,2121.3013315544317,2960.425211223813,0.0500000000001819,T,L
DCB_se2_ag1_f_01_1,20693,IY1,7883,me,612.1150120906336,2429.3646102732546,3051.6145065072133,617.0325012535237,2338.444560536843,2575.4271564538485,609.2078769881106,2437.972111368885,3039.6476728082066,0.03999999999996362,M,AH0
DCB_se2_ag1_f_01_1,20694,AH0,7884,and,616.6293272807675,2060.2233787203727,2202.750753918992,616.9362711941158,2321.6893628570997,2612.8279698991178,616.9362711941158,2321.6893628570997,2612.8279698991178,0.03000000000020009,IY1,N
DCB_se2_ag1_f_01_1,20697,AY1,7885,my,846.2144452738805,1366.4087632819633,2529.1888356348722,870.2962110352574,1325.3648782868015,2890.7896540816146,855.096479647443,1403.629294623759,2698.5515738438344,0.05999999999994543,M,OW1
DCB_se2_ag1_f_01_1,20698,OW1,7886,older,611.3707179484566,1118.2222445015532,3065.7951888696457,772.823228967784,1293.766402757452,3069.362797813809,772.823228967784,1293.766402757452,3069.362797813809,0.08999999999969077,AY1,L
DCB_se2_ag1_f_01_1,20701,ER0,7886,older,498.3571150998264,1811.7992796088845,2949.3953866113857,519.5379000186697,1861.2121207016385,2982.950593412922,448.90901259521064,1901.1706002376966,2730.354873732842,0.04999999999972715,D,S
DCB_se2_ag1_f_01_1,20703,IH1,7887,sister,564.042484379474,1863.7432966621266,2794.818182705562,578.2820622171834,1815.9699960352455,2797.967825289194,552.1475045819801,1878.4226746655693,2759.6863997047753,0.08000000000038199,S,S
DCB_se2_ag1_f_01_1,20706,ER0,7887,sister,600.6208386689124,2034.7988756467169,2303.7558309967253,605.9324001890326,1795.6054470254403,2311.794122145643,594.1012475793987,2059.5387603766967,2354.4974094561317,0.11000000000012733,T,
DCB_se2_ag1_f_01_1,20709,AY1,7889,my,627.25395995832,1295.2566750017622,3039.9696554140482,639.956431695892,1300.014525367658,3080.731650067414,633.699020198399,1297.6707431339337,3060.651733396529,0.03999999999996362,M,L
DCB_se2_ag1_f_01_1,20711,IH1,7890,little,484.11807051973886,1188.0387384981577,3085.4320132457156,544.0937411680513,1234.1457363730212,2994.21927338944,518.1637993407909,1235.5663666761664,2914.5399086367756,0.02999999999974534,L,T
DCB_se2_ag1_f_01_1,20713,AH0,7890,little,599.5538445431366,1241.995111946555,2912.1684376794647,620.9286543254877,1223.2040975486073,2891.556448774751,599.3682104198414,1241.9643176351212,2916.4605558800404,0.02999999999974534,T,L
DCB_se2_ag1_f_01_1,20717,AH1,7891,brother,701.0924379221053,1620.230926585246,2521.1294643107226,702.4409354855983,1606.6586289130614,2492.671740650548,686.5427938650861,1690.777171759824,2659.6404231141632,0.04000000000041837,R,DH
DCB_se2_ag1_f_01_1,20719,ER0,7891,brother,562.5259356301434,1475.470209107949,2502.974536199827,582.0854432722069,1511.2174228155193,2366.4288758155453,580.041161717412,1534.7372063985138,2421.720181639088,0.03000000000020009,DH,AH0
DCB_se2_ag1_f_01_1,20720,AH0,7892,and,582.2011061417891,1497.8890698641344,2545.5228850179856,583.1125211570236,1509.3619823378338,2576.777011868738,568.022747730676,1521.5535662944353,2556.657319006137,0.02999999999974534,ER0,N
DCB_se2_ag1_f_01_1,20723,AY1,7893,my,748.1607158052473,1635.3994565172584,1852.662098319246,856.0099092462249,1590.9956666407797,2507.392222367393,774.000537068941,1640.231396190855,1771.4389194149169,0.07000000000016371,M,L
DCB_se2_ag1_f_01_1,20725,IH1,7894,little,588.7077082429522,1396.9796644539501,2934.6167389598113,598.5921923093089,1410.5212405444497,2941.726780792644,596.1872920419629,1428.6313179382428,2964.173941824194,0.03000000000020009,L,T
DCB_se2_ag1_f_01_1,20727,AH0,7894,little,598.994465272521,1242.4494180555143,3029.4268186564545,601.5058221858536,1392.8012295218925,2997.0986829981525,601.5058221858536,1392.8012295218925,2997.0986829981525,0.03000000000020009,T,L
DCB_se2_ag1_f_01_1,20730,IH1,7895,sister,467.96014995691723,1551.9188302590367,2818.904102204805,547.9543034572174,1690.847109282419,2691.839748382074,491.85774023520787,1813.8538552240125,2955.1377980208963,0.03999999999996362,S,S
DCB_se2_ag1_f_01_1,20733,ER0,7895,sister,585.5159709846585,1835.82330918778,2299.557122957182,623.7012943790932,1752.9850312619956,2668.6191251554515,563.6539314527623,1950.9471084613274,2525.2696767526327,0.11000000000012733,T,
DCB_se2_ag1_f_01_1,20735,AH0,7897,and,816.9706055106643,1738.2321362826822,2576.6478815363607,966.2313188357814,1852.7611691844281,2257.3727864729162,576.829974563985,2224.2486362321697,3032.945718187092,0.04999999999972715,,N
DCB_se2_ag1_f_01_1,20738,EH1,7898,then,553.4294353865482,1707.1037661690327,2170.551046357667,559.2274991105422,1816.9800137636507,2087.418066966618,519.8350053727715,1988.2709292560494,2833.4832531265706,0.02999999999974534,DH,N
DCB_se2_ag1_f_01_1,20741,AY1,7899,my,669.8986165430032,1272.142432347969,2357.6465837525902,673.1698991670621,1281.3618018831696,2348.873025902271,630.5879462566594,1310.295069206494,2375.8238492426144,0.03000000000020009,M,M
DCB_se2_ag1_f_01_1,20743,AA1,7900,mom,689.3254095091875,1201.6572316671538,2424.0734113457092,810.7371021122021,1145.6384079428076,2231.032628991806,710.8032640916045,1216.867605140631,2183.341221505299,0.05999999999994543,M,M
DCB_se2_ag1_f_01_1,20745,AH0,7901,and,595.2371236553622,1679.8045558164408,2041.5039908162314,595.3625083403622,1702.9625045097578,2050.6555072457286,576.2180483658138,1826.545098956696,1984.6151671777375,0.04999999999972715,M,N
DCB_se2_ag1_f_01_1,20748,AE1,7902,dad,621.5166603724931,1929.8780192848678,2786.730254508301,622.3159584140476,2014.364945876836,2950.120113003796,606.8273883323977,2288.2254847004597,3058.5619794661106,0.11000000000012733,D,D
DCB_se2_ag1_f_01_1,20750,AE1,7903,and,536.810004970466,2267.965778297688,2830.8168593722035,638.3200211135029,2103.6028440978,3235.6884935835587,533.6588553891403,2318.22443891195,2997.1148455610314,0.15000000000009095,D,N
DCB_se2_ag1_f_01_1,20754,EH1,7904,they're,546.5686170893424,2222.37216061201,2717.3531623445697,667.22721341758,1889.7126691676187,2453.166792109164,578.308393287039,2348.01735049678,2825.1413375003094,0.11999999999989086,DH,R
DCB_se2_ag1_f_01_1,20756,EH1,7905,f,536.1658415644866,1866.866786193638,2480.7832769415822,539.5159240762315,1863.8595688637072,2526.90553250264,501.72168019718885,1889.917572861061,2472.224599266312,0.02999999999974534,R,F
DCB_se2_ag1_f_01_1,20760,ER1,7907,currently,604.5485433971451,1985.3778435846557,2045.0157386422732,604.3325549220345,1855.2230112174677,2039.507547708623,599.4055464254704,1972.0081932527405,2144.780164839072,0.02999999999974534,K,AH0
DCB_se2_ag1_f_01_1,20761,AH0,7907,currently,661.1508902755456,2052.9205479791913,2530.115810965079,710.4866588008805,2025.6080845927008,2400.191209420274,592.2514724392981,2055.842618531777,2536.828801136241,0.07000000000016371,ER1,N
DCB_se2_ag1_f_01_1,20765,IY0,7907,currently,521.5091689694989,2292.326399913617,2734.9099308752566,587.0352251684163,2343.277825242523,3042.0438326210715,543.9082214366631,2611.128684990558,3199.8545431291714,0.12000000000034561,L,T
DCB_se2_ag1_f_01_1,20768,AY1,7908,trying,817.2900279243611,1733.2303187325901,2052.375482815317,854.7356231095365,1559.34996756448,1988.8644875598259,777.5438617331164,1809.6541286381864,2466.685056856521,0.05999999999994543,R,NG
DCB_se2_ag1_f_01_1,20771,AH0,7909,to,643.0901427741175,2033.3331475403381,2576.1762745031915,647.6796414042965,1940.131379748515,2570.195092564172,615.587597634613,2259.110518509576,2736.4872394298027,0.03999999999996362,T,G
DCB_se2_ag1_f_01_1,20773,EH1,7910,get,602.9417345461351,2231.0810318066224,2788.276653314184,602.9846697266047,2215.943340909967,2679.2594691894037,506.13120652758664,2400.5103408085515,2964.2009800736305,0.03000000000020009,G,T
DCB_se2_ag1_f_01_1,20775,AH0,7911,a,903.2150498582267,1660.3142530049827,2287.3997488058594,940.3257179400644,1627.8881102861753,2015.533665729701,731.6066998419889,1889.15585425492,2715.586669423669,0.07999999999992724,T,HH
DCB_se2_ag1_f_01_1,20777,AW1,7912,house,708.1427345001832,1313.120553262237,3005.3964067822144,989.777233852841,1632.8627399136599,2369.2200384033795,984.0812005073753,1634.94096884125,2393.1461753995886,0.16000000000030923,HH,S
DCB_se2_ag1_f_01_1,20782,AY1,7914,by,795.4767609317776,1753.304916796183,3009.5031329838584,802.335933017623,1733.9443523483535,2988.157990659078,695.8974430025313,1773.1361742770548,3046.9197194378585,0.02999999999974534,B,DH
DCB_se2_ag1_f_01_1,20784,AH1,7915,the,642.5878337574867,1862.939092539899,3063.0173525410514,666.9858056920156,1784.8129150349976,2963.749020102308,600.0181989122003,1912.0886477705317,3189.9971350295104,0.07000000000016371,DH,T
DCB_se2_ag1_f_01_1,20786,AY1,7916,time,890.7319813615296,1573.2064626069312,2120.7465663312914,905.6099161619724,1594.4038557548504,2022.9589767605048,891.4265341383393,1621.3773767907123,2058.657992470566,0.0500000000001819,T,M
DCB_se2_ag1_f_01_1,20788,AY1,7917,i,876.2942424823926,1717.4593783466844,3052.8031881058982,903.3493225425743,1650.2162233728263,2581.2042319074726,876.3700975770995,1717.5523415858543,3052.409775049396,0.06999999999970896,M,G
DCB_se2_ag1_f_01_1,20790,OW1,7918,go,644.2812062335638,1031.9642698411867,2718.358733485595,690.3596626686503,943.3033082730567,2551.7569463029267,630.712474425973,1396.1112546589038,2433.75458242103,0.1000000000003638,G,IH0
DCB_se2_ag1_f_01_1,20791,IH0,7919,into,606.3833778051461,1350.5234490312703,2651.453307646568,632.1333498657832,1356.10926046785,2431.618835954543,569.9404543644933,1771.6647325513761,2959.651902780648,0.05999999999994543,OW1,N
DCB_se2_ag1_f_01_1,20794,UW1,7919,into,510.7975981252585,1246.968521701857,3064.2727186665375,658.6349474202942,968.6422243440973,2581.9179275083866,489.45807914362234,1670.4665278206437,3087.5508231698277,0.05999999999994543,T,M
DCB_se2_ag1_f_01_1,20796,AY1,7920,my,901.1957822884057,1626.6194003924927,2570.8593484116213,928.9621070305146,1500.1661010192754,2678.782945189974,914.1116539450243,1666.5247313979378,2506.727834175758,0.1999999999998181,M,AH1
DCB_se2_ag1_f_01_1,20797,AH1,7921,um,927.0152345113598,1626.5417895403652,3327.312835610824,928.7370597310032,1622.7336490465702,3321.07859614917,917.5110180258475,1647.5621528428437,3361.724900662558,0.03999999999996362,AY1,M
DCB_se2_ag1_f_01_1,20801,AY1,7923,my,910.1551126971484,1720.057430664232,2747.9902398749405,922.6633415081113,1802.5581058540236,3213.000155741172,891.4725504830467,1809.2047642921164,2979.783240508059,0.11000000000012733,M,F
DCB_se2_ag1_f_01_1,20804,EH1,7924,freshman,701.4364423277559,1629.0701288153082,2169.504060923567,720.0970508872031,1541.3558566435543,2070.618008222257,636.0156369657908,1717.1516057440629,2309.3499173938208,0.03999999999996362,R,SH
DCB_se2_ag1_f_01_1,20807,AH0,7924,freshman,593.4910625372801,2144.2560802755434,2856.223498330896,594.2575633488278,2146.3051134976013,2864.7762446022966,593.7765399926717,2395.4690354126456,2959.533140447415,0.03999999999996362,M,N
DCB_se2_ag1_f_01_1,20810,IH1,7925,year,576.9870446257687,2223.4427764593856,2758.2177500369557,588.6168670853955,1789.4014344906886,2218.583740323798,448.754058941539,2571.953781365269,2962.839422122654,0.07999999999992724,Y,R
DCB_se2_ag1_f_01_1,20812,AH0,7926,of,577.3354215566767,1350.2605140752855,2278.6887741276296,598.5203818743693,1597.7300119518961,2194.4092040073224,519.9353771272116,1786.5107126338803,2212.452120881299,0.02999999999974534,R,V
DCB_se2_ag1_f_01_1,20815,AA1,7927,college,846.61771078817,1287.1792203598454,2880.4534368139457,881.5530175295671,1400.4732905164594,2654.542108619963,869.8654541040436,1411.6281579500471,2636.7579904526456,0.1299999999996544,K,L
DCB_se2_ag1_f_01_1,20817,IH0,7927,college,582.6821753017542,2113.0047148698,2939.298648817506,790.1471553749432,1189.6970642273525,2635.7822505456206,521.9576720830125,2205.1152817115303,2994.9147454564654,0.13000000000010914,L,JH
DCB_se2_ag1_f_01_1,20821,OW1,7929,so,582.6877810229074,1130.3982290319584,3031.3218609667583,634.4430921051966,1696.5938999635823,3026.482901391662,561.0498324697022,1798.455022232067,3049.430005442847,0.3400000000001455,S,sp
DCB_se2_ag1_f_01_1,20824,AH1,7931,gonna,653.2132775867449,1281.9974718021192,2821.2633261781934,671.0766452292999,1211.6302363346394,2748.271499672884,600.3409839271502,2246.0195697813247,2830.3444315627075,0.03999999999996362,G,N
DCB_se2_ag1_f_01_1,20826,AH0,7931,gonna,537.557025599557,1304.9961693268467,2659.6504370339962,596.8896980021036,1200.7305342282325,2647.142226999416,535.8385974915882,1331.612236415768,2704.8740401075097,0.02999999999974534,N,B
DCB_se2_ag1_f_01_1,20828,IY0,7932,be,551.3283622646115,1698.8408171879892,2739.394337982342,569.5817183206731,1301.5713820249957,2743.704041293367,486.98917294987876,2104.894157808194,2727.5759768168955,0.07999999999992724,B,M
DCB_se2_ag1_f_01_1,20830,UW1,7933,moving,610.960807029303,1884.0734120256357,2682.968750090786,715.6942638130374,2422.115970079691,2962.6414939207566,678.4271593394525,2514.7121425658506,2852.7937967580124,0.05999999999994543,M,V
DCB_se2_ag1_f_01_1,20832,IH0,7933,moving,403.7874298710846,1578.8033180125417,2638.463241796865,731.6283206827429,1503.5554410008979,2773.525574878324,407.3043674751575,2164.921168696654,2659.163258137901,0.09000000000014552,V,NG
DCB_se2_ag1_f_01_1,20837,AY1,7935,right,765.0255563668711,1916.9953695054396,2493.241125686237,806.7332332188304,1560.0182722178545,2171.582235474632,653.6641627409621,2180.329243225906,2733.0566033662344,0.09000000000014552,R,T
DCB_se2_ag1_f_01_1,20840,AE1,7937,and,642.8695283722767,1946.4004080857421,2879.255496350477,824.4835651390166,1805.4722199787907,2639.965022191389,628.6730599656262,2160.1515622319976,2525.197845288981,0.05999999999994543,sp,N
DCB_se2_ag1_f_01_1,20842,AY1,7938,i,929.4912321373049,1613.3867044721787,2434.776071385615,993.9795956742868,1707.0780670526924,2929.4968436178433,903.8094820528278,1832.1856847740157,2740.094744791471,0.09999999999990905,N,spn
DCB_se2_ag1_f_01_1,20845,IY1,7940,be,606.9968480901681,1868.716775586824,2829.579324346827,607.5771044129285,1884.0738941769253,2825.6279802872464,573.7417155072095,2067.0040116025784,2822.412074554188,0.06000000000040018,B,D
DCB_se2_ag1_f_01_1,20848,AY1,7941,driving,956.5326880404907,1628.0968154967288,2375.7774354278367,959.8224767365671,1666.6327737160389,2617.551367412014,895.1904577348238,1728.5250117092373,2546.2517604582818,0.13000000000010914,R,V
DCB_se2_ag1_f_01_1,20850,IH0,7941,driving,645.5232441556242,2065.9177273720043,2774.417190020088,653.692290359495,2034.4717534291271,2728.785836748724,628.617922761922,2177.64691305395,2848.8547156321792,0.05999999999994543,V,NG
DCB_se2_ag1_f_01_1,20854,AY1,7943,like,738.3966139615005,1681.8786837819487,2074.9487932982533,769.9299481600867,1875.7940092154854,1915.7845825113486,768.4604931867838,1853.8360160961074,2018.5999006156671,0.08000000000038199,L,K
DCB_se2_ag1_f_01_1,20859,IH0,7945,with,538.9621807259803,1636.1633097705271,2876.1593585243063,556.1010847744745,1717.4794722266433,2940.5881003934574,549.4479130679889,1719.0544519299917,2926.9106505237837,0.03999999999996362,W,DH
DCB_se2_ag1_f_01_1,20861,AH0,7946,a,607.2279497590382,1519.8079579061232,2658.323649005783,651.1997768291042,1462.5464146422983,2788.4364094353523,593.3211752557891,1683.6464047133359,2832.63282682055,0.07999999999992724,DH,F
DCB_se2_ag1_f_01_1,20863,UH1,7947,full,435.38626576975656,772.2913574304301,2924.9081090907553,556.6327034644064,1022.9154302689741,2541.441691656541,554.7391976274567,1028.0894609516893,2559.0417941142737,0.2899999999999636,F,L
DCB_se2_ag1_f_01_1,20866,AY1,7948,license,591.7824397979131,2193.99986944194,2423.5584966522943,907.2412363590086,1527.1815594290904,2286.0555824503967,668.5552118275956,2509.246981208421,2729.6694362333324,0.11999999999989086,L,S
DCB_se2_ag1_f_01_1,20868,AH0,7948,license,550.6556180592313,1855.8160740061212,2491.7658304519805,727.2980914887258,1976.3103045859,2407.9290772489308,731.7605383795501,2015.0319953593576,2341.220306881805,0.05999999999994543,S,N
DCB_se2_ag1_f_01_1,20874,AY1,7950,by,909.6397896117566,1896.3633031742768,2896.219990852434,965.1415729168127,1628.3396397431065,2800.5941323090206,722.1624356046701,1940.0600213038806,2888.729421342265,0.13000000000010914,B,DH
DCB_se2_ag1_f_01_1,20876,EH1,7951,then,572.0361765979612,2103.967315503788,2963.9675959953133,574.224536608089,2077.530650652951,2686.581717902228,565.7181615910941,2134.148767703075,2924.7633637361555,0.07000000000016371,DH,N
DCB_se2_ag1_f_01_1,20880,OW1,7953,so,636.34813645689,1278.7903465504332,2749.30681131796,686.3182580266365,1730.5542106963585,2991.673723753746,606.8756276392343,1775.2149929675659,3068.0482590292827,0.19000000000005457,S,sp
DCB_se2_ag1_f_01_1,20882,AY1,7955,i,1140.366633425674,1678.5298741295442,2801.6218713004732,1174.2393800634231,1782.976464746591,2546.134478618463,1168.5532215799935,1822.0908637562216,2554.231273721338,0.19000000000005457,sp,spn
DCB_se2_ag1_f_01_1,20885,IY0,7957,be,668.8956819446946,2525.892029298619,2822.634180993348,707.606354481952,1837.6055628787963,2791.7286102746057,635.5335142696595,2645.060946695106,2766.7975631820946,0.06000000000040018,B,sp
DCB_se2_ag1_f_01_1,20888,UH1,7959,good,600.9655207593586,1484.7600100367881,2757.510312398275,607.0959105796843,1490.1404758214405,2792.797422229373,465.21329334757934,1780.9781108203695,2691.4221635533468,0.20000000000027285,G,D
DCB_se2_ag1_f_01_1,20892,AY1,7961,i,968.7045508937329,1493.3404790734992,2429.9808082445497,1063.1943072901997,1666.9982980075904,2938.839011627626,1056.6473845242485,1665.5552166243383,2883.861216225511,0.11999999999989086,sil,spn
DCB_se2_ag1_f_01_1,20896,IH1,7963,still,635.2910290881283,1899.2555750393262,2765.032852423258,637.6616331420172,1859.38972723026,2758.3866355150526,625.8060372629382,1958.3393940893554,2970.9372643437264,0.04000000000041837,T,L
DCB_se2_ag1_f_01_1,20899,IY0,7964,be,576.1049876681626,2384.736045203372,2989.744375765503,600.8112808125953,2218.805038726416,2947.267429829459,567.6991449742677,2434.561423714639,2963.5001229652953,0.04999999999972715,B,EY1
DCB_se2_ag1_f_01_1,20900,EY1,7965,able,603.5339896976719,2089.02244514984,2979.525288547014,607.8017427155978,2143.3116458901404,2923.7806834274024,600.8112808125953,2218.805038726416,2947.267429829459,0.03999999999996362,IY0,B
DCB_se2_ag1_f_01_1,20902,AH0,7965,able,538.0962106504404,1919.3006256021092,2678.7495448206178,583.5416996524236,1792.908009611577,2700.539495893136,528.3196177104694,1997.754686517613,2678.710226400984,0.02999999999974534,B,L
DCB_se2_ag1_f_01_1,20905,AH0,7966,to,611.8919213292642,1669.530871033765,2672.8790123337712,757.9161807323871,1863.878830380806,2864.1504085109623,757.9161807323871,1863.878830380806,2864.1504085109623,0.03000000000020009,T,K
DCB_se2_ag1_f_01_1,20907,AH1,7967,come,561.9648434488352,1358.4649287554037,2346.8879629115404,586.405855645307,1323.7961043483322,2591.418165005401,566.1768137584766,1373.9414843069974,2542.4280920186634,0.03000000000020009,K,M
DCB_se2_ag1_f_01_1,20910,AH0,7968,to,579.9631179178833,1543.342731460844,2671.326068819262,583.242762172365,1565.945999115024,2684.739499055946,511.15198456886844,2059.9927338448224,2429.33834153031,0.02999999999974534,T,DH
DCB_se2_ag1_f_01_1,20912,AH0,7969,the,551.283461122624,1380.2082372115292,2454.2694992543084,587.0545138819417,1489.729658089107,2595.713588332932,516.7266835672365,1538.2659934615021,2247.075820562157,0.03999999999996362,DH,B
DCB_se2_ag1_f_01_1,20914,OY1,7970,boys,572.6219614675198,1585.413529587701,2551.488850287358,585.3209258446421,1140.1080520303515,2568.788834971974,577.6096276087827,1776.5597675828042,2565.2684768019053,0.09000000000014552,B,Z
DCB_se2_ag1_f_01_1,20916,AH0,7971,and,383.35784091184513,1779.7437475932734,2739.2955714842383,533.2815676704735,1895.8565767441764,2647.7713341851186,533.2815676704735,1895.8565767441764,2647.7713341851186,0.02999999999974534,Z,N
DCB_se2_ag1_f_01_1,20919,ER1,7972,girls,713.0223149985073,1770.2675689987002,2461.382944161524,789.8841210708152,1678.340533647686,2467.9342219907016,758.8807425058698,1927.0339577859193,2461.288935406008,0.05999999999994543,G,L
DCB_se2_ag1_f_01_1,20924,AH1,7973,club,715.5660704561323,1546.5604460000272,2988.1951608930035,755.1827093199657,1541.511612058232,3007.6449191143092,708.439222054972,1633.7785541673397,3007.6481269740993,0.11000000000012733,L,B
DCB_se2_ag1_f_01_1,20931,AY1,7978,right,863.4861948813792,2043.2528698533722,2533.6685767058966,1029.7074722837292,1675.2278352814312,2301.714734771369,862.5049851071467,2043.5052459967526,2532.789444018981,0.09999999999990905,R,T
DCB_se2_ag1_f_01_1,20935,AY1,7980,i,922.4349808787497,1758.5583145744451,2253.1751042967444,923.1731231034671,1744.2771860704281,2111.2596081652696,714.1767920103168,1976.157358326985,2772.975233990256,0.14000000000032742,sil,JH
DCB_se2_ag1_f_01_1,20937,AH1,7981,just,603.7792861761246,1833.9965487837226,3002.6483248450245,610.0555508522924,1789.4621660559512,3003.953557751057,575.280583017338,1907.1175396807196,2946.0891960292747,0.09999999999990905,JH,S
DCB_se2_ag1_f_01_1,20940,AA1,7982,got,892.2270945850096,1777.905149910571,2538.3184509270745,900.05151831003,1729.1466038915753,2488.525122814849,729.6451543727793,1882.767349353996,2935.747315357988,0.05999999999994543,G,T
DCB_se2_ag1_f_01_1,20943,AY1,7983,my,860.1513995166669,1652.5720231529663,2248.3171703250064,921.8953215880424,1580.7591153664553,2210.820669109161,786.9827188516588,1696.969209948586,2875.7263588829474,0.11999999999989086,M,AY1
DCB_se2_ag1_f_01_1,20944,AY1,7984,i,944.2756929348465,1719.6214807203387,2437.2589152321125,965.1674599083781,1711.1693433579342,2469.0191497937067,709.1125287633328,1928.7989589228912,2848.298481174991,0.11999999999989086,AY1,G
DCB_se2_ag1_f_01_1,20946,AA1,7985,got,823.2570213733466,1742.313547687762,2902.715763274638,851.666166198201,1674.9096289305794,2738.016474234331,664.5543635381651,1917.2921267590393,2279.205814184577,0.03999999999996362,G,T
DCB_se2_ag1_f_01_1,20949,AY1,7986,my,829.2931571228075,1555.0360793902107,2297.818040057285,889.6555923636862,1495.648420121599,2082.7844602376235,624.7697873760753,1650.7271122008779,2694.538311634749,0.10999999999967258,M,L
DCB_se2_ag1_f_01_1,20951,ER1,7987,learner,698.429826000214,1889.6132757730911,2017.2033629514901,776.6233189147763,1608.639366323686,2203.1433354165856,690.6618437611288,2040.4553707557573,2407.7370168095,0.1799999999998363,L,N
DCB_se2_ag1_f_01_1,20953,ER0,7987,learner,654.7273910832652,1558.8644904420446,2093.465472428079,654.8530508640468,1560.7233350755919,2100.718530507545,519.3085032062831,2069.09862578342,2244.2063199746694,0.169999999999618,N,EH1
DCB_se2_ag1_f_01_1,20954,EH1,7988,s,510.5969701200889,1897.871407252476,2268.672178934083,516.7097656099533,1942.1997248605703,2314.0667664029897,489.38673475500747,2021.6876680593853,2351.6355810786376,0.03000000000020009,ER0,S
DCB_se2_ag1_f_01_1,20958,AA1,7990,got,722.7611572153482,1624.5411914663741,2474.5229732364833,743.4400505024987,1624.5300626394596,2400.3045481932886,741.1649316511681,1677.1117746608675,2442.3787158736013,0.02999999999974534,G,T
DCB_se2_ag1_f_01_1,20961,AY1,7991,my,691.3734890956089,1512.5492829220127,2651.7585994703873,706.901972388723,1510.3975929740259,2564.36927286953,703.6197171894088,1518.453281519239,2602.75464226996,0.03999999999996362,M,L
DCB_se2_ag1_f_01_1,20963,ER1,7992,learner,747.8428929639324,1705.1194518547884,2524.690235268988,761.7743822636593,1738.5302674972154,2595.6409188031894,758.7217835817522,1747.5312698473801,2626.124634444305,0.0500000000001819,L,N
DCB_se2_ag1_f_01_1,20965,ER0,7992,learner,531.7260844528505,1837.838304584249,2729.910234871452,612.7888066426102,1894.0040456336603,2569.067694613707,605.1135376137034,1896.2596461134783,2616.5829761111613,0.03000000000020009,N,Z
DCB_se2_ag1_f_01_1,20967,AE1,7994,and,675.7579600189587,1898.144578617074,3043.984494379095,731.5737426670664,1713.1217178550237,2330.32095418013,662.5572784693974,1899.7572655393803,2985.6192835002666,0.03000000000020009,Z,N
DCB_se2_ag1_f_01_1,20970,AY1,7995,my,869.6212928859468,1420.4910735337953,2709.163152663201,878.1507871384365,1508.9171607492801,2785.3708126719243,872.8862728996924,1522.0129828718723,2635.682705042824,0.07000000000016371,M,M
DCB_se2_ag1_f_01_1,20972,AA1,7996,mom,768.6107777564201,1327.801195410421,2374.5423660572387,780.5051651601808,1341.1693515697473,2531.0482646366945,760.1978495526282,1351.6797771926583,2667.9619076239173,0.07999999999992724,M,M
DCB_se2_ag1_f_01_1,20974,AH0,7997,and,655.9746628854281,1892.9229411712295,2680.0016700779697,655.864235132104,1894.3479327341793,2691.564379003987,642.6307976478795,1940.2757352278707,3073.0082967106496,0.03000000000020009,M,N
DCB_se2_ag1_f_01_1,20977,AE1,7998,dad,631.3915248341624,2267.473832342862,3124.317779659729,631.6393771836549,2228.9395001009216,3145.0060730256146,630.6792609124294,2267.941197322663,3142.514643658686,0.02999999999974534,D,D
DCB_se2_ag1_f_01_1,20980,EY1,7999,they,628.4854606326102,2413.1131773173042,3042.1800136769,645.9346601335209,2030.7681001444766,2817.5868116652136,636.4857529746718,2422.950243741694,2732.2192133668427,0.09000000000014552,DH,L
DCB_se2_ag1_f_01_1,20982,EH1,8000,let,820.3965870196585,1999.760028171276,2960.045005752764,824.1097308123485,1995.7287164222691,2988.3152811851674,789.559272920754,2015.6500909399867,2492.186275973708,0.07999999999992724,L,T
DCB_se2_ag1_f_01_1,20985,IY1,8001,me,586.7157044943235,2705.7189698781626,3088.400083071948,585.6953693464668,2707.809670087218,3087.2788203815403,545.2620415827452,2789.3869244116813,3047.524848311458,0.07999999999992724,M,D
DCB_se2_ag1_f_01_1,20988,AY1,8002,drive,825.3561603126268,1859.677309113849,2661.2524065213643,832.921180867982,1907.0052735170136,2489.7721982894996,735.7059325142964,2052.0511790600385,3015.2085191827214,0.09999999999990905,R,V
DCB_se2_ag1_f_01_1,20991,EY1,8003,they,528.3582380117898,2349.1867330455684,2961.8680388593807,595.1131757427828,2247.356033902855,3054.9267714567113,531.0287708716711,2361.5388097818345,3002.9445229934577,0.07999999999992724,DH,sp
DCB_se2_ag1_f_01_1,20995,IH1,8005,this,598.9557644680768,1956.8459113990175,2975.0456645136314,611.4524657634541,1979.415104702297,2944.397496469943,530.273774579313,2054.7215710889604,2833.6167755075835,0.06999999999970896,DH,S
DCB_se2_ag1_f_01_1,20997,IH0,8006,is,489.1157765657783,1598.551572819571,2964.939627060932,630.212549140205,1623.5497739372765,2910.1098856370713,471.0972566006611,1797.8844488055915,3131.558824976653,0.09999999999990905,S,Z
DCB_se2_ag1_f_01_1,21000,AH1,8007,the,826.7848178276066,1564.1713837923005,2915.009804738767,841.3820846298825,1301.3498841108624,2633.345966886647,591.437198345072,1690.8085584243686,2870.9401681395584,0.09999999999990905,DH,OW1
DCB_se2_ag1_f_01_1,21001,OW1,8008,only,772.3059982366116,1178.978582967039,2495.0267319724803,821.4781006395863,1273.3979018668892,2713.544293698536,821.4781006395863,1273.3979018668892,2713.544293698536,0.03999999999996362,AH1,N
DCB_se2_ag1_f_01_1,21004,IY0,8008,only,501.2849621610751,2405.0874296620245,2880.992383884182,561.4143121795323,2357.400335199564,2759.8155686436526,501.8916637892365,2408.200396078675,2879.124930549098,0.0500000000001819,L,D
DCB_se2_ag1_f_01_1,21006,EH2,8009,destination,601.3187641965743,1960.2458917482372,2285.9384657162127,661.1427493122701,2045.7071339244067,2814.8783648937215,515.7997720112812,2057.1444555799467,2874.1025990285934,0.11000000000012733,D,S
DCB_se2_ag1_f_01_1,21009,AH0,8009,destination,559.6891605654257,1874.917808819364,2678.592638593342,618.7751279613389,1872.1575759127275,2593.9633536923507,576.859563043563,1900.5296061468482,2661.1549110312367,0.03999999999996362,T,N
DCB_se2_ag1_f_01_1,21011,EY1,8009,destination,570.833312069081,2484.8865671358726,2838.7921720356935,635.1503062327645,2372.475800420343,2695.571736732981,523.3449975075393,2589.610890506062,3015.1203128777033,0.09999999999990905,N,SH
DCB_se2_ag1_f_01_1,21013,AH0,8009,destination,600.8048531825237,1774.8166862989176,2274.896302404297,831.7487784926651,2233.3659456215846,3087.669348508173,831.7487784926651,2233.3659456215846,3087.669348508173,0.06999999999970896,SH,N
DCB_se2_ag1_f_01_1,21016,AH0,8010,the,555.4626341372929,1401.457334324319,2487.7396849325005,582.3719526816254,1648.850307331536,2603.373447397073,440.9956947013277,1958.9041105295698,3055.8999688880526,0.07000000000016371,DH,B
DCB_se2_ag1_f_01_1,21018,OY1,8011,boys,665.2319133041157,1742.50867199218,2359.4731244779077,666.0983518609657,1793.7911270551829,2362.2950654445904,486.97127321967133,2056.0337389910214,2562.9516466467876,0.09999999999990905,B,Z
DCB_se2_ag1_f_01_1,21020,AH0,8012,and,533.8661334079708,1518.2538963668878,2421.1524740738805,578.3468347389103,1564.8547220885682,2408.4447236545693,467.2382909916411,1792.5774182542407,2508.207829871724,0.03999999999996362,Z,N
DCB_se2_ag1_f_01_1,21024,ER1,8013,girls,545.3578533515149,1648.5625756913746,2293.619420477279,562.2570680683867,1572.7503752388798,2241.809943307751,535.5229226636352,1817.813197934464,2290.587034964134,0.1000000000003638,G,L
DCB_se2_ag1_f_01_1,21029,AH1,8014,club,610.4598701975533,1621.8708561776048,2583.9889610664095,620.1909647096913,1642.6658349999148,2581.758879408415,618.478354104978,1666.0596797702076,2578.195848002455,0.04999999999972715,L,B
DCB_se2_ag1_f_01_1,21031,IH0,8015,is,487.01993394249155,1533.907921340877,2470.2291165539223,497.7636296289545,1511.3262317148824,2462.6675425692733,439.50866001317564,1621.9070172703812,2434.403416071628,0.03000000000020009,B,Z
DCB_se2_ag1_f_01_1,21034,AH0,8016,the,654.0625955029964,1559.762154021803,2457.970028988276,667.4892510357967,1449.3767062742663,2476.4608231504217,655.9603012122443,1563.760319368303,2460.484330583864,0.03999999999996362,DH,OW1
DCB_se2_ag1_f_01_1,21035,OW1,8017,only,700.3194904914769,1295.224434905532,2662.586980737781,733.4353513020612,1414.2699255300365,2403.1773594317287,691.6292906803809,1447.2924603664967,2351.6349899571705,0.10999999999967258,AH0,N
DCB_se2_ag1_f_01_1,21038,IY0,8017,only,515.3231427445893,2128.156738452569,2599.193982851086,532.2900577915432,2064.1572097725266,2465.592591698,519.8396322384964,2283.7922362747395,2568.465063941278,0.05999999999994543,L,D
DCB_se2_ag1_f_01_1,21040,EH2,8018,destination,631.0188762773579,1840.9989779619295,2784.337961294422,632.9804645383422,1820.802079791789,2752.3117873776464,530.9395985504771,1937.9931198744762,2550.9640802751132,0.06999999999970896,D,S
DCB_se2_ag1_f_01_1,21043,AH0,8018,destination,509.2095210834523,1753.0058107710745,2500.57772961579,513.5835660983481,1767.9221067814115,2502.9183086573694,508.7082587855052,1792.0497913681054,2524.672989735099,0.03000000000020009,T,N
DCB_se2_ag1_f_01_1,21045,EY1,8018,destination,499.1553403581501,2223.5179413196233,2786.6012785244484,595.1547010979308,2127.1945831678445,2717.95752359346,442.75327771758674,2295.940748583374,2894.8295793143084,0.09000000000014552,N,SH
DCB_se2_ag1_f_01_1,21047,AH0,8018,destination,572.2583657911954,1573.1843450122171,2300.7677041633183,811.6554466088353,2251.8141556219625,3172.4698704989787,811.6554466088353,2251.8141556219625,3172.4698704989787,0.03000000000020009,SH,N
DCB_se2_ag1_f_01_1,21049,AY1,8019,i've,964.1490078337538,1191.416145396769,2126.068595141305,963.1095571279403,1166.236455753751,2137.221448348675,840.2246558263653,1695.1984461193776,2430.072439507762,0.13000000000010914,N,V
DCB_se2_ag1_f_01_1,21054,IH1,8021,driven,521.2974903135924,1980.6225469727335,2942.2941290559907,521.8781830743471,1969.8442630262873,2885.359596827653,419.5160764129085,2052.4045006053443,2846.8919920793473,0.03000000000020009,R,V
DCB_se2_ag1_f_01_1,21056,AH0,8021,driven,519.1144509469883,1856.9306711309214,2873.010872581271,587.3848062842948,1865.8336179939802,2649.8304388989445,563.5790675375938,1904.2366869468876,2827.1091261271577,0.03000000000020009,V,N
DCB_se2_ag1_f_01_1,21060,AH0,8023,to,443.79353745743344,1555.1627975867984,1897.6057764267437,549.8155483913896,1590.8066133699979,2762.4199500346854,526.1189244741449,1914.018229388126,3155.5402053288567,0.16000000000030923,T,
DCB_se2_ag1_f_01_1,21063,IH1,8025,since,617.8837838577034,1809.4794387744587,2126.05661784104,638.1443965756749,1864.3120261684232,2342.2276108369524,632.4839783233267,1882.7243315271285,2353.168139796454,0.04999999999972715,S,N
DCB_se2_ag1_f_01_1,21067,AY1,8027,i've,892.958113568828,1889.445323139559,2640.5693376995728,1036.9781570583161,1875.7191051793677,2726.6490267536974,887.9074464629638,2045.4554031782918,2882.0442472504233,0.11999999999989086,sp,V
DCB_se2_ag1_f_01_1,21071,AE1,8029,had,726.0105163605417,2298.3870921768907,3016.247128417806,781.6408603132624,2303.024354687763,3000.3132257952266,708.3332841879894,2377.749402682266,3117.400731104528,0.05999999999994543,HH,D
DCB_se2_ag1_f_01_1,21075,AY1,8031,my,791.3120836274851,1530.0939436163735,3011.8080252658215,943.4441805981609,1595.9726834957512,2690.5847019944704,820.1879672990818,1634.6724491433229,2777.962857886256,0.13000000000010914,M,L
DCB_se2_ag1_f_01_1,21077,ER1,8032,learners,703.8801349219164,1781.388596791263,2389.9219641054287,776.2906834517812,1723.188593734976,2489.6029597679785,641.7032050646259,2068.5102374747967,2151.5135607397965,0.09000000000014552,L,N
DCB_se2_ag1_f_01_1,21079,ER0,8032,learners,524.767291632182,1808.898768661591,2376.159842206537,529.6940471192333,1817.675925288724,2585.9494963721527,531.2423991609284,1820.434358992125,2651.8809679476212,0.04000000000041837,N,Z
DCB_se2_ag1_f_01_1,21083,ER1,8034,permit,607.3246926387668,1630.112725606879,2093.355697950596,649.3998871767951,1545.6158436662952,1979.262500997491,612.8738274204866,1644.6576799173802,2132.8796492385836,0.07999999999992724,P,M
DCB_se2_ag1_f_01_1,21085,IH2,8034,permit,598.6929808546219,2067.678031645997,2181.0049665943807,612.781807933713,2080.1983118018175,2533.3996489192364,557.922748020416,2162.2122134151405,2702.005443980865,0.07999999999992724,M,T
DCB_se2_ag1_f_01_1,21091,IH0,8038,it,722.7639985936573,2197.97072999482,2616.4242789146424,919.8466289881345,2206.0421006817896,2987.2716435960883,782.7871596777084,2273.2947358846022,3426.6411624852426,0.03000000000020009,sil,T
DCB_se2_ag1_f_01_1,21095,AY1,8040,like,794.4006500354103,1877.7314721233856,2337.9682371792837,889.6905577402848,1579.1932413010525,1906.509740028393,756.7086169620834,1989.2813626050788,2373.030496386869,0.0500000000001819,L,K
DCB_se2_ag1_f_01_1,21098,IH1,8041,fifteen,551.2340959659697,2252.5308518935703,3219.1656565952267,575.3539827235619,2247.5646965823826,3153.8954551658853,566.4195716561259,2237.105486808217,3145.6105828560303,0.07999999999992724,F,F
DCB_se2_ag1_f_01_1,21101,IY1,8041,fifteen,530.706362044364,2240.2242123731126,2884.9290704637547,546.3791718168548,1939.5752031748511,2913.0623762094942,514.5268688772366,2488.7846705332076,2754.802880362627,0.11000000000012733,T,N
DCB_se2_ag1_f_01_1,21104,IH1,8042,minutes,659.7725706443224,2139.1753051187834,2853.0541164856404,667.4080984824323,2138.174635845165,2984.866015228404,663.5668872574387,2150.2991863155867,3054.876126023029,0.0500000000001819,M,N
DCB_se2_ag1_f_01_1,21106,AH0,8042,minutes,493.21388147465467,1660.1829087914289,2456.801199395899,518.6203180802489,1038.583028582988,2131.4119774204787,516.6434707054649,1937.9115392417912,2645.1120414229904,0.03999999999996362,N,T
DCB_se2_ag1_f_01_1,21110,AE1,8043,yeah,593.8657126951306,1884.5665538566489,2603.095634428417,609.8917171475455,1930.9286338142456,2619.8709407576684,472.89938950023515,2340.80482461536,2437.7240727334056,0.2600000000002183,Y,sp
DCB_se2_ag1_f_01_1,21114,AE1,8045,yeah,398.5384663504749,2676.2350647734706,3202.8481533649788,561.4208136853922,2578.3128055246234,3018.4073465108927,496.2267546289503,2741.784912651321,3195.464616403704,0.07999999999992724,Y,
DCB_se2_ag1_f_01_1,21116,AE1,8047,and,384.90039658498665,2360.0215917031733,2723.2234322299178,582.9038246259196,2397.4215992950885,3189.5418605402665,543.8488847123211,2651.8545132104655,2797.448444705033,0.13000000000010914,,N
DCB_se2_ag1_f_01_1,21119,EH1,8048,then,713.4020629929645,1916.7670078724386,2311.8009825995205,724.6741363287234,2188.977671429774,2498.8884122900517,698.8904883373527,2359.8504541059906,3567.5380667390423,0.05999999999994543,DH,N
DCB_se2_ag1_f_01_1,21121,IH1,8049,it,646.0535716564124,2331.1216704721282,2900.888484208974,697.1564698622976,2078.5793036634477,3517.7295668877227,596.3944454407745,2474.2157966125137,2965.7498754133185,0.11999999999989086,N,T
DCB_se2_ag1_f_01_1,21123,EH1,8050,s,600.162552736635,1942.2927082957,2809.543972127277,601.3762806946575,1952.172691734744,2484.5005750794103,541.5644565763821,2123.923865086549,2275.7688426836403,0.1000000000003638,T,S
DCB_se2_ag1_f_01_1,21127,AY1,8052,like,631.6151340349153,1879.8084965689668,3102.4849524091437,655.2468437865572,1983.1740630957918,3276.84976017574,655.084580667032,1982.630593337888,3277.849101857037,0.03000000000020009,L,K
DCB_se2_ag1_f_01_1,21129,IH0,8053,it,595.0824481402476,1673.5033303600069,2554.9478590239773,622.9631227596142,1569.364087041565,1682.385104611007,622.2605534224302,1787.432979050746,2991.838674408231,0.02999999999974534,K,T
DCB_se2_ag1_f_01_1,21133,AY1,8055,like,633.9626848885214,1566.5767894486364,2222.821389510315,657.7846275316512,1459.2063664723864,2538.6208019835135,600.6837826356236,1707.7080358986784,2327.558677232301,0.06999999999970896,L,K
DCB_se2_ag1_f_01_1,21136,AH0,8056,the,602.5712090825735,1732.1869592816495,3215.7932536585868,647.8417177540964,1809.5215220714467,3262.414592843212,603.8412676016261,2011.651540509209,3249.883798172842,0.13999999999987267,DH,sp
DCB_se2_ag1_f_01_1,21139,AA1,8058,parkway,875.1863778464538,1407.140179025015,1979.7318126829073,887.6897346870379,1294.311670812501,1916.9012514213307,846.9769659523711,1663.6170132365432,2057.1089573496097,0.0500000000001819,P,R
DCB_se2_ag1_f_01_1,21143,EY2,8058,parkway,621.0962304342986,2528.138071233129,3208.755665201108,719.2836126317312,2350.041059365365,2836.5644318554323,557.9324958412003,2589.1474825040887,3028.607906212455,0.07999999999992724,W,AE1
DCB_se2_ag1_f_01_1,21144,AE1,8059,and,569.8426026295971,2434.601586735364,3073.449774531943,601.247796186641,2575.198675559544,3165.9576176928163,590.5804401198983,2615.0724428862545,3417.3561877309717,0.03999999999996362,EY2,N
DCB_se2_ag1_f_01_1,21147,EH1,8060,then,518.7073499167178,2167.130676802474,3075.369328548242,536.1245784157635,2165.806482358707,3033.6847580824847,513.0727438644101,2238.564704641451,3089.5035990533624,0.07999999999992724,DH,N
DCB_se2_ag1_f_01_1,21150,EY1,8061,they,476.3707945295754,2277.496442517282,2950.6950223968533,522.1290670152136,2583.3975913064382,2983.5446662005484,515.5836976424328,2597.786740278407,2993.3517789953385,0.08999999999969077,DH,sp
DCB_se2_ag1_f_01_1,21153,EY1,8063,they,476.8294322777181,2331.9450699794165,2860.676720469932,549.2660569795432,2309.4739677969224,3228.616463043421,485.30838401328225,2573.052080079506,3236.4486273234766,0.05999999999994543,DH,P
DCB_se2_ag1_f_01_1,21155,UH1,8064,put,573.2058746663861,1306.9165437925767,3105.73623911002,576.4327950648152,1376.0691108827034,2767.7109323791274,538.1747237265012,1402.641204307061,2749.3295465276633,0.0500000000001819,P,T
DCB_se2_ag1_f_01_1,21158,IY1,8065,me,528.6338698567665,2418.020666299839,2936.686489052304,570.6146475072662,1062.2673332557385,2149.04951352892,527.7707208889229,2418.3570979423016,2936.5723169015673,0.03999999999996362,M,AA1
DCB_se2_ag1_f_01_1,21159,AA1,8066,on,625.1816923035749,1857.5622426340813,2194.213337807782,631.6801593361361,1824.5942233464914,2048.685546362532,603.3124901410438,1969.464481269971,2148.5893762006026,0.02999999999974534,IY1,N
DCB_se2_ag1_f_01_1,21162,AH0,8067,the,530.7424053073648,1331.515970384444,2614.885296360033,617.3507401324649,1578.7221405038279,2904.86525370256,579.1210575909328,1657.136649636755,2993.7802354693426,0.06000000000040018,DH,P
DCB_se2_ag1_f_01_1,21164,AA1,8068,parkway,838.9865450317327,1450.3762684821609,2321.8238720284435,838.6954652480941,1431.5520710792798,2138.281060198771,823.9745992194329,1485.0521274309488,2146.5115769573918,0.04999999999972715,P,R
DCB_se2_ag1_f_01_1,21168,EY2,8068,parkway,611.7988295960022,2368.1186725867688,3069.789878289356,643.4427765513203,2048.5199872413477,3150.061124417603,468.06104859957,2467.262673158222,3023.6743743061397,0.23999999999978172,W,S
DCB_se2_ag1_f_01_1,21170,OW1,8069,so,593.0841452101845,1332.255061304899,2958.9490302520885,643.304138843041,1650.266147674245,2691.4628229894342,634.2904286075473,1688.9395753065978,2724.7077356505315,0.15000000000009095,S,sp
DCB_se2_ag1_f_01_1,21173,AH1,8071,yup,821.117522508629,1697.9143117658875,2132.769168341876,883.6896866993994,1595.8735906411198,2516.304726740396,831.65417052016,1689.4411537631213,2203.4139677501344,0.13999999999987267,Y,P
DCB_se2_ag1_f_01_1,21177,AE1,8073,that,733.8476810666168,1727.1510411498466,2470.808466171273,758.0441271419485,1728.76114025303,2625.95426959663,668.305663077153,1749.3317273030984,2017.2126287439314,0.02999999999974534,DH,T
DCB_se2_ag1_f_01_1,21180,AA1,8074,was,660.2294735121898,1580.3327072964219,1783.6879852362713,662.1643298835196,1560.2033756403823,1991.5549447304809,660.8722159867478,1573.6459182243675,1852.7395830209416,0.03000000000020009,W,Z
DCB_se2_ag1_f_01_1,21183,AH1,8075,the,661.8032373874843,1567.347302260188,2868.0070143588646,702.0399528440244,1624.2781505388198,2992.0307298916373,613.0767044067067,1654.3408385322612,3129.8555472963612,0.05999999999994543,DH,F
DCB_se2_ag1_f_01_1,21185,ER1,8076,first,586.4569993972458,2040.290900401981,2381.4755578800036,671.2646090708105,1441.6285650219043,2039.3906996242358,592.4146549452654,2077.6670282116534,2697.8265792525394,0.13999999999987267,F,S
DCB_se2_ag1_f_01_1,21189,IH1,8077,thing,605.2907118703766,1855.322517627372,2042.5781294140384,612.2367724975105,1754.647624162463,2720.538757689433,605.962154731178,2137.226370025529,2142.755036842779,0.08999999999969077,TH,NG
DCB_se2_ag1_f_01_1,21192,AH0,8078,that,633.0503985174067,1818.6767632953977,2206.0184136088155,650.0018240733675,1832.3192201824415,2151.2017520722943,619.8827513214486,1900.49258385844,2224.865743410624,0.07000000000016371,DH,T
DCB_se2_ag1_f_01_1,21195,EY1,8079,they,531.1988599908793,1612.5725412693469,2348.6370660942844,569.1735649065755,1821.6378603922237,2117.361454374542,486.8082677557177,2297.322765144577,2915.1677817949485,0.13999999999987267,DH,D
DCB_se2_ag1_f_01_1,21197,IH1,8080,did,608.8550036798493,2478.6381421718766,2564.546721057477,612.2931899712715,1307.9553541334105,2444.9557892943812,609.0947540168929,2476.542001556748,2577.8189702493214,0.19000000000005457,D,D
DCB_se2_ag1_f_01_1,21201,EY1,8082,they,659.3024121346334,2154.927907609572,3064.127634074753,695.0494179863276,2114.277085093719,3136.06202925915,651.3809015041265,2168.042638693021,3069.86578261508,0.03000000000020009,DH,W
DCB_se2_ag1_f_01_1,21203,ER0,8083,were,636.1034872636957,1811.696601302317,3241.621893335923,725.8394275464631,1862.9529603401568,3213.358784258923,725.8394275464631,1862.9529603401568,3213.358784258923,0.03000000000020009,W,L
DCB_se2_ag1_f_01_1,21205,AY1,8084,like,674.1872932653828,2021.6489674537722,3159.588005865267,713.7848777638172,1872.396830978857,3197.9092233227284,626.8524437223855,2074.2305514420623,3053.6259419619764,0.03999999999996362,L,K
DCB_se2_ag1_f_01_1,21207,OW2,8085,okay,753.7783646530329,1720.2841000727042,3532.34243534317,789.5256290383888,1783.412889019951,3514.99492864986,781.1105439318152,1767.0512841917573,3519.082080661259,0.09000000000014552,K,K
DCB_se2_ag1_f_01_1,21209,EY1,8085,okay,663.6956771437357,1968.524869513557,2240.1102413894623,715.3243748422545,2317.8071316006854,3160.411181632003,506.3541454086585,2445.306689234067,3178.3586532699164,0.17000000000007276,K,sp
DCB_se2_ag1_f_01_1,21212,IH1,8087,get,554.6993858047058,2443.7490214448612,3170.4903431302255,601.0955337786813,1929.9596900263532,2338.483102653549,494.9201524708661,2848.4460365762075,3001.2991880586274,0.02999999999974534,G,T
DCB_se2_ag1_f_01_1,21214,IH0,8088,in,601.0680156092649,1728.7959995569543,3002.281719198241,625.5600897962058,1963.4440236568446,3018.7548780243924,625.5600897962058,1963.4440236568446,3018.7548780243924,0.02999999999974534,T,N
DCB_se2_ag1_f_01_1,21217,IY0,8089,the,570.8138351384347,2179.4399473664976,2975.0740262521904,614.6799722384504,2065.5109545602895,3007.171839740421,570.9771336859045,2204.0834982155366,3014.7860163500527,0.04999999999972715,DH,K
DCB_se2_ag1_f_01_1,21219,AA1,8090,car,857.1722805911139,1351.8828104968675,2763.9756207256214,877.0429900033229,1381.2355332449615,2614.0705475663144,678.101293426398,1645.3232015157005,2070.3693253085457,0.14000000000032742,K,R
DCB_se2_ag1_f_01_1,21223,IY1,8092,seatbelt,548.9140672328168,2603.612101485539,3389.001168494425,589.5162769159073,2432.6930319240087,3583.505243286849,514.6013176813203,2644.1477400995445,3670.1161585256996,0.05999999999994543,S,T
DCB_se2_ag1_f_01_1,21226,EH2,8092,seatbelt,691.3462951334044,1479.858190338535,2985.463012827951,698.6000256514743,1476.4234291104794,3011.5835302850555,695.0326993515241,1481.401138054606,2979.279016377782,0.04000000000041837,B,L
DCB_se2_ag1_f_01_1,21229,AO1,8093,on,622.6043550250841,1229.0342367490223,2205.03031043432,624.4415901082162,1217.4394055061446,2158.345883266444,622.167479650367,1269.5393975648296,2682.56770540316,0.03000000000020009,T,N
DCB_se2_ag1_f_01_1,21233,EH1,8095,let,709.3039883373318,1710.6846840158287,2288.4754737055837,712.0828677364826,1719.552289708361,2784.859534813611,712.2319993837376,1720.272421135115,2873.95351276771,0.04000000000041837,L,T
DCB_se2_ag1_f_01_1,21237,OW1,8097,go,625.3840067723687,1273.4173770027921,3227.557859802287,723.7292791835049,1631.3661400349993,3042.5753691608033,577.469294511765,1764.024715579907,2964.6257483038435,0.25999999999976353,G,sp
DCB_se2_ag1_f_01_1,21241,OW1,8099,so,627.7851208309436,1545.146834908835,3042.0222174139103,634.9745784660321,1514.1620467125492,3136.8486546606423,611.8707272661277,1694.5801644368175,3258.272764831603,0.1299999999996544,S,sp
DCB_se2_ag1_f_01_1,21243,AE1,8101,and,616.7157635315274,1845.1334170451794,2644.2057119014826,695.6614653148322,1657.4929370348837,2681.421889945859,632.9727136101642,2463.470294103283,3428.6576573059547,0.07000000000016371,sp,N
DCB_se2_ag1_f_01_1,21246,AE1,8102,that,811.1496266302938,2057.258163238236,3270.999625895976,831.0592455136155,2040.252785859532,3404.677477385778,792.6744521064395,2088.9987796525165,3231.760212860373,0.0500000000001819,DH,T
DCB_se2_ag1_f_01_1,21249,AH0,8104,another,619.7847656933143,1819.1570044862617,2246.2257818762546,657.569023881062,1816.1812497520507,3357.291613157178,601.9860561188168,2001.686618844497,3403.6906331938826,0.06999999999970896,Z,N
DCB_se2_ag1_f_01_1,21251,AH1,8104,another,791.6127943589432,1811.4738450985797,2043.0085693605001,832.1114013937124,1794.976136129507,2506.996001970835,793.1275596615405,1810.9114235296415,2059.2495551579023,0.05999999999994543,N,DH
DCB_se2_ag1_f_01_1,21253,ER0,8104,another,490.52819046571847,1613.7978254892691,2741.320620456587,560.6465334851877,1753.384257991435,3122.8666178180583,486.17863111002885,1785.6752560923996,3255.7272294592744,0.0500000000001819,DH,TH
DCB_se2_ag1_f_01_1,21255,IH1,8105,thing,665.6808317973716,2106.1460660460516,3421.2718636161326,665.5448544661227,2107.1002100946907,3410.841067160587,622.7848394217083,2409.2623491186455,3161.511779380462,0.0500000000001819,TH,NG
DCB_se2_ag1_f_01_1,21257,AY1,8106,i,984.8633219502101,1917.8502588731487,2524.846226150243,1102.0782787548242,1852.191103425978,2453.862692294003,702.8288479409897,1923.7515532767886,1965.3254574098537,0.07000000000016371,NG,G
DCB_se2_ag1_f_01_1,21259,AA1,8107,got,762.0585350914563,1826.0410387803813,2525.7515591531865,796.4519033338396,1804.691295618426,2594.4030392746286,672.5927237643606,2288.1202769816873,2977.734881756153,0.0500000000001819,G,T
DCB_se2_ag1_f_01_1,21262,AY1,8108,my,873.2517003991596,1573.9917121261592,3012.6337810839013,874.9892316965255,1616.8893019542404,3073.78673308343,874.0545485464868,1617.1071770474664,3084.6045964090663,0.07000000000016371,M,L
DCB_se2_ag1_f_01_1,21264,AY1,8109,license,662.7214226194764,2048.9016292049123,2291.3662641305827,825.2280128973563,1771.9500759266857,2850.708992232954,604.7623527926985,2276.3546670147757,2329.381275819819,0.08999999999969077,L,S
DCB_se2_ag1_f_01_1,21266,AH0,8109,license,531.2180792645307,1909.2028882256857,2690.385265413073,615.4422109069485,2052.829122881816,3096.428124306656,608.8202900917267,2055.9537229873995,3080.8633576196885,0.04999999999972715,S,N
DCB_se2_ag1_f_01_1,21270,IH1,8111,in,551.6942845155182,2471.1163401371186,3397.4425017122826,616.139689389503,2507.5204595182595,3428.695300838004,558.0545887310774,2544.9279145141218,3440.5943929561718,0.13999999999987267,sp,N
DCB_se2_ag1_f_01_1,21273,IY1,8112,dc,541.1212245169197,2829.352120545884,3003.3423026753912,577.8781353107383,2736.5977667779025,3171.175640687042,548.2766351651213,2900.067453671804,2935.4881240177733,0.13000000000010914,D,S
DCB_se2_ag1_f_01_1,21275,IY1,8112,dc,520.8129457838975,2955.6155827399807,3138.4122088880176,613.0874735579059,2715.8042887825286,3161.3463824153278,536.0612019069083,2960.989579053875,3135.856385341415,0.19000000000005457,S,sp
DCB_se2_ag1_f_01_1,21278,IH0,8114,because,535.3873985051649,2620.4691585988708,2751.105396558333,542.8541918542942,2626.7843972718556,2739.7702369231447,429.9715105703706,2695.9119097708217,2993.5602454099517,0.07000000000016371,B,K
DCB_se2_ag1_f_01_1,21280,AH1,8114,because,657.1462724344048,1782.1098922151125,3017.13757645464,676.566734400182,1833.2796977282414,3035.0409795086302,520.8468695667667,1961.5019490717834,3226.8610556769636,0.09000000000014552,K,Z
DCB_se2_ag1_f_01_1,21282,IH0,8115,in,650.3328977642102,1390.9807582429798,1921.669457450358,656.8176338833221,1725.228858776866,1982.6238167175306,652.466082426008,1930.3796701752083,2130.866444002372,0.05999999999994543,Z,N
DCB_se2_ag1_f_01_1,21285,EH1,8116,maryland,641.581179075354,1777.4664120895452,2304.702227442092,666.3491790566068,1904.9315185124196,2385.769295526708,664.1455287084381,1907.1783502015162,2381.8080391908957,0.0500000000001819,M,R
DCB_se2_ag1_f_01_1,21287,AH0,8116,maryland,681.3132113433173,1866.6905249042215,2714.7499672131617,684.1022388853191,1901.1737466034672,2585.1838518014238,680.7785503617854,1923.7130546869864,2469.9074278409944,0.03000000000020009,R,L
DCB_se2_ag1_f_01_1,21289,AH0,8116,maryland,598.7068956212537,1572.2412964421005,2466.379942420747,604.4930279540218,1815.6935116452173,3282.076324461196,604.4930279540218,1815.6935116452173,3282.076324461196,0.03000000000020009,L,N
DCB_se2_ag1_f_01_1,21293,UW1,8117,you,489.3391298663769,1843.3954159843997,2584.694272764934,575.8277524634178,1701.8027404621507,2536.655832870014,512.835481478092,2532.1571645816657,3132.5287002696023,0.02999999999974534,Y,HH
DCB_se2_ag1_f_01_1,21295,AE1,8118,have,872.4147226663885,1690.822365042848,2508.2346557424803,886.2166025462776,1727.8277350237151,2641.3656920307303,858.000712124041,1804.483309635664,2830.101858332608,0.04999999999972715,HH,V
DCB_se2_ag1_f_01_1,21298,AH0,8119,to,494.5883706445995,1987.9449819839958,2918.692112971704,549.1070203489048,1900.6859987950295,3210.4514969237157,496.48655653240536,1988.9397135643842,2937.4108223017183,0.04999999999972715,T,G
DCB_se2_ag1_f_01_1,21300,OW1,8120,go,630.5825036680009,1404.6700468344325,2937.5182342650246,638.1728702897358,1462.6853590193725,2965.071826503443,619.266736065015,1593.226326445634,2821.308943639175,0.09000000000014552,G,TH
DCB_se2_ag1_f_01_1,21303,UW1,8121,through,488.5374820972953,1181.3597418705076,2880.6497174212664,510.3697889478948,1217.5032862701826,2899.2225547557396,496.0783668040194,1264.7299596318908,2654.4894298283393,0.02999999999974534,R,L
DCB_se2_ag1_f_01_1,21305,AY1,8122,like,783.4564341299538,1831.0572232996924,2755.1779469272933,906.1512326136314,1670.8123993030854,2535.553228703928,605.3788586545625,1854.1795339846346,2894.7456758039352,0.1000000000003638,L,K
DCB_se2_ag1_f_01_1,21309,AY1,8123,driving,932.8757602643152,1755.6957885726385,2488.025181816376,944.2040347858757,1814.9895363852124,2343.320026027555,903.8367007960552,1881.1566712750014,2103.2437636887385,0.13000000000010914,R,V
DCB_se2_ag1_f_01_1,21311,IH0,8123,driving,657.2349355022556,1948.536776301552,3188.2179607940143,697.9362844726083,1614.6108157413987,2360.3241068337857,623.9366592430513,2006.2594731151046,3220.7858394520545,0.05999999999994543,V,NG
DCB_se2_ag1_f_01_1,21315,UW1,8124,school,608.3193326072461,2170.3357452144955,3059.3864990981133,710.2301523671895,2233.2037253152903,2950.913303225182,598.9662404062927,2297.3457765487883,3012.375159084418,0.19000000000005457,K,L
DCB_se2_ag1_f_01_1,21319,OW1,8126,no,702.0138289228671,1532.0660494797626,3116.3103250153295,765.8606243758985,1566.2292283553957,3102.4947613947575,633.6669898852311,1876.5852849052985,3105.5032969771787,0.13000000000010914,N,sp
DCB_se2_ag1_f_01_1,21322,UW1,8128,you,564.7086897199263,2049.538883815037,2814.433201676372,617.8339216571566,2230.0019611147527,2820.6960203171625,598.413520349222,2545.3503700134665,2837.694351588602,0.03000000000020009,Y,HH
DCB_se2_ag1_f_01_1,21324,AE1,8129,have,944.5496080383776,1909.2715911760638,3028.491655464406,967.9758151347788,1836.7943148487066,3018.3726137018493,952.881525606134,1973.1579070069758,3108.3208784982417,0.0500000000001819,HH,V
DCB_se2_ag1_f_01_1,21327,AH0,8130,to,673.9574516183981,2024.5816632319313,2054.3042122241213,746.3233616531637,2008.4086821267117,2145.352305535125,686.1725340301268,2035.1725529940325,2329.3797290064617,0.03999999999996362,T,HH
DCB_se2_ag1_f_01_1,21329,AE1,8131,have,789.6200920414108,2026.0365933809192,2874.719293357649,804.4787603603364,2084.184346377375,2980.333107805557,796.6613767704816,2120.450313844008,2967.436215798851,0.03999999999996362,HH,V
DCB_se2_ag1_f_01_1,21331,AH0,8132,a,516.5227797491717,1971.6013260111736,2884.509048845299,703.406405186061,1813.6449453168116,2993.267719039009,419.69005164770505,2217.492260665811,2272.58180152066,0.05999999999994543,V,D
DCB_se2_ag1_f_01_1,21333,IY1,8133,d,623.3187478456657,2420.2530377373887,3042.1989470477556,648.5580312063967,2498.8069383646366,3036.9052393970396,492.7294826913106,2761.1408923935833,2903.511201180662,0.15999999999985448,D,sp
DCB_se2_ag1_f_01_1,21336,IY1,8135,dc,578.0806192445324,2571.733217558326,3097.000873396849,590.9850537509712,2559.600080556513,3110.543890644686,541.0245736830472,2759.9827339940334,2993.653217242674,0.08000000000038199,D,S
DCB_se2_ag1_f_01_1,21338,IY1,8135,dc,572.1637690623337,2678.7466849742777,2933.8661583546545,735.1156883121081,2294.2348521861018,3187.9142758250796,592.3705830247926,2993.156641143369,3085.4866066658296,0.09999999999990905,S,AE1
DCB_se2_ag1_f_01_1,21339,AE1,8136,address,797.5654394917153,2025.386109947156,2381.2789528190256,801.9692439316333,2101.336826992719,2826.34297536286,735.1156883121081,2294.2348521861018,3187.9142758250796,0.09000000000014552,IY1,D
DCB_se2_ag1_f_01_1,21342,EH2,8136,address,687.0934527689442,1974.7605008969456,2589.2707110170695,711.6539744949621,2093.34294781943,2330.6488674379875,711.5519977860919,2091.6935658532248,2335.565485757452,0.11000000000012733,R,S
DCB_se2_ag1_f_01_1,21349,AY1,8140,i,750.0988190588077,2111.7688071376037,3289.9215615826038,887.3443668818264,1728.6668369292552,2006.5318900209627,540.1363000757872,2790.453324243732,3516.7766832739794,0.07999999999992724,sp,Y
DCB_se2_ag1_f_01_1,21351,UW1,8141,used,524.4623686747005,1945.3362317190433,2657.986348215904,523.2941258028505,1944.1568777665798,2680.045347063852,511.84189077094965,1961.463631631515,2720.7276404267873,0.03999999999996362,Y,Z
DCB_se2_ag1_f_01_1,21356,OW1,8143,no,671.5037909155833,1424.9906335790936,2019.1393658193144,872.7616785862369,1614.3288943264445,3390.4679724312787,802.2590793726972,1612.9904931610292,3823.0759649667243,0.20000000000027285,N,
DCB_se2_ag1_f_01_1,21359,AY1,8145,i,839.2624808210508,1440.9957289800745,2654.1780762669528,926.2704376755748,1777.4015851855952,2877.57179873339,926.2704376755748,1777.4015851855952,2877.57179873339,0.19000000000005457,sil,Y
DCB_se2_ag1_f_01_1,21361,UW1,8146,used,618.7341002824592,1981.0665851125298,2846.5864569024234,622.7814916899885,1914.417784338911,2531.418732182436,601.1883356114979,2301.9858834995434,2923.3458336939657,0.05999999999994543,Y,Z
DCB_se2_ag1_f_01_1,21365,AY1,8147,my,816.6242868794068,1308.1858015838495,1891.824924895786,822.1942639089641,1332.9928638681602,1873.1694319862413,706.6874664849628,1618.3093913137536,2094.9343107272457,0.05999999999994543,M,G
DCB_se2_ag1_f_01_1,21368,AE1,8148,grandparent,718.5204732734645,2043.4099441701774,2137.3319923361005,751.3804991863537,1781.9101460638678,2056.204789498942,699.3439192119104,2073.1845758037257,2105.5732484420664,0.04999999999972715,R,N
DCB_se2_ag1_f_01_1,21371,EH2,8148,grandparent,652.5278892714191,937.7242329807158,2014.6495880254804,713.183352495417,1703.2732959992725,2204.214024996214,713.183352495417,1703.2732959992725,2204.214024996214,0.03000000000020009,P,R
DCB_se2_ag1_f_01_1,21373,AH0,8148,grandparent,639.5125730526594,1808.383139646163,2589.3223619145656,660.0616919975492,1960.704102191975,2179.3931964064654,660.0616919975492,1960.704102191975,2179.3931964064654,0.03000000000020009,R,N
DCB_se2_ag1_f_01_1,21377,AE1,8150,ad,646.6425754740497,1645.797790096414,2109.2781621287027,715.6320893614569,1911.4695173794973,2516.8588925068175,701.4919347659074,2058.6040447745045,2150.5206094713412,0.12000000000034561,Z,D
DCB_se2_ag1_f_01_1,21381,EH1,8152,well,635.6193650043377,1391.9377474954206,3048.8178338232933,654.2729132222628,1286.0101927350602,3038.8736620673776,596.050939604462,1417.5461140373507,3074.6626170476,0.09000000000014552,W,L
DCB_se2_ag1_f_01_1,21385,AA1,8154,not,906.0778590309776,1983.0316869356143,3138.5452575568447,951.6411985318045,1975.9930703831255,3011.3022405934944,920.0432049857998,1985.626718259548,3159.184505416615,0.0500000000001819,N,T
DCB_se2_ag1_f_01_1,21388,AY1,8155,my,1040.2976827395937,1987.3219309113601,2696.3002272011463,1068.1007343281356,1917.265995183578,2740.280246497195,1041.46924817531,1987.3835689922164,2698.0080533478995,0.08999999999969077,M,G
DCB_se2_ag1_f_01_1,21391,AE1,8156,grandparents,764.2939686903939,1832.1250851720267,2181.655336157862,769.4538233139895,1859.6751585203308,2147.837641252699,767.8309539391628,1864.0207891169428,2203.911202379245,0.02999999999974534,R,N
DCB_se2_ag1_f_01_1,21394,EH2,8156,grandparents,662.2679891062259,1749.0758303948676,2775.4988125216655,704.1782470502369,1707.875363783676,2838.2636784817178,666.195638038565,1839.797378879508,2580.2166691853313,0.03999999999996362,P,R
DCB_se2_ag1_f_01_1,21396,AH0,8156,grandparents,616.9621065942096,1928.0774153622674,2758.106958301254,670.4436796580995,1923.6543486803566,2784.7747303441283,609.9580986760047,1928.3992412242699,2755.3480469185793,0.03000000000020009,R,N
DCB_se2_ag1_f_01_1,21402,AY1,8158,my,954.0765569297394,1872.7335866691299,2723.823448146723,1041.9638476000648,1831.951644049399,2646.35743711559,873.4646520251421,1934.6127740065622,2701.646773440224,0.11000000000012733,M,S
DCB_se2_ag1_f_01_1,21406,AY1,8161,my,795.4423151225697,1691.9336577504212,2517.9895756787782,864.1897757834448,1630.0803689221523,2358.6602726148067,833.1021778346326,1725.4760794440554,2271.0814947785325,0.07999999999992724,M,F
DCB_se2_ag1_f_01_1,21408,AA1,8162,father,877.9516580356653,1353.103436023466,3001.919758793437,916.6979120865881,1390.7365411111612,2955.0403642203974,736.6972924974051,1586.5722129980554,2907.949732934694,0.13000000000010914,F,DH
DCB_se2_ag1_f_01_1,21410,ER0,8162,father,575.060263166194,2048.99191538196,2712.234409783497,584.4925405180467,1890.6055328923378,2691.8560061666485,577.0130649382595,2057.9343943338454,2768.3169458223474,0.09000000000014552,DH,S
DCB_se2_ag1_f_01_1,21415,EH1,8165,parents,570.1276267243218,2237.8584688763153,2552.028304274948,643.976834356023,2516.9325330402144,2794.8600679376586,640.1439644663808,2478.5870603526723,2769.2908346860254,0.15000000000009095,P,R
DCB_se2_ag1_f_01_1,21417,AH0,8165,parents,548.8692055620389,2116.5443915265614,2305.2673916606273,633.5630768383622,1965.9742915292652,2337.04845278785,547.7725945145352,2130.1510223789346,2313.211323397544,0.04999999999972715,R,N
DCB_se2_ag1_f_01_1,21423,AY1,8167,my,936.2874912086752,1659.7448098068442,2486.0470423190313,1032.7505453708334,1513.2885627869955,1914.7721706172467,912.3196262209224,1956.4833339557842,2708.916762682486,0.11999999999989086,M,AH1
DCB_se2_ag1_f_01_1,21424,AH1,8168,other,787.4093603655584,1659.7807320013903,2810.1659039761744,879.7876942022363,1580.9612481864356,2804.188375266929,755.7561418538133,1778.961821537949,2168.504682551071,0.07999999999992724,AY1,DH
DCB_se2_ag1_f_01_1,21426,ER0,8168,other,584.7092122605467,1813.9221765066504,2457.496677382088,612.7987647962846,1881.4451903072952,2539.199472854745,585.9129848075535,1962.3660160299037,2748.1286190612786,0.07000000000016371,DH,F
DCB_se2_ag1_f_01_1,21428,AA1,8169,father,875.4757116819054,1412.4028156133722,2073.3555927430325,918.0615091745839,1316.3894437642227,2038.7089982549865,827.2408299861287,1592.127674607219,1836.6988396114873,0.09000000000014552,F,DH
DCB_se2_ag1_f_01_1,21430,ER0,8169,father,571.4343657607199,2042.6969287524048,2492.9744693121006,592.1832439463799,1918.9514981362922,2612.221394175551,561.7379384308834,2047.4418861816152,2376.7207499663114,0.09000000000014552,DH,sp
DCB_se2_ag1_f_01_1,21433,AY1,8171,my,662.7328979815145,1275.060852636304,2025.94895496251,687.9971341892151,1498.3235723460366,2045.9297991542946,681.9617486932135,1448.8406063000048,2043.2539377840662,0.03000000000020009,M,S
DCB_se2_ag1_f_01_1,21436,EH1,8172,step,628.4891457352768,1906.674968839162,2580.5869123731723,663.2548793900171,1961.4657459000796,2870.531097694774,659.0224029052031,1964.0398119878444,2844.001510261875,0.05999999999994543,T,P
DCB_se2_ag1_f_01_1,21439,AE1,8173,dad,586.5966153857337,2289.616451497634,2532.357133001913,595.9996581543888,2265.608218508176,3052.365673965766,560.0244531443118,2342.8520408306754,2943.7843506675777,0.1000000000003638,D,D
DCB_se2_ag1_f_01_1,21442,OW2,8175,okay,532.1055427707905,1260.499297107059,2771.5640941622737,867.0207768089916,1318.5024246433488,2702.862597275468,778.9953634294785,1908.8032900467629,3313.1700199415027,0.05999999999994543,sp,K
DCB_se2_ag1_f_01_1,21444,EY1,8175,okay,631.338975303119,2232.736904349618,2820.889021743943,784.4164017655814,2049.213019516167,2769.974443152033,702.5396349441932,2361.0623905606203,2467.2110337850218,0.08999999999969077,K,AY1
DCB_se2_ag1_f_01_1,21445,AY1,8176,i,908.3553831897548,1906.685016391153,2814.027446053957,923.9136956651759,1929.4740799592096,2518.2877687876967,804.8107243115545,2061.678134261578,2801.55770024146,0.08000000000038199,EY1,spn
DCB_se2_ag1_f_01_1,21448,EY1,8178,say,439.5276364689171,2391.966707991755,2693.457483268326,615.0109437687879,2299.8472399953407,2408.2302896286906,483.8959401248612,2438.110344605031,2759.03098184697,0.12000000000034561,S,DH
DCB_se2_ag1_f_01_1,21450,AE1,8179,that,628.5270206716713,2126.514745024241,2552.57471440984,638.9578515114312,2224.4030988931286,2927.0311782609538,638.9578515114312,2224.4030988931286,2927.0311782609538,0.03000000000020009,DH,T
DCB_se2_ag1_f_01_1,21454,EH1,8181,yes,727.4914319709316,1934.7622307664037,2664.106842732475,741.3671327671962,1908.7653331927784,2748.4084735500337,483.6170363758884,2181.4124786605676,2634.0613082879445,0.13999999999987267,Y,S
DCB_se2_ag1_f_01_1,21458,AY1,8183,i,696.4292059174262,2255.8855479527974,2718.0043042340753,774.3041806780049,2235.80310612224,2681.5141897181084,705.0605516849761,2510.1020829722106,2732.1831641977433,0.12000000000034561,sil,Y
DCB_se2_ag1_f_01_1,21460,UW1,8184,use,602.2911247817401,1814.1025032552805,2627.2696825803164,660.602044916158,1873.8732663954543,2685.9071210055376,570.9480983517053,2158.4269452390877,2565.6370919042274,0.15000000000009095,Y,Z
DCB_se2_ag1_f_01_1,21463,IH1,8185,his,514.0284351985665,2051.884348096937,2884.1595482846346,588.2496069646496,2155.2067063376307,2893.1480084480336,587.0611629469794,2153.895862887894,2907.1999463745187,0.06999999999970896,HH,Z
DCB_se2_ag1_f_01_1,21466,IH1,8186,his,516.1483262594485,2003.3129657998927,2855.4364155984763,594.4731085696789,1827.2927711556727,2834.955096585309,505.9027209364667,2253.4762943848777,2921.865787284506,0.06999999999970896,HH,Z
DCB_se2_ag1_f_01_1,21470,AE1,8187,granddad-,741.4936638754946,2005.9196305057594,2522.737705676344,769.5327576051903,2080.4363303482723,2742.627867372001,720.3717933146514,2130.6248259559675,2749.0630786275274,0.10999999999967258,R,N
DCB_se2_ag1_f_01_1,21474,AE2,8187,granddad-,580.1995730010887,1906.2897295246673,2369.901874531464,594.9369892569822,2246.7413065227984,3051.9772737150333,551.900141768801,2336.55489345032,2975.72829563411,0.19000000000005457,D,D
DCB_se2_ag1_f_01_1,21477,IH1,8188,his,606.9054867880232,2110.455980352976,2944.4450772511136,628.8317889472148,2155.0536485167213,2902.6390978254585,608.6736933759363,2189.4635295238427,3102.8720501073735,0.05999999999994543,HH,Z
DCB_se2_ag1_f_01_1,21481,AE1,8189,grandfather,655.9803293722646,1795.5247639961904,2072.210778737194,658.2955164633498,1866.2585153009709,2052.5580928378586,626.0052119262515,2030.4299419194465,2066.039145881886,0.07999999999992724,R,N
DCB_se2_ag1_f_01_1,21484,AA2,8189,grandfather,803.997818852378,1461.3808649065559,2938.7701376873856,831.0770834583969,1396.2786001372153,2875.1316309200242,678.1725126239722,1714.7557443964702,2989.986388194664,0.09999999999990905,F,DH
DCB_se2_ag1_f_01_1,21486,ER0,8189,grandfather,524.1853576294754,1921.5453843359758,2874.2420231607166,584.5147936814845,1921.9820579507577,2595.9622764561223,525.1727405096656,1920.7368162118871,2873.4445030417473,0.04000000000041837,DH,Z
DCB_se2_ag1_f_01_1,21488,AE1,8191,address,732.8765860994681,2051.2779274610407,2551.0834556815726,738.0271006685584,2036.8817743756815,2606.4897771064984,654.3697492057825,2064.9660829070053,2775.310660266149,0.10999999999967258,Z,D
DCB_se2_ag1_f_01_1,21491,EH2,8191,address,738.3435316938783,1944.0435042280224,2612.6460388271275,776.9570282281027,1980.5218191082058,2641.6795534872563,731.7452159690802,2013.2090227735684,2760.5734346276463,0.11000000000012733,R,S
DCB_se2_ag1_f_01_1,21497,AH1,8193,one,616.5798403267537,1111.0792127499667,3346.307300438265,643.3337662585476,957.967326581869,1951.7002193461042,591.3572587439171,1130.8639352830312,3232.333099400382,0.0500000000001819,W,N
DCB_se2_ag1_f_01_1,21500,AH1,8194,one,605.6839290171986,1045.7137063809678,3214.408813969365,638.7698662352525,1021.0259033924252,3245.1380167724737,609.8814230013826,1048.7038851830864,3205.950559196794,0.03999999999996362,W,N
DCB_se2_ag1_f_01_1,21504,AO1,8196,four,558.7693231880179,897.1588240842549,3047.8538559924386,639.0651738673085,937.0217932707312,2977.217584337295,584.614553369154,990.2972084376004,3215.2517978120745,0.08999999999969077,F,R
DCB_se2_ag1_f_01_1,21510,IH0,8201,it,951.4011225870765,1864.5615949330888,2279.357237301657,961.6072716377611,1884.6814317103651,2240.202366904776,534.6428403891392,1920.508237340931,2544.3110077761617,0.05999999999994543,,T
DCB_se2_ag1_f_01_1,21513,AH1,8203,up,660.6407801834436,1836.5814521717698,2690.7298193152787,664.8254940813418,1781.8634820463797,2633.2044732752147,631.5245192692921,1885.4223026201514,2811.2232624458056,0.09000000000014552,Z,P
DCB_se2_ag1_f_01_1,21516,AH0,8204,the,451.788610629737,1950.3438633034493,2793.7702705809943,609.8244988691172,1980.97912446496,2874.522799842944,530.5950994979742,2058.551387627191,3123.9494934238605,0.03000000000020009,DH,S
DCB_se2_ag1_f_01_1,21520,IY1,8205,street,493.29733747090177,2032.4871691828905,2615.360638770283,538.4112362313864,2617.71655339839,2795.7598821102374,506.9762326072779,2623.3292178527363,2869.6871738509894,0.08999999999969077,R,T
DCB_se2_ag1_f_01_1,21524,AH1,8207,yup,538.073160417511,2024.93610856016,2819.475857548785,583.1986406938724,2121.269715375718,2914.3594629800355,574.8195101447571,2197.276966147608,2633.6378610022693,0.07999999999992724,Y,P
DCB_se2_ag1_f_01_1,21529,AH1,8209,what,628.9358625798601,1203.9099758896448,2544.722772543162,682.4595158789106,1603.6992031613215,2556.321128182432,682.4595158789106,1603.6992031613215,2556.321128182432,0.03999999999996362,W,T
DCB_se2_ag1_f_01_1,21533,AE1,8211,and,659.0975389730306,1914.237685125963,2566.9120614621047,988.1534588391239,1969.325668842503,2908.7944888713646,890.2383110563005,2039.7742550327234,2833.6146028739045,0.13999999999987267,,N
DCB_se2_ag1_f_01_1,21537,UW1,8213,you,679.9274171726493,1867.3792983072333,3115.558041486806,684.1451536657147,1873.3407668524544,3152.0242774391795,674.3132429377278,1910.6522948901077,3132.0469847369786,0.03000000000020009,Y,S
DCB_se2_ag1_f_01_1,21539,EH1,8214,said,722.2021529604987,1939.3879797800803,3102.8029910039377,748.5541645838578,2103.3978006004977,2585.7250715612136,748.5541645838578,2103.3978006004977,2585.7250715612136,0.03000000000020009,S,D
DCB_se2_ag1_f_01_1,21542,EH1,8215,let,752.5612074307955,1716.5042149788796,2607.0419506164794,786.7345654996544,1936.4993263419597,3036.352281858959,756.2990550286912,2226.331134249513,2728.529233931284,0.02999999999974534,L,T
DCB_se2_ag1_f_01_1,21545,IY1,8216,me,537.900480399971,2516.2919973417793,2532.552976117981,638.113339896653,2171.1902412861946,2579.172865065823,541.85760423297,2507.9062598335477,2537.4875985123354,0.07999999999992724,M,D
DCB_se2_ag1_f_01_1,21547,AH1,8217,w,520.9725088062548,1770.3204482880917,2740.101022370577,587.8506228525565,1804.5731380106668,2817.179720531825,587.6545559790751,1817.6163868113065,2819.3070486367737,0.04999999999972715,D,B
DCB_se2_ag1_f_01_1,21549,AH0,8217,w,715.1235407240911,1755.790253214548,2895.89850686417,741.984825715879,1708.61938313065,2926.4758364327886,590.6882023780165,1844.175169800873,3044.7106364767665,0.11999999999989086,B,L
DCB_se2_ag1_f_01_1,21552,UW0,8217,w,673.3999729313892,1572.8669961545831,2529.3176708346273,675.005555156467,1580.527203612447,2556.1482525401475,674.5692395247331,1582.7902147251743,2588.4547751856953,0.03000000000020009,Y,N
DCB_se2_ag1_f_01_1,21554,OW1,8218,no,919.3639430801038,1601.1998117470089,2574.2364196631643,922.637153771892,1601.8666092146093,2566.906079548564,907.1894454144707,1813.526663170908,2926.823344380982,0.09999999999990905,N,IH1
DCB_se2_ag1_f_01_1,21555,IH1,8219,it,579.9076711077411,2002.1777302687833,3089.7982781376354,699.7572853074529,2053.6758904967323,3179.194030573874,619.7964136659397,2060.4191772428912,3211.06887675521,0.07000000000016371,OW1,T
DCB_se2_ag1_f_01_1,21557,EH1,8220,s,790.4396219198222,1760.3524842020565,2438.3305459317767,810.8533839157406,1745.2051891831559,2613.1246366310565,711.4227671180673,1831.9118211366035,2374.040048868886,0.03000000000020009,T,S
DCB_se2_ag1_f_01_1,21560,IH1,8221,six,679.2709327876989,2064.742982132975,2834.917985525751,733.9603871507312,1972.2362830571278,2693.619993485328,694.0114477418288,2192.0476026103865,2883.061752644172,0.05999999999994543,S,K
DCB_se2_ag1_f_01_1,21564,AH1,8222,months,784.1379386601701,1567.3152914172706,3590.8130653663407,900.2803628075701,1570.8514031981938,3245.6189239206765,821.5204029367904,1584.497267034651,2634.5723933286677,0.10999999999967258,M,N
DCB_se2_ag1_f_01_1,21572,IH1,8226,it,684.8986918913483,2260.9450941673977,3128.777410148825,715.4140430414922,1801.2510100751824,3031.6575295501157,672.6384731716955,2255.6291691896054,3117.5658953910656,0.03999999999996362,sil,T
DCB_se2_ag1_f_01_1,21575,OW1,8228,only,597.3067580419338,1419.992427855039,2963.274734732579,651.3911081243507,1487.460639818825,2944.1655726114623,640.9922709806652,1534.126989666683,2951.3095925350417,0.03999999999996362,Z,N
DCB_se2_ag1_f_01_1,21578,IY0,8228,only,553.4014643092448,2062.6594029736693,3164.344420072709,553.2325855000954,2068.6373673087614,3159.5943412837505,547.1822529873763,2136.7354660159567,3074.19654859956,0.0500000000001819,L,S
DCB_se2_ag1_f_01_1,21580,IH1,8229,six,614.080624164653,2057.260493767376,2976.2144430965122,626.0883136329294,2059.745927752832,2960.8153175737298,594.0299904703188,2056.8165256175366,2957.5858870667266,0.03000000000020009,S,K
DCB_se2_ag1_f_01_1,21584,AH1,8230,months,861.2081665010309,1413.8205646919628,2612.3242173060935,861.2395931353997,1421.7499557609733,2593.413502975927,810.6142281990382,1459.8125032194532,2348.3906551372484,0.03999999999996362,M,N
DCB_se2_ag1_f_01_1,21589,UW1,8231,you,585.0873789839209,1796.9778800703377,2940.08585018883,585.6475706559944,1804.652009798657,2956.6870086974955,560.3546581622705,2367.193346638222,2964.948004982267,0.09999999999990905,Y,HH
DCB_se2_ag1_f_01_1,21591,AE1,8232,have,790.0016580167152,1890.6432260119846,2734.3054566163805,793.7648175283583,1884.9518363892698,2722.641523995959,791.2877736093292,1892.2852669614058,2724.613078247719,0.03999999999996362,HH,V
DCB_se2_ag1_f_01_1,21594,IH0,8233,to,488.4473830700195,2000.0516222443152,2972.465022220708,520.9491336095514,1883.6093304352717,2990.6150530483546,484.73865087863857,2006.2644106817727,2974.6336890458183,0.0500000000001819,T,D
DCB_se2_ag1_f_01_1,21596,UW1,8234,do,544.9092543071818,2137.664661870873,2964.5387157402297,568.512288677074,2268.165448105028,2901.1228116996244,568.512288677074,2268.165448105028,2901.1228116996244,0.05999999999994543,D,Y
DCB_se2_ag1_f_01_1,21598,UW1,8235,you,543.3890039033203,2125.941327745244,3041.9902524865047,581.2555554620915,2655.432477335285,2944.100539060511,578.7756602729852,2760.0329624162064,2907.787050744533,0.06000000000040018,Y,HH
DCB_se2_ag1_f_01_1,21600,AE1,8236,have,851.9554715366332,1850.6803800841665,2536.106957229206,865.9764402476769,1880.5510244576856,2675.4031895737603,863.794842640625,1888.1749485066575,2789.435043424754,0.03999999999996362,HH,V
DCB_se2_ag1_f_01_1,21603,AH0,8237,to,446.96870212467564,2011.034392860671,3014.662340810041,558.5303262217403,1962.386840408423,3030.0238818743196,449.51057817301034,2016.0489597247056,3018.85648170204,0.07999999999992724,T,T
DCB_se2_ag1_f_01_1,21605,IY1,8238,t,681.9550309688294,1833.4472462863564,2535.0212050193995,696.3748463838766,1676.84123061298,2551.064787759282,680.9589327325245,1848.1961411011202,2542.200758528249,0.03000000000020009,T,sp
DCB_se2_ag1_f_01_1,21608,EH1,8240,well,573.2778880607473,1532.748032072604,2858.9010021906042,614.2070980414293,1655.1027177542992,2896.607026684774,576.8252912711744,1663.6449746060775,2874.8677152056507,0.03999999999996362,W,L
DCB_se2_ag1_f_01_1,21611,UH1,8241,your,447.24619938481675,2184.1542461495237,2711.8559021110323,469.12726873936015,2373.407835806846,2793.8760804570707,469.12726873936015,2373.407835806846,2793.8760804570707,0.03000000000020009,Y,R
DCB_se2_ag1_f_01_1,21614,EH1,8242,parents,728.8892726938018,1204.8936903423096,2017.46263027155,767.7181621517944,1551.1334319305108,1904.2877796895136,669.6036530486932,1653.2537592640097,2138.595017926952,0.03999999999996362,P,R
DCB_se2_ag1_f_01_1,21616,AH0,8242,parents,735.5517693772628,1794.972854229595,2132.473620515874,744.8117150209321,1743.0316647493014,2089.083585902613,736.5740727684959,1795.2393028237948,2125.3220724939333,0.03000000000020009,R,N
DCB_se2_ag1_f_01_1,21621,AE1,8243,have,821.7954144279674,1724.8208994709896,2395.1804804346607,831.9529463066085,1724.3968912634202,2401.2795936696066,780.7393940420671,1836.843500588138,2294.3532825364005,0.02999999999974534,HH,V
DCB_se2_ag1_f_01_1,21624,AH0,8244,to,464.0677300391324,1877.8157312098458,2735.307399222094,568.0963425849602,1871.1003602178482,2754.550306875481,470.6422047668724,1919.547943748868,2775.33208030402,0.0500000000001819,T,T
DCB_se2_ag1_f_01_1,21627,EY1,8245,train,621.3451143972726,2060.1294667283682,2901.9911488866123,726.6691100814395,1956.4407011795956,2767.280386703586,636.234882937267,2174.070459465743,2703.99796906058,0.13000000000010914,R,N
DCB_se2_ag1_f_01_1,21631,UW1,8247,you,423.88284145216033,1870.9813085372798,2649.811866178946,500.7662252595625,2512.720717250964,2751.3700656443057,500.7662252595625,2512.720717250964,2751.3700656443057,0.09000000000014552,Y,L
DCB_se2_ag1_f_01_1,21633,AY1,8248,like,780.6800137161215,1710.313922886795,2311.423890447288,807.3742643041853,1760.8735647908618,2477.110927555784,670.6746640563299,1907.214259983693,2753.0175151923913,0.05999999999994543,L,K
DCB_se2_ag1_f_01_1,21637,AY1,8249,driving,925.6332527236945,1875.6864491593444,2374.7429803750165,927.6484081197891,1877.3473709296757,2485.979035645264,927.5437885618501,1877.2611418965598,2480.2040631782206,0.11000000000012733,R,V
DCB_se2_ag1_f_01_1,21639,IH0,8249,driving,619.7014478830143,1863.9951867609564,2203.771645991089,629.5609903055076,1745.9888890488778,1806.1730740367736,601.0026280624348,1912.621050152845,2967.425475250113,0.03999999999996362,V,NG
DCB_se2_ag1_f_01_1,21641,AH0,8250,and,540.9030043318504,1999.1446501247747,3136.846065809563,550.2593060029343,2022.4906434112413,2602.2495295019307,548.8772042597586,2042.6170038241548,3167.699477453354,0.03999999999996362,NG,N
DCB_se2_ag1_f_01_1,21645,AH1,8251,stuff,707.272849982247,1853.6308703657908,3186.9625136063028,735.6253712853281,1680.5785737659055,2923.089786741435,660.6624473299604,1948.1316071571828,3213.9585742544473,0.07999999999992724,T,F
DCB_se2_ag1_f_01_1,21649,ER0,8253,for,607.5183731232573,1431.4592527747309,2953.310660330293,608.0675807493977,1433.0682080449687,2944.536604181061,477.711380483691,1575.5560042254265,2793.008315033156,0.11000000000012733,F,S
DCB_se2_ag1_f_01_1,21651,IH1,8254,six,516.5389324557091,2123.4306426338544,2954.394788573304,599.3567874681858,2095.0445790171834,2896.5356608440807,496.3256486838237,2132.406641250604,2883.0721386394066,0.05999999999994543,S,K
DCB_se2_ag1_f_01_1,21655,AH1,8255,months,680.1459115106798,1262.1879871741216,1632.004682154743,727.2051946447151,1071.0768414296272,1584.079586709809,646.5534354732772,1517.5483501123297,1983.1436607012408,0.11999999999989086,M,N
DCB_se2_ag1_f_01_1,21661,AE1,8257,and,558.9378931600445,1439.1610056712177,2407.2835893699876,650.4488377589835,2442.0558154867563,3289.8299202843004,616.9474395357414,2419.6848878745623,3464.363744648219,0.16000000000030923,sil,N
DCB_se2_ag1_f_01_1,21664,EH1,8258,then,647.166295625159,2205.503982176991,2410.3488037708253,649.1882386961965,2285.079891772815,2463.3486673762773,633.3223296478427,2392.4134088702776,2567.190171593906,0.17000000000007276,DH,N
DCB_se2_ag1_f_01_1,21667,UW1,8259,you,512.7996448758311,1673.1817580098768,2695.8488513032257,532.2797256707272,1942.588705338205,2780.0084203886963,513.3570487085688,2049.6600527459955,2786.647234147066,0.07000000000016371,Y,K
DCB_se2_ag1_f_01_1,21669,AH0,8260,can,570.8520745332269,2128.9863100016373,2709.3702622545147,672.5674918722295,2158.445861055975,2472.901632784261,526.3078730035138,2189.482070730686,2719.740209657904,0.03999999999996362,K,N
DCB_se2_ag1_f_01_1,21673,OW1,8262,go,630.2544768192188,1271.1335573151505,2943.049592940846,685.5495858075701,1412.0583829186028,3028.4609929126605,669.6569483156859,1560.3885979079544,2943.458199763267,0.11999999999989086,G,G
DCB_se2_ag1_f_01_1,21675,IH1,8263,get,498.96738660605206,2238.8403615975353,2748.2329692070225,507.78686285410095,2225.7180948950986,2805.722714738207,471.40657792347383,2272.83200738085,2873.8781220791816,0.03999999999996362,G,T
DCB_se2_ag1_f_01_1,21678,UH1,8264,your,563.7477139442789,1571.2971421209322,2830.3196308871707,642.2728916508457,1917.7216877833969,3018.7044245603633,642.2728916508457,1917.7216877833969,3018.7044245603633,0.03000000000020009,Y,R
DCB_se2_ag1_f_01_1,21682,AH0,8265,provisionals,572.9977606581426,1418.3080998536361,2481.6915300902747,592.9545680058719,1410.2079927470986,2610.852775492732,590.6099356266024,1429.4166656502832,2611.0006893209747,0.03000000000020009,R,V
DCB_se2_ag1_f_01_1,21684,IH1,8265,provisionals,495.0313344114852,1983.3650082660995,2237.854826434183,519.0572239036333,2147.047213082792,2380.3588610865154,496.6381435121814,2202.2279805090975,2405.9576116039802,0.07999999999992724,V,ZH
DCB_se2_ag1_f_01_1,21686,AH0,8265,provisionals,535.1368678235347,1902.5154798406013,3767.813758410752,537.1197136687819,2017.8326504825625,3843.2930144325055,455.8729857860037,2134.363195581498,3710.314707556957,0.04999999999972715,ZH,N
DCB_se2_ag1_f_01_1,21688,AH0,8265,provisionals,491.3481594505016,1689.4584875042106,2837.1245526403545,497.4728235955616,1462.4684666224157,2646.707104504497,479.86572580292057,1709.8965870990207,2913.372518853974,0.03000000000020009,N,L
DCB_se2_ag1_f_01_1,21693,AH1,8267,uh,772.5654499642147,1579.6485629720662,3608.192817434966,1028.553613843451,1590.9376393551076,3488.0032255912083,678.726545143919,1661.1705398345723,3004.5041860510146,0.19000000000005457,sil,AH1
DCB_se2_ag1_f_01_1,21694,AH1,8268,uh,696.4953218313059,1623.6338483284137,2154.084361179277,747.9453926007354,1741.1435474773903,1886.1983460680017,755.5643238261271,1771.9386007455635,1818.953037497619,0.05999999999994543,AH1,sp
DCB_se2_ag1_f_01_1,21696,AY1,8270,i'm,908.1226095833986,1449.4972660482779,2550.9024712884416,937.5321940877435,1909.6815745994404,3137.7976761205105,937.5321940877435,1909.6815745994404,3137.7976761205105,0.0500000000001819,sp,M
DCB_se2_ag1_f_01_1,21699,OW1,8272,oh,586.8478186888499,1661.0872602332531,2004.9687177651372,937.9989218215887,1248.0469418117736,1818.45896952796,784.3526629431742,1919.2439309809597,2983.3777420387983,0.30999999999994543,sp,AY1
DCB_se2_ag1_f_01_1,21700,AY1,8273,i,927.6925653147462,1742.4230136212839,2710.276071815895,1036.5153719080693,1694.043866894883,2605.9808476335693,914.6769230191504,1809.3763385427176,2814.764641914048,0.12000000000034561,OW1,D
DCB_se2_ag1_f_01_1,21702,OW1,8274,don't,642.3390375336692,1273.5588240694058,2269.554294166913,709.8713932026627,1589.2189321337112,2154.5177570573574,708.0450813988639,1584.3193802527285,2194.8823595942554,0.10999999999967258,D,N
DCB_se2_ag1_f_01_1,21705,AY1,8276,i,940.7753285011413,1769.384168632883,2584.4700488978706,1000.8616348282192,1710.4591783197977,2589.715575025352,923.9917184043411,1777.527506248906,2581.5178915974075,0.15999999999985448,sp,D
DCB_se2_ag1_f_01_1,21707,OW1,8277,don't,777.1492277466458,1690.1638065195714,2074.7446969056846,838.6810136433714,1549.842814383525,2782.233942328842,783.8687068992539,1688.6532658201527,2170.475781214066,0.05999999999994543,D,N
DCB_se2_ag1_f_01_1,21711,OW1,8279,know,616.4263329171465,1493.7838686532787,3175.6482702921935,672.3456090752879,1226.5545127197877,3208.414575769066,584.7221799515829,1599.0012077998617,3295.6230449465893,0.11999999999989086,N,sp
DCB_se2_ag1_f_01_1,21718,AY1,8283,i,1043.6986867551673,1734.6685933887109,2458.8362291735493,1168.1623571624768,1818.716788064561,2709.7657850830974,1172.2436497042054,1830.8992288369639,2742.959242717022,0.22999999999956344,,D
DCB_se2_ag1_f_01_1,21720,OW1,8284,don't,842.090020983869,1317.412556446303,2456.216671372151,854.9522692236843,1477.0421598948649,2459.0025192248722,805.7222583167356,1543.8810053037255,2563.5565976739053,0.03000000000020009,D,N
DCB_se2_ag1_f_01_1,21723,IH1,8285,think,624.6065847943678,2013.8827520011007,2924.4564151045497,819.6999072168011,1464.5951484272005,2474.072030867752,611.2114121507966,2210.032204817953,3050.4145887323425,0.04999999999972715,TH,NG
DCB_se2_ag1_f_01_1,21726,IH0,8286,it,518.5134132071609,2066.9164334026377,2777.5692180071114,558.0446196991885,1821.0177759741234,2838.22043962038,490.9326415568626,2144.207157208731,2910.331265053364,0.03999999999996362,K,T
DCB_se2_ag1_f_01_1,21730,AH0,8288,the,496.7925915010171,1828.3158822103996,2902.746748646042,570.6675028486379,1878.7527187795408,3424.2282828372004,492.5782573769777,1942.5743767712,3259.4503168207248,0.07999999999992724,DH,S
DCB_se2_ag1_f_01_1,21732,EY1,8289,same,726.9962700268997,2137.0272067727724,3260.084972214037,806.5667563097185,2002.0654503039807,2030.917773770051,706.6781911009858,2229.5304497388156,3253.854690129702,0.11000000000012733,S,M
DCB_se2_ag1_f_01_1,21735,AW1,8290,now,717.4948795836841,1985.1440230759424,1998.2609329445106,746.4321761455165,1690.5543886915343,1877.5918878739594,737.5884305739509,2251.5177141064696,3320.139640066222,0.1299999999996544,N,DH
DCB_se2_ag1_f_01_1,21737,AE1,8291,that,683.075624718837,1958.1369019455974,3034.954735992369,700.5380505445128,1877.237211285171,3049.849501718655,685.4578805031974,1964.6692271904942,3023.4414981703567,0.03999999999996362,DH,T
DCB_se2_ag1_f_01_1,21741,AY1,8293,why,829.3400710941634,1689.0333934100995,2802.9859231748833,832.8723625517644,1676.7879965317184,2778.3842416708226,825.4361421894523,1692.2303736353858,2783.984309281377,0.08000000000038199,W,W
DCB_se2_ag1_f_01_1,21743,IY1,8294,we,490.89415060632217,1739.0943016337962,2639.0447656603683,942.3187965879742,2178.12791589043,3512.648887758521,942.3187965879742,2178.12791589043,3512.648887758521,0.04999999999972715,W,T
DCB_se2_ag1_f_01_1,21746,AY1,8295,trying,731.974152698567,1652.5056256333223,2605.7215782783687,765.8659132334066,1699.2690468478404,2189.407956788833,766.2284187539142,1700.980371326407,2071.722696161819,0.02999999999974534,R,NG
DCB_se2_ag1_f_01_1,21749,AH0,8296,to,520.9104644818947,1570.3235658323028,2325.259677876397,628.2964965360184,1683.9989399733856,2696.2798256219653,621.6095090069998,1722.508684160701,2960.7845435095737,0.03999999999996362,T,P
DCB_se2_ag1_f_01_1,21751,UH1,8297,put,583.1117883716719,1157.303750959905,2951.745378424928,594.9745714022396,1169.0024138227475,3057.0054455998666,594.4744652663042,1633.1876535640788,2679.879799705216,0.0500000000001819,P,T
DCB_se2_ag1_f_01_1,21754,IY1,8298,me,516.7496611413189,1729.5370852608178,2639.749532009843,636.8227923212153,2249.5585018466622,2725.7505519289166,595.2911981330684,2408.4270047058635,3054.3232451444255,0.04999999999972715,M,AO1
DCB_se2_ag1_f_01_1,21755,AO1,8299,on,656.5015470712119,1339.829812005347,2803.8547089633335,661.047189728824,1232.650574155254,2498.437257299741,636.8227923212153,2249.5585018466622,2725.7505519289166,0.03999999999996362,IY1,N
DCB_se2_ag1_f_01_1,21758,AY1,8300,my,786.9855058549163,1461.538181888994,2299.068122504297,784.6827369674019,1459.3326458319682,2299.568756876093,691.0755844340571,1584.7625895892802,2386.6756279204815,0.05999999999994543,M,G
DCB_se2_ag1_f_01_1,21761,AE1,8301,grandparent,590.913779789742,1870.6031625226196,2312.7147545226594,746.0498246552123,1720.8352786580167,2134.65160755811,626.9691244678806,1973.4635048713033,2226.0823183661455,0.03999999999996362,R,N
DCB_se2_ag1_f_01_1,21765,EH2,8301,grandparent,622.6568652331086,1638.8860555189895,1915.2110678975444,627.4865099052186,1696.7434157313137,1954.9457054236047,612.5630742851127,1812.6560370775746,1815.0042997635596,0.0500000000001819,P,R
DCB_se2_ag1_f_01_1,21767,AH0,8301,grandparent,560.4954371772784,1661.184234310125,2890.9386376485245,574.0014063326181,1683.7288983275814,2223.4676173994826,561.1219739723371,1779.7054041731608,1901.2011926135765,0.02999999999974534,R,N
DCB_se2_ag1_f_01_1,21771,IH0,8303,insurance,551.2151448750666,1526.9667620848281,1963.460304204375,573.5439324606743,769.8435981462369,2037.464753168649,541.4353754434446,1850.312511677982,3011.285442135454,0.03999999999996362,S,N
DCB_se2_ag1_f_01_1,21774,UH1,8303,insurance,582.2398014047587,1728.9831311886774,2115.3329341857448,596.39855340463,1566.7905938066294,1896.8680453684226,545.4227114459928,1819.4513259271635,2425.1270696512083,0.03999999999996362,SH,R
DCB_se2_ag1_f_01_1,21776,AH0,8303,insurance,601.061443507133,1580.1532655394221,1720.4201148596014,600.7140625195211,1556.1750076474002,1735.1618197044713,600.1888648831198,1609.5090437981498,1720.4547003195498,0.02999999999974534,R,N
DCB_se2_ag1_f_01_1,21781,AA1,8305,cause,643.2813518256349,1840.7391796987993,2537.7498388489466,673.4508361126991,1825.5028190240123,2208.2724823040026,588.5616494937823,1927.735692300545,2719.307550315782,0.05999999999994543,K,Z
DCB_se2_ag1_f_01_1,21783,IH0,8306,insurance,505.5241513453308,1932.1295934324664,2599.0940870702857,537.2854138121149,1968.9352179136317,2809.426349067831,531.7323294450637,2005.6347101684673,2743.6157457886256,0.03999999999996362,Z,N
DCB_se2_ag1_f_01_1,21786,UH1,8306,insurance,582.4316178072044,1613.318943675322,1914.480354719486,664.0653097591261,1934.3853799541616,2744.580589391377,664.0653097591261,1934.3853799541616,2744.580589391377,0.02999999999974534,SH,R
DCB_se2_ag1_f_01_1,21788,AH0,8306,insurance,676.9842095660108,1833.9454975961175,2383.5740816485877,707.2365922594606,2000.771521675483,2081.8801321630526,707.2365922594606,2000.771521675483,2081.8801321630526,0.03999999999996362,R,N
DCB_se2_ag1_f_01_1,21791,IH0,8307,is,503.10478559591184,1589.4133756194258,2475.8527898584193,628.5565962471908,1837.4108519050114,3010.0294293194315,628.5565962471908,1837.4108519050114,3010.0294293194315,0.05999999999994543,S,Z
DCB_se2_ag1_f_01_1,21793,IH0,8308,expensive,555.2256785878621,1934.7298927983256,2765.7247940930865,578.8225472189317,1860.4817990151303,2719.053077865978,550.655553265453,1935.0376908358244,2773.715587623038,0.08000000000038199,Z,K
DCB_se2_ag1_f_01_1,21797,EH1,8308,expensive,595.0555326599588,1869.5474101425866,2633.1403579747926,637.8116120614136,1810.5385774609429,2512.6145595942808,599.0688208088579,1935.127536345899,2396.6542880647994,0.08000000000038199,P,N
DCB_se2_ag1_f_01_1,21800,IH0,8308,expensive,617.7586252227526,1693.882853303954,2696.293831976117,684.5187864858766,1930.5480113866818,2885.579223642715,683.8943212623419,1930.5687332535356,2885.072137756533,0.07999999999992724,S,V
DCB_se2_ag1_f_01_1,21804,AO1,8310,for,731.2803799722392,1294.9376587466131,2957.592291723264,753.6895561270403,1925.0999059878545,2868.8295153539807,698.3709395529204,1798.341529908034,3052.203483679596,0.08000000000038199,F,R
DCB_se2_ag1_f_01_1,21806,AH0,8311,a,458.80429190677773,1496.7414371880259,2765.127991924513,640.0074893715448,1533.5893042558926,3081.5892151564212,623.0670286919908,1523.3232576441449,2918.5217928666825,0.05999999999994543,R,S
DCB_se2_ag1_f_01_1,21808,EH1,8312,seventeen,710.4407327098148,1834.7296181088884,2714.9000702645963,715.6295709867296,1833.4226527993271,2705.745840266764,640.1362619390569,1836.9539624300244,2744.277440675797,0.05999999999994543,S,V
DCB_se2_ag1_f_01_1,21810,AH0,8312,seventeen,629.2572533701914,1788.4199033852478,2656.564454230632,666.8559090735805,1683.337052378312,2590.0496493194514,612.0320097444275,1910.668287646087,2810.986917928742,0.03999999999996362,V,N
DCB_se2_ag1_f_01_1,21813,IY1,8312,seventeen,647.4335909339309,2065.1126641238898,2848.7157491582616,647.4214810912266,2045.085778668578,2841.6314601542504,620.3928591422685,2300.3850481516897,2950.009296364333,0.0500000000001819,T,N
DCB_se2_ag1_f_01_1,21816,IH1,8313,year,528.4847923792433,2363.087483568419,2698.789379218619,591.5155713642702,2409.1228527553094,2940.7655675544656,562.288917408986,2427.3709216862817,3120.687505870683,0.03999999999996362,Y,R
DCB_se2_ag1_f_01_1,21818,OW1,8314,old,626.6906273907395,1532.2382702233908,2489.814143427063,667.26092160585,1671.6593324616765,2443.6243402609034,623.2780156047112,1905.624101296442,2455.9948877694133,0.03999999999996362,R,L
DCB_se2_ag1_f_01_1,21824,AY1,8316,driver,714.7934334212184,1667.7895862086066,2508.2583849165076,1070.4743632640038,1793.031920576015,2099.532227402216,1068.213156802577,1836.6286829966516,1907.7137638116765,0.17000000000007276,R,V
DCB_se2_ag1_f_01_1,21826,ER0,8316,driver,650.487146070816,1770.0146284334114,2483.241311817343,683.9737153197636,1762.091348729199,2716.930365328505,573.6993595487137,1952.9956580994103,2665.861041836353,0.11000000000012733,V,sp
DCB_se2_ag1_f_01_1,21828,OW1,8318,oh,659.695918151268,1273.8340050677102,2478.3098816703073,681.5792600708185,1342.3846006425592,2647.7663956249876,637.9916089629263,1622.6728473546905,2832.6904836971967,0.18000000000029104,sp,F
DCB_se2_ag1_f_01_1,21830,AO1,8319,for,565.8139816880673,1073.5236815395242,2102.3850549363888,571.6844582017917,1163.6775423150063,2316.653258670409,565.4789350078169,1194.6973046949,2320.305444507275,0.03999999999996362,F,R
DCB_se2_ag1_f_01_1,21833,IY1,8320,real,574.5135185357126,1489.9943779212074,2280.7966643804702,589.26590409209,1461.420929702665,2162.7256626491794,582.4442484079361,1503.8520375691785,2277.848557970052,0.03999999999996362,R,L
DCB_se2_ag1_f_01_1,21838,AE1,8322,that,832.4823315470668,2082.1170665504037,2574.3175198133376,951.4255401079811,1797.4986078452596,2165.6634578713206,825.7203951176855,2085.181553256146,2485.2129270377663,0.05999999999994543,DH,T
DCB_se2_ag1_f_01_1,21843,OW1,8326,oh,665.2394370222968,1302.3710426894695,2872.394847123996,824.7216974952544,1793.7820749230084,2040.8293884268364,796.5298128354995,1897.2366040166605,2001.6771649804575,0.36999999999989086,,sp
DCB_se2_ag1_f_01_1,21846,AE1,8328,yeah,609.0786773440915,2067.4896321543965,2965.072256367974,620.0888521668649,2201.9971532844597,2965.444999402025,617.7401508519399,2282.645932693547,2959.077428226662,0.06000000000040018,Y,DH
DCB_se2_ag1_f_01_1,21848,AE1,8329,that,716.613875197804,1977.6332169432942,2864.959171131115,723.3183928430964,1951.804505521944,3095.152496476586,716.8607994473731,1978.166887696296,2860.2102755217747,0.03999999999996362,DH,T
DCB_se2_ag1_f_01_1,21851,EY1,8330,makes,605.60385074133,2372.2212344953496,2900.6297272454467,638.8127542041018,1974.7718227375985,2952.447396709666,587.2331462013707,2465.3380841573867,2942.9323381072427,0.07000000000016371,M,K
DCB_se2_ag1_f_01_1,21855,EH1,8331,sense,589.6377100001624,1803.9217756774003,2096.929060733536,618.4712792595818,1683.5220113374637,2333.5210602629745,599.4881680338525,1896.5323016531795,2936.3205355268465,0.1000000000003638,S,N
DCB_se2_ag1_f_01_1,21860,OW1,8333,oh,823.8897652291926,1532.730942815797,2510.6273187965508,1056.6722466197657,1533.4983211060542,2562.0653388365854,773.382615497454,1710.5123667448697,2271.958469742684,0.13000000000010914,,sp
DCB_se2_ag1_f_01_1,21863,AW1,8335,wow,747.5145985020924,1623.937137477954,3004.7316010768327,835.2410487292749,1691.8681273788873,3026.410057886737,605.2979896837194,2074.7959899623834,2233.8403332089088,0.42000000000007276,W,sp
DCB_se2_ag1_f_01_1,21865,AO2,8337,alright,780.8223824015217,1554.4056729230585,2811.417554262692,808.1857114020472,1340.681649716873,2915.4109659683163,770.0431868470552,1644.0683907804105,2706.1489201970076,0.19000000000005457,sp,L
DCB_se2_ag1_f_01_1,21868,AY1,8337,alright,678.4230506445508,1677.4094046570299,3103.4165481357645,682.775968427208,1672.9223046843615,3076.7449257032076,636.325596162041,1749.3279148774618,3115.710998764809,0.04999999999972715,R,T
DCB_se2_ag1_f_01_1,21872,AY1,8339,right,656.1709348265239,1584.7426424942862,2181.2012824697717,757.6572079975283,1414.4800735596484,1820.7444249881737,649.611962124187,2156.005106737052,2652.061572991572,0.07999999999992724,R,T
DCB_se2_ag1_f_01_1,21879,AE1,8343,yeah,727.2307016021027,1872.2503607433841,2981.3769998841826,794.5215508733744,1754.4062147229467,3332.170710822383,739.6815316200396,2152.5192531532807,2225.348688116644,0.2300000000000182,Y,
DCB_se2_ag1_f_01_1,21883,AH1,8347,uh-huh,700.4136464332528,1753.9778021587463,2010.457014516929,750.0293250409156,1337.5796546273914,2645.738346455053,712.9943688995633,1819.7081265067225,3284.196198921571,0.05999999999994543,sp,HH
DCB_se2_ag1_f_01_1,21885,AH1,8347,uh-huh,558.558179699319,1581.3985659828925,2259.8213803515,717.3137042980708,1275.9055642118838,1776.0405182323973,567.4220036598313,1676.055077413066,1790.761269973182,0.2699999999999818,HH,sp
DCB_se2_ag1_f_01_1,21888,AY1,8349,i,1024.5618165417463,1742.58734233434,2784.8257171835435,1037.7748837536676,1754.076827447565,2704.075539589663,983.4558531237942,2076.5343964683652,3313.3703120271866,0.15999999999985448,,W
DCB_se2_ag1_f_01_1,21890,AA1,8350,want,925.8412430725078,1490.0874048175115,3670.0326098658234,924.0874359869578,1487.626071188624,3668.7799142837753,883.4372915437868,1571.9982930737772,3632.7451199132224,0.07999999999992724,W,N
DCB_se2_ag1_f_01_1,21894,AH0,8352,a,740.9217000155026,1574.1328248043171,3299.2831323096416,848.5502887156533,1598.0774598990204,3359.4609575380705,833.6351602415313,1602.0017867810218,3372.43826600845,0.13999999999987267,sp,V
DCB_se2_ag1_f_01_1,21896,OW1,8353,volkswagen,617.4443701324201,1061.7964537615542,3380.4790110781014,636.2338661212724,1101.0863255997801,3192.954880025743,632.7334992363533,1125.061615872761,3125.8552656396705,0.0500000000001819,V,L
DCB_se2_ag1_f_01_1,21901,AE2,8353,volkswagen,631.3235535226187,2087.647346454679,3115.341842188737,657.99190336149,2306.92577583643,2779.898800113468,657.6263745139287,2305.6007450377683,2787.306599843694,0.09000000000014552,W,G
DCB_se2_ag1_f_01_1,21903,AH0,8353,volkswagen,527.3901311377734,860.0156907254402,2521.1967226755555,531.6332488879467,2270.403299121445,3496.6125617672733,528.7907752949726,2546.733911403081,3637.3333996664405,0.03000000000020009,G,N
DCB_se2_ag1_f_01_1,21906,IY1,8354,beetle,421.40188844884466,1938.0567466891478,3073.422655874767,421.90039750711594,1914.8474854204437,3080.066939827671,406.89602053399557,2619.7494705258487,3080.7097050354873,0.13000000000010914,B,T
DCB_se2_ag1_f_01_1,21908,AH0,8354,beetle,484.0928333083171,1791.818141636334,3153.5804137148925,519.0243821031958,1627.325390885221,3303.7875847606183,449.92316357856333,1927.5427492563085,2962.66623157713,0.04999999999972715,T,L
DCB_se2_ag1_f_01_1,21915,OW1,8358,no,671.338111607227,1292.0716683840171,3522.36008351482,819.6920543678061,1628.77098814565,3896.49092354697,745.2966003159037,1788.0560747323123,3562.065908817723,0.11999999999989086,N,B
DCB_se2_ag1_f_01_1,21917,AH1,8359,but,551.8885573152171,1444.9514230643083,3307.3349071181497,580.5737704921526,1323.4185830972062,3318.5892926321344,545.8496713269379,1537.302147960063,3260.443882322044,0.03000000000020009,B,T
DCB_se2_ag1_f_01_1,21920,IY1,8360,she,543.7437191591802,1708.7081099048,3003.1889769700438,649.7465837367066,2312.6158551078643,3205.711144226382,555.0725609554495,2535.3463134193826,3291.2090818387564,0.17000000000007276,SH,SH
DCB_se2_ag1_f_01_1,21922,IY1,8361,she,639.9717524903728,1977.3078015069354,3063.93561418384,640.6036453957842,1876.9840814664922,3059.181896185525,578.4472395231231,2627.255121566087,3381.1319478397063,0.07999999999992724,SH,W
DCB_se2_ag1_f_01_1,21924,ER1,8362,works,605.7053608362211,1565.1037411855484,2276.7585821245375,621.7158820989214,1532.3498348615392,2235.343474344572,543.2340679264803,1628.8407126709724,2239.8414325405306,0.06999999999970896,W,K
DCB_se2_ag1_f_01_1,21928,AO1,8363,for,676.0956426850628,1044.3406989062137,3260.180168343955,691.5991843423814,1166.871175296919,3260.0933006875384,691.5991843423814,1166.871175296919,3260.0933006875384,0.05999999999994543,F,R
DCB_se2_ag1_f_01_1,21930,AH1,8364,um,867.125874034844,1446.8428339406316,2681.8986302301123,903.7234879694371,1406.6921636250838,2671.618385234225,889.8149449876947,1493.0290044097655,2918.5445359302166,0.2699999999999818,R,M
DCB_se2_ag1_f_01_1,21934,IH0,8366,it,585.8571281162197,2036.6674452760112,3225.991322462627,607.9842033615428,2033.3142636196305,3310.5081923088223,575.4865609229611,2037.6596490329841,3186.368483163073,0.03999999999996362,sil,T
DCB_se2_ag1_f_01_1,21938,AY1,8368,like,600.3813914324426,2000.6553253110535,3187.1508629171963,603.3338600323967,2001.1105112632097,3266.287895778255,545.840031877955,2145.9502384435123,3159.296429246343,0.03999999999996362,L,K
DCB_se2_ag1_f_01_1,21941,IH1,8369,different,548.9430288359033,1962.7823461942774,2657.6278066197415,646.2199890175647,1659.0094895812795,2728.4762967302313,502.78536520143933,2278.835377377905,2926.759365828551,0.09000000000014552,D,F
DCB_se2_ag1_f_01_1,21944,AH0,8369,different,628.1251025386567,1986.0630555191815,2385.0899563494995,686.8601081579403,1642.6144649545365,2172.4727834874166,545.2731837265009,2190.7041811685904,2221.2404724173716,0.0500000000001819,R,N
DCB_se2_ag1_f_01_1,21948,OY2,8370,toyotas,523.5765246518783,1769.070694600824,3055.1633903015218,563.2201391958466,2154.085624007155,2854.56599339684,544.4769992902133,2662.4336213615925,3097.242231403117,0.11000000000012733,T,OW1
DCB_se2_ag1_f_01_1,21949,OW1,8370,toyotas,632.8335177057369,1256.4100306342227,3167.140569330588,636.2844021243479,1265.6746348890388,3170.1387010825865,544.4769992902133,2662.4336213615925,3097.242231403117,0.1799999999998363,OY2,T
DCB_se2_ag1_f_01_1,21951,AH0,8370,toyotas,486.55100753178664,1744.3971735639134,3563.200992939684,497.6228199188275,1578.1282288904042,3280.9710039115976,476.18670824688456,1828.9168167604678,3280.0278079081236,0.09000000000014552,T,Z
DCB_se2_ag1_f_01_1,21956,IH1,8372,different,581.4930705585726,1860.9367669105031,2578.146271658193,648.4842988415032,1452.572116378735,2403.71548163034,510.1069421869989,2185.123089445853,2909.304504215258,0.05999999999994543,D,F
DCB_se2_ag1_f_01_1,21959,AH0,8372,different,631.704914182627,1568.277692860096,1951.6707961125112,663.8926545409801,1494.6468025083766,1928.060769243782,629.8649825594061,1613.950556044672,1978.2982224685377,0.02999999999974534,R,N
DCB_se2_ag1_f_01_1,21965,IY1,8374,dealerships,475.8733372209146,2449.453997925372,3050.6809480340075,668.1049490997096,1632.875593397789,2910.83529837626,480.45353698256656,2682.546318678723,2950.5976183695425,0.10999999999967258,D,L
DCB_se2_ag1_f_01_1,21967,ER0,8374,dealerships,570.5376845244688,1546.1632251743665,3144.713941669701,656.3114688434271,1494.9380698051434,3149.537485641513,485.0436139008016,2011.437819817349,3114.4536936786453,0.07000000000016371,L,SH
DCB_se2_ag1_f_01_1,21969,IH2,8374,dealerships,559.6226786574276,2036.3642887207943,3030.0217146350196,578.1481922822854,2015.080296314316,3028.8861952227794,570.6575563030435,2111.3266634773167,3481.4316204511083,0.07000000000016371,SH,P
DCB_se2_ag1_f_01_1,21974,EY1,8376,they,504.3316298744909,2395.491451324038,3031.826457908925,644.8866060076896,2199.1463696462383,3255.444531301,528.5567577740798,2453.4766093185717,3197.440108296725,0.11000000000012733,DH,S
DCB_se2_ag1_f_01_1,21976,IY1,8377,c,564.5369119236245,2302.942608993945,3179.592368536346,603.7992960083748,2300.9883489703097,3161.3353550833604,523.2627542156957,2387.279169811472,3235.7057924810483,0.07000000000016371,S,sp
DCB_se2_ag1_f_01_1,21979,EY1,8379,they,478.8195653290857,1243.4005965867432,2655.8463409543856,610.6619855682442,2399.894378797809,3380.195268871619,528.710757925522,2807.7375126891156,3219.379841813665,0.07000000000016371,DH,HH
DCB_se2_ag1_f_01_1,21981,AE1,8380,have,767.7452949577125,1498.3228134123694,2152.404863952573,801.3191388551218,1830.320634880804,2231.4019123620124,798.8858072383474,2135.233977404599,2370.767357310036,0.07999999999992724,HH,V
DCB_se2_ag1_f_01_1,21984,AH1,8381,multiple,673.3407065395619,1154.0710023083602,3234.9073869982735,673.2700886855284,1151.0503675902405,3201.9015331000364,641.0290674982825,1227.9874738201354,2528.81071592987,0.03000000000020009,M,L
DCB_se2_ag1_f_01_1,21987,AH0,8381,multiple,412.2152507776195,1483.574664403967,2817.8061390931493,546.3915077759746,1594.0950564889934,3093.7628042008305,407.7246457221825,1754.8061980205432,3279.040461345235,0.0500000000001819,T,P
DCB_se2_ag1_f_01_1,21989,AH0,8381,multiple,444.12325987101326,1285.3883979711902,2706.145710697709,863.1408674136187,1712.4541015369844,2858.7815246089326,863.1408674136187,1712.4541015369844,2858.7815246089326,0.03999999999996362,P,L
DCB_se2_ag1_f_01_1,21993,IH1,8383,different,559.284353092743,1741.2892760097438,2689.94547227045,566.7918973044668,1570.3004873129482,2243.9931199037687,484.52698610831646,2168.015025322089,3389.7422013239266,0.07000000000016371,D,F
DCB_se2_ag1_f_01_1,21996,AH0,8383,different,684.436557016696,1414.7443432420635,2018.9842942912583,689.2109082933308,1460.7302998294267,1858.8893354375641,663.0146891693691,2042.3877046626992,3094.177031865564,0.02999999999974534,R,N
DCB_se2_ag1_f_01_1,22000,AY1,8384,types,746.8008319175865,1824.9079785617178,2677.2550493919907,811.9577717191373,1511.844049997262,1946.607111827409,607.2708313173579,2004.5186025593582,2879.0493329315723,0.05999999999994543,T,P
DCB_se2_ag1_f_01_1,22003,AH0,8385,of,600.0529735874178,1711.7839004230427,3052.521577113255,603.3388685656269,1712.6518726700288,3090.9966933160163,578.6931057824175,1726.2649160298552,3000.918953785827,0.03000000000020009,S,V
DCB_se2_ag1_f_01_1,22006,AA1,8386,cars,799.3436520037002,1261.0559798156366,2491.268438226769,840.6342214956265,1320.4736211206061,2531.4447769544245,764.6553399342525,1388.590165765872,2263.764321133354,0.13999999999987267,K,R
DCB_se2_ag1_f_01_1,22012,OW1,8388,so,585.316601459278,1786.5084291171634,3147.38772861821,666.2643866811393,1754.5009623882581,2906.803578283758,602.8420793529568,1841.004537230836,2969.6388033975622,0.03000000000020009,S,DH
DCB_se2_ag1_f_01_1,22014,EY1,8389,they,619.4097829596229,2183.095020840266,3013.0680276238613,640.8247194592341,2033.1728969230205,2758.8785765025254,618.3898363188509,2176.7413834528884,2956.9553981475165,0.07000000000016371,DH,M
DCB_se2_ag1_f_01_1,22016,AY1,8390,might,812.3583665359786,1804.7227616740854,2424.697554636479,917.7969526172666,1399.6631586313795,1998.994441337389,635.4059256343215,2132.308255141888,2595.7160557799857,0.07999999999992724,M,T
DCB_se2_ag1_f_01_1,22020,EH1,8392,sell,600.9120125060113,1764.3406479134721,3142.808687309559,615.2422858596982,2024.6872075608214,3050.561400428237,565.1779338019156,2055.5103040718895,3107.5544500944393,0.07000000000016371,S,L
DCB_se2_ag1_f_01_1,22022,AH0,8393,a,418.63639927903466,1699.690669307899,3075.756624465045,522.1282947479709,1575.235170581355,3055.2821893405153,431.5060464797759,1730.5215366251393,3118.3394541541834,0.06999999999970896,L,K
DCB_se2_ag1_f_01_1,22024,IY1,8394,kia,447.9394161092538,2792.2054678417016,2949.5200060156003,597.9645368121323,2926.808347375719,3552.795078424777,593.5666913715589,2958.2409856080217,3551.0984173679135,0.20000000000027285,K,ER0
DCB_se2_ag1_f_01_1,22025,ER0,8394,kia,558.9934586015485,1895.8794795854299,3103.094547428739,575.5687259966662,2037.7933077027226,3030.0479143915722,575.8595458287564,2040.7782910830504,3031.7786197873465,0.02999999999974534,IY1,ER0
DCB_se2_ag1_f_01_1,22026,ER0,8395,or,533.6827015841524,1133.7759327245217,2736.9781010829224,584.9417505348185,1653.5832347289606,3016.994983273675,448.93698146573945,2064.580639064452,2164.681260200826,0.3000000000001819,ER0,sp
DCB_se2_ag1_f_01_1,22029,AH1,8397,something,724.5770677799718,1717.1438573600633,2827.7443193998897,697.5855830339094,1202.7437406188026,1842.063806205858,705.9085302357963,1763.6377537315457,3147.1525226974245,0.05999999999994543,S,M
DCB_se2_ag1_f_01_1,22032,IH0,8397,something,561.8319808976212,1744.5520815703774,3446.7371163849057,584.8412246142422,1707.129297881854,3482.510884731487,553.5030039069542,1753.3566086013266,3178.1604085687704,0.03000000000020009,TH,NG
DCB_se2_ag1_f_01_1,22036,AY1,8399,like,595.6250091431434,1778.8499375450033,2786.4556873667575,650.594686404381,1770.3189834400982,2864.897673288447,551.380992712873,1909.4659529580665,2979.6377542448827,0.04000000000041837,L,K
DCB_se2_ag1_f_01_1,22040,AH0,8401,that,596.9340092445224,1934.9769905807002,2940.875234128028,600.4894049113955,1969.1447490379162,2959.128531239822,576.1357168341061,2099.042318582125,3051.1483177572413,0.02999999999974534,DH,T
DCB_se2_ag1_f_01_1,22043,ER0,8403,or,695.7409619763876,1308.359088066176,2598.003842888315,804.5157497118518,1615.9117017784097,2452.1757377291724,804.5157497118518,1615.9117017784097,2452.1757377291724,0.2699999999999818,,AH0
DCB_se2_ag1_f_01_1,22044,AH0,8404,a,552.7496009589952,1202.1663416363676,2857.776813620696,779.625140877733,1065.0186892525815,2927.665812996737,595.3354787166201,2183.4680528051563,2769.239275564793,0.05999999999994543,ER0,JH
DCB_se2_ag1_f_01_1,22046,IY1,8405,jeep,501.33361419352934,2128.6066879157393,2877.659991106875,598.7622577819401,2322.5029909325926,2884.9487191707385,505.86248478757614,2632.1825428826633,2933.5339468250872,0.13999999999987267,JH,P
DCB_se2_ag1_f_01_1,22049,AY1,8407,i,1009.0750118774489,1836.9990426105153,2612.679283449369,1312.8890904496257,1739.7114974069304,2785.067813451965,762.930826507304,2018.2031787785004,2189.9583854174716,0.2899999999999636,,
DCB_se2_ag1_f_01_1,22052,AY1,8409,i,1178.1035708819372,1718.8844777257846,2337.6869549282883,1187.3264545057505,1755.8841285100593,2349.400540404295,1113.0201931208976,1918.4369857860333,2650.0732937072444,0.13000000000010914,sil,W
DCB_se2_ag1_f_01_1,22054,UH1,8410,wouldn't,852.7504468920347,1408.5737523788216,3228.96736544673,882.7434325722878,1460.2309642286284,3190.558525838112,789.0672089189551,1842.597664431658,3312.8363713518957,0.07000000000016371,W,D
DCB_se2_ag1_f_01_1,22056,AH0,8410,wouldn't,761.7852341950693,1986.1700750594707,3316.5527725288002,764.7547679436504,1991.2244740996377,3311.4860995927543,753.8042462247661,2024.194065594746,3243.547455726656,0.03000000000020009,D,N
DCB_se2_ag1_f_01_1,22060,AY1,8411,mind,934.5724782901844,1405.5486260948596,1940.8354378795866,958.5292777159877,1847.421678170931,3382.0421826321626,794.0168699620168,2142.3844044243424,3519.9385888429706,0.25999999999976353,M,N
DCB_se2_ag1_f_01_1,22064,AE1,8412,having,696.4281088598245,2012.9525781340706,2795.1378412501094,755.0039736978983,2077.3043846604155,2130.111164146775,755.0039736978983,2077.3043846604155,2130.111164146775,0.04999999999972715,HH,V
DCB_se2_ag1_f_01_1,22066,IH0,8412,having,601.7666584681122,1315.6181730862656,3077.3713646702854,610.3905966372593,1302.238027672093,3000.251090073414,604.6950847061202,1339.029876900219,3005.202071094444,0.03000000000020009,V,NG
DCB_se2_ag1_f_01_1,22069,AH1,8413,one,786.9899504512052,1456.5486855147083,3210.5033557825955,789.1007380796727,1454.8844541324609,3215.04371887799,642.5649173690163,1647.1147518606206,3113.019555644119,0.05999999999994543,W,N
DCB_se2_ag1_f_01_1,22071,AH0,8414,of,541.0875416389491,1760.009343045624,3011.417474699125,553.7698861152764,1675.9514806007169,3055.630225313033,535.6884540624209,1788.2038375868362,3025.4742431414415,0.03999999999996362,N,V
DCB_se2_ag1_f_01_1,22074,OW1,8415,those,519.7260682948073,911.2242446568613,3112.3753023011145,716.4568552438454,1393.9773925344768,3115.6787873151843,562.4160668851838,1431.4353983463254,3126.2575239544135,0.30999999999994543,DH,Z
DCB_se2_ag1_f_01_1,22080,AY1,8419,i,1005.5866167702235,1888.467439282426,2466.346221741397,1056.0617151640274,1841.9246755171387,2538.383577213558,924.5307589631327,2013.6186573731432,2529.1104975429535,0.1000000000003638,sp,JH
DCB_se2_ag1_f_01_1,22082,AH1,8420,just,723.8064993855727,1750.5179519217206,1971.6107260566293,890.15216467975,1929.5682770327094,3256.2774073588234,711.3028483141894,2028.550561159521,2947.65570366438,0.07000000000016371,JH,S
DCB_se2_ag1_f_01_1,22085,AA1,8421,want,834.0633404469029,1387.85452079314,3351.7190019540567,843.6559759399985,1414.208217437656,3325.859699975522,776.8098182210992,1527.6384352297434,3458.0099117254413,0.03999999999996362,W,N
DCB_se2_ag1_f_01_1,22088,AH0,8422,a,631.2695992265703,1769.284938657164,3061.1471078198515,709.9729438166288,1712.4688160370397,3260.7419335505942,635.605698592249,1769.459411236653,2993.7785530590836,0.07999999999992724,T,S
DCB_se2_ag1_f_01_1,22091,AO1,8423,small,676.810016430328,1076.7772169141674,2479.5735569743993,699.3232117516654,1152.1032031175166,2264.059663723508,685.4858512667848,1267.2488195693968,2317.4179349796896,0.09000000000014552,M,L
DCB_se2_ag1_f_01_1,22094,AA1,8424,car,741.1240022924746,1202.4224675970604,2184.3340703114227,765.4815822075174,1266.5957132148774,2041.1039180649202,686.9604642802731,1326.7565307775506,2618.003898440181,0.04999999999972715,K,R
DCB_se2_ag1_f_01_1,22096,AY1,8425,i,764.1583547393137,1606.3472834062447,2354.121869301656,773.77576142893,1418.023533686646,2218.7398680386523,635.5740678694876,1934.2501682871148,3061.7006829591073,0.10999999999967258,R,sp
DCB_se2_ag1_f_01_1,22099,OW1,8427,don't,683.6062208504915,1309.1185057864334,2907.2738963565807,690.8996529576843,1195.4688939784323,2585.1813314596475,655.1790534448288,1593.4988339232707,2838.817276029499,0.05999999999994543,D,N
DCB_se2_ag1_f_01_1,22102,AA1,8428,want,600.008128510062,1438.6927681710656,2164.5139033755136,611.1545144406963,1600.2569009703643,3290.609550522896,589.4180706636217,1661.8120325811828,3262.379517918582,0.04999999999972715,W,N
DCB_se2_ag1_f_01_1,22105,EH1,8429,anything,528.9115416588273,2474.054661724476,3322.2857042641695,556.1695444971765,2480.826506673708,3075.9421917455206,480.87296083384,2497.7738584759386,3161.364202540758,0.08000000000038199,T,N
DCB_se2_ag1_f_01_1,22107,IY0,8429,anything,473.92201775031606,2306.5776494245633,2935.421846771945,501.18098380744243,2461.791572210377,2939.0760672857605,486.9504545418125,2683.5681460596606,3080.840012992931,0.08999999999969077,N,TH
DCB_se2_ag1_f_01_1,22109,IH2,8429,anything,550.7414630344365,2284.3409587492556,3412.714621023204,570.8040517961202,2113.904463616162,3234.995070875464,560.492665030813,2275.905169806105,3426.080011913836,0.05999999999994543,TH,NG
DCB_se2_ag1_f_01_1,22113,IH1,8431,big,537.2163831013012,2545.546495798119,3279.7406546338343,567.8259175405976,2576.5123854522344,3188.361643649786,524.311699150868,2686.5797404079185,3488.2357335442293,0.2300000000000182,B,G
DCB_se2_ag1_f_01_1,22117,AY1,8433,right,782.4257603179838,1606.5918025006495,2180.6038460403574,783.7441383712655,1638.2213253655545,2166.9663283667605,646.0905919989771,1818.8397968179968,2609.647982912423,0.06999999999970896,R,T
DCB_se2_ag1_f_01_1,22121,AY1,8435,i,996.0283074786051,1742.3181049786976,2964.5467843525344,1037.5207073823926,1627.1982614878038,3174.6016270892474,996.1027734268602,1742.3055721595551,2962.0855589873663,0.15999999999985448,sil,W
DCB_se2_ag1_f_01_1,22123,AH0,8436,will,629.3750867681875,1260.1523577253918,3457.80988908235,640.4131598163833,1240.575208974129,3458.2124092283902,631.7415231428939,1263.4791923204143,3439.4138630387897,0.03999999999996362,W,L
DCB_se2_ag1_f_01_1,22126,AA1,8437,not,893.185722736266,1470.2788097209893,2883.9523777070285,958.5235008889871,1700.6991822914188,3450.503609113162,865.8854323986025,1784.3362874203149,3558.9957668888987,0.03000000000020009,N,T
DCB_se2_ag1_f_01_1,22128,AY1,8438,i,842.0050757578457,1942.5343409382099,3317.6420578328707,935.3522726678265,1966.4682383369764,3223.2853915018645,718.0837405790977,2063.411721012422,3366.6973416082656,0.13000000000010914,T,sp
DCB_se2_ag1_f_01_1,22131,AE1,8440,shall,604.0450970258414,1691.8529294506588,2680.536031855585,635.4426110609237,1674.344542418655,1737.4808721323238,633.1434567736902,1721.9924900840115,2034.2329200714062,0.02999999999974534,SH,L
DCB_se2_ag1_f_01_1,22134,AA1,8441,not,758.5576497954577,1790.1768582186642,2963.2633885081264,894.9698613325761,1657.6950466592232,2738.7045548315314,727.9559963295285,1765.6158175827381,1984.6327563391599,0.05999999999994543,N,T
DCB_se2_ag1_f_01_1,22138,AY1,8443,i,929.3506841771937,1908.884863310791,2810.2476009084303,1081.8001337363858,1869.5376793013531,3365.679312196774,863.8251109160663,1965.8731290231062,2917.0545301233974,0.22999999999956344,,sp
DCB_se2_ag1_f_01_1,22141,AE1,8445,shall,759.9892234006695,1344.5137813405545,2452.7929568807635,836.5737913932234,1443.9688112834324,2536.301826942341,708.8379609852919,1638.0971861917753,2593.8781130832963,0.1799999999998363,SH,L
DCB_se2_ag1_f_01_1,22146,AY1,8447,right,723.5150796956724,1623.634470532677,2264.1472337117184,780.5068766553086,1671.6504844700462,2116.3434034843503,646.9005708071551,2154.99264221337,2529.7583127882854,0.07000000000016371,R,T
DCB_se2_ag1_f_01_1,22149,AY1,8449,i,860.410464984783,1597.5923661630504,2359.0937587159174,926.1167391799146,1717.72791350786,2448.452739860232,836.6363363888752,1864.4613567115057,3107.353503695566,0.19000000000005457,,W
DCB_se2_ag1_f_01_1,22151,AH0,8450,will,677.2155729219951,1188.0443814207479,2390.4513151677215,704.6525954675943,1348.2082483027325,2879.4064651960593,691.8448707371327,1370.5820536228234,2982.7657777496024,0.02999999999974534,W,L
DCB_se2_ag1_f_01_1,22154,AA1,8451,not,704.0045483458285,1793.320293422567,1856.1990035032404,711.9640741157566,1797.1766856895447,1886.2653339073315,708.0003876350571,1802.916939369289,1835.2817243701352,0.03000000000020009,N,T
DCB_se2_ag1_f_01_1,22158,AH0,8453,and,648.1897009107448,2255.248020542588,3153.7543442702313,919.0541974464643,1899.3751688004331,2443.355631896751,622.8804935637835,2262.36124049158,3186.759027571769,0.0500000000001819,sil,N
DCB_se2_ag1_f_01_1,22160,IH1,8454,it,579.3394805848756,2217.9699451602846,3316.768167599538,580.974976754596,2204.217501787053,3295.034233876117,578.8067896111747,2219.4911756108254,3317.4494018425007,0.0500000000001819,N,T
DCB_se2_ag1_f_01_1,22163,AE1,8456,and,686.034802174813,2190.7156704163594,3317.8745377987684,732.4621754582618,2195.6161548126993,3270.189121071777,676.4270551439023,2237.5697437126623,3383.879310817318,0.05999999999994543,sp,N
DCB_se2_ag1_f_01_1,22165,IH1,8457,it,721.4354834035861,2218.0102205674702,3331.1715337077208,733.9996481706465,2243.3282887691007,3362.4575790225504,732.0610731974714,2241.5572442618864,3355.0116947073793,0.09000000000014552,N,T
DCB_se2_ag1_f_01_1,22169,AH1,8459,but,678.2757534701718,1212.1518312709381,2655.7035134523417,713.0067963438812,1221.2946949667091,3095.571763464998,713.0067963438812,1221.2946949667091,3095.571763464998,0.03000000000020009,B,T
DCB_se2_ag1_f_01_1,22171,AO1,8460,also,743.8269235042202,1250.5460844970933,3365.6897665534607,748.1533847972096,1259.2994227441004,3365.671623703309,717.8980640376683,1277.282599315339,3372.522010813301,0.13999999999987267,T,L
DCB_se2_ag1_f_01_1,22174,OW0,8460,also,580.1709706732187,1315.5699093501664,3430.5191266240718,682.4375809109547,1568.851459562183,3504.871483228165,669.1898128465959,1589.1720068249933,3458.474547234909,0.06999999999970896,S,W
DCB_se2_ag1_f_01_1,22176,IH0,8461,with,504.3376748677471,1256.1579999790017,2841.797485447608,524.4694048519934,1253.5605907396516,3288.8111591288875,515.4652836113536,1275.194150399774,3254.2872418116476,0.03999999999996362,W,DH
DCB_se2_ag1_f_01_1,22179,IY1,8462,me,517.8105010279992,1449.0041475003663,2787.98355460731,533.1137483751077,738.6929092530967,2636.8477830866386,526.7860038500445,2825.8905476832624,3280.585875081071,0.09999999999990905,M,L
DCB_se2_ag1_f_01_1,22181,IH1,8463,living,669.4914060061826,1991.104777938053,2757.3682653922965,689.1076143919158,2007.6394471056628,2232.442237096567,688.530383078333,2013.0152687782345,2189.7505056825657,0.0500000000001819,L,V
DCB_se2_ag1_f_01_1,22183,IH0,8463,living,548.4588833224822,1648.0771259980415,1944.213317116806,572.0876077304625,1302.5545029384136,2451.766941734809,550.4597576586541,1649.0159697897034,1925.674335772886,0.03000000000020009,V,NG
DCB_se2_ag1_f_01_1,22185,IH1,8464,in,524.767966854603,2234.821262105101,3224.5601711831014,561.1045021675594,2028.4929430091981,3291.407819808193,530.1370923422421,2237.3292796844207,3224.475296357069,0.03999999999996362,NG,N
DCB_se2_ag1_f_01_1,22188,IY1,8465,dc,576.9926642666107,1738.0085444656286,2944.693207476936,581.4894571999668,2082.6323279001044,2903.815339346829,566.7295463361279,2749.5561738624115,2799.2289248905577,0.11000000000012733,D,S
DCB_se2_ag1_f_01_1,22190,IY1,8465,dc,554.2245286421864,2277.981442380848,2975.582621452382,574.3715578375801,2246.74580691898,3077.624350665963,550.4949680116803,2412.167212902422,2975.5896966939517,0.09999999999990905,S,F
DCB_se2_ag1_f_01_1,22192,ER0,8466,for,574.7040547565667,1421.5423926122405,2927.441161451398,595.5190590563699,1253.6545145839243,3181.1480272177223,510.2167442650753,1613.3505518913719,3500.114989619342,0.07000000000016371,F,S
DCB_se2_ag1_f_01_1,22194,OW1,8467,so,625.431179596177,1251.294797742033,3127.698694073227,655.1852831273775,1438.465557245179,3039.7377025939604,525.7717595946874,1583.7693672984667,2927.571475933181,0.14000000000032742,S,L
DCB_se2_ag1_f_01_1,22196,AO1,8468,long,781.7551569012544,1187.317181984061,1807.7887854795617,850.2534477633474,1244.8127101005407,1596.1436840080196,736.4501749492505,1427.6869392815343,1434.4635263644732,0.13000000000010914,L,NG
DCB_se2_ag1_f_01_1,22202,EH1,8470,when,721.1095910211499,1668.0695604175746,1717.88395900412,739.8562773987526,1742.2839587230305,1827.5600082237045,692.1548531575446,1788.361110959259,3142.0377800278848,0.04999999999972715,W,N
DCB_se2_ag1_f_01_1,22204,AY1,8471,i,944.1383408712279,1731.695231683532,2632.833980163137,960.80740949807,1741.2931439633282,2617.895925568414,927.1597251277836,1874.2770724278814,2604.188021691977,0.05999999999994543,N,L
DCB_se2_ag1_f_01_1,22206,AY1,8472,like,727.1803043147398,2040.958859245923,2976.5515281382823,847.3494415451682,1810.7727338760076,3199.886017589704,696.4938824069845,2187.94226008385,3245.4784948311344,0.04999999999972715,L,K
DCB_se2_ag1_f_01_1,22209,EH1,8473,when,797.0308742978274,1565.34187136426,3164.669573045917,801.5739463453647,1574.6200588900585,3177.442643883531,758.3092564117813,1623.6943266038827,3124.4932182259736,0.04000000000041837,W,N
DCB_se2_ag1_f_01_1,22211,AY1,8474,i,1045.6445567943965,1557.0301451904716,2394.414861291915,1133.8591602566114,1614.1339253045433,2635.1826326567975,1090.656524759065,1623.1378213959254,2783.5851782164787,0.05999999999994543,N,W
DCB_se2_ag1_f_01_1,22213,EH1,8475,went,669.8512447314451,1442.4694783156604,3139.420219661307,676.3501780277624,1590.5741027984138,3132.212735247366,673.6267104693069,1597.4399528211986,3002.5416220577845,0.03000000000020009,W,N
DCB_se2_ag1_f_01_1,22217,AH0,8476,to,650.3469655857707,1595.5798287014325,2998.253363345285,659.1374107067281,1545.1492667934635,2900.3587889831724,565.9735126405014,1822.1719818811466,3149.011735453682,0.0500000000001819,T,M
DCB_se2_ag1_f_01_1,22219,EH1,8477,maryland,613.0833922253422,1630.990795937602,2140.7703944265727,627.390915758152,1843.108941405412,2147.695808230029,627.390915758152,1843.108941405412,2147.695808230029,0.04000000000041837,M,R
DCB_se2_ag1_f_01_1,22221,AH0,8477,maryland,688.4050899045621,1715.9612991633735,2825.877180523463,694.8835522408282,1761.6437612243496,2668.5455718417907,694.8003451448641,1766.0954411453074,2653.7952716125305,0.02999999999974534,R,L
DCB_se2_ag1_f_01_1,22223,AH0,8477,maryland,645.7816214269706,1620.0720200734447,2936.784852512944,649.1632375511554,1588.3434557096332,3127.629399796446,646.2383214166539,1700.3170724287593,2193.8670899737244,0.02999999999974534,L,N
DCB_se2_ag1_f_01_1,22227,EH1,8478,when,686.4168585984438,1575.6459945711943,2804.7007301228305,686.6813593797401,1584.2990579053426,2620.986131503244,656.6762723666,1653.0632525437059,3516.420699097618,0.03000000000020009,W,N
DCB_se2_ag1_f_01_1,22229,AY1,8479,i,857.2079041392814,1818.6040668018177,2332.0988872962866,904.7464071079407,1708.2623918277895,2283.050169211386,659.9591934276866,2004.2916917895957,2325.082676791053,0.05999999999994543,N,G
DCB_se2_ag1_f_01_1,22231,AA1,8480,got,847.4533047158644,1943.2016672895347,2238.5659798730076,851.9249185598593,1975.3574674711065,2627.8642012918517,839.7130245138286,2008.3146695539149,2066.8447636613887,0.06000000000040018,G,T
DCB_se2_ag1_f_01_1,22233,IH0,8481,into,714.5268358563276,1659.840971419323,2301.7839609303705,804.6225907407198,1924.8958429271972,3191.1138788887156,798.69903844068,1924.9956464533245,3207.71841515593,0.03000000000020009,T,N
DCB_se2_ag1_f_01_1,22236,AH0,8481,into,592.0323031318591,1661.9238207450535,1835.0583489755752,624.1852029844285,1776.2970030953804,2093.1355697178747,590.6996275140923,1846.4985844331995,3158.1033908619984,0.03999999999996362,T,M
DCB_se2_ag1_f_01_1,22238,EH1,8482,maryland,575.9307626441955,2034.5876900474607,2556.1682808393393,581.3682198162193,1859.5312697602542,2364.0009800678085,574.3910331880877,2041.2295022996507,2485.430497442371,0.0500000000001819,M,R
DCB_se2_ag1_f_01_1,22240,AH0,8482,maryland,616.9302768514224,1687.2693762500455,2553.541773960491,627.7597140975347,1732.6120023138053,3053.5586617894464,627.0675268036683,1775.7002586215915,2783.2300855010453,0.05999999999994543,R,L
DCB_se2_ag1_f_01_1,22242,AH0,8482,maryland,598.0575119250688,1749.6823357746412,3063.910513219108,623.3654895029696,1691.0124931075645,3343.191157871477,599.02331750691,2192.1832130646876,3261.045417181863,0.07000000000016371,L,N
DCB_se2_ag1_f_01_1,22246,IH0,8484,it,522.6076055040157,2220.702131479824,3211.031245668629,651.8435550447625,2304.8624446492863,3103.668624018356,617.9342086710468,2347.061527610454,3225.5680645568987,0.09999999999990905,sp,T
DCB_se2_ag1_f_01_1,22251,AE1,8488,and,665.841510945348,2205.009319659861,3194.494380675127,677.0899076116627,2210.600057775493,3126.930521185367,613.1776747470357,2258.894806771573,3120.4866433744396,0.09000000000014552,M,N
DCB_se2_ag1_f_01_1,22255,AY1,8489,like,805.0935252067441,1647.6644290627462,2621.0411004230095,947.5091811776264,1596.2386908865856,2800.1017477320115,768.4552401315734,1804.9745481794657,2595.8122440399025,0.06999999999970896,L,K
DCB_se2_ag1_f_01_1,22259,AH1,8491,busses,769.5853351595591,1558.3136560465111,3197.6138732182617,788.9927311063619,1700.208184501508,3222.2107658987993,757.1898327851156,1721.063994860343,3252.5991636180424,0.08000000000038199,B,S
DCB_se2_ag1_f_01_1,22261,AH0,8491,busses,532.0911085812229,1804.3019545933225,2784.6507150352872,567.8493371598372,1850.047443381737,2339.214270131968,567.8493371598372,1850.047443381737,2339.214270131968,0.03000000000020009,S,Z
DCB_se2_ag1_f_01_1,22263,IH1,8492,in,556.1406843810073,2005.8069712953345,3193.756279135874,635.6202921796652,2039.2147639434716,3236.6184210380143,618.4622372930844,2046.1578007875112,3184.103738157105,0.03999999999996362,Z,N
DCB_se2_ag1_f_01_1,22266,IY1,8493,dc,548.5004623589926,2439.9383482948965,2875.4384504894883,546.6889694593707,2392.3087848253394,2867.071451028179,487.0196758351339,2527.2882757608522,2890.1428165269854,0.07000000000016371,D,S
DCB_se2_ag1_f_01_1,22268,IY1,8493,dc,602.3564643595936,2433.6307333692134,2783.6221271520776,600.3516679650342,2430.385514612363,2791.898644290997,479.5163631778625,2466.411789034925,2707.11560488901,0.0500000000001819,S,K
DCB_se2_ag1_f_01_1,22270,AH1,8494,come,728.7887273013026,1509.014363644614,3395.2889951087564,728.4779287243521,1515.2326912473395,3379.6110171539535,678.1300449168823,1624.9130719430877,3256.724616201609,0.0500000000001819,K,M
DCB_se2_ag1_f_01_1,22274,AY1,8496,like,742.1700501320566,1701.5056466622405,2774.5858635370996,811.9725872559792,1597.6917307738447,2831.738655282451,639.2437262347521,1851.762085513572,2918.6260687554554,0.05999999999994543,L,K
DCB_se2_ag1_f_01_1,22278,EH1,8498,every,708.7202884438844,2064.951207083957,2473.863182626783,1044.7871157437462,1982.3176738402226,3227.288156143359,712.769752519069,2050.0837241272684,2467.1571442840204,0.05999999999994543,sil,V
DCB_se2_ag1_f_01_1,22281,IY0,8498,every,503.6700865882014,1815.5239754895504,2481.5439151099818,592.175758782669,1889.0708105496574,2502.656992476083,588.2123040495043,1886.5196947841082,2459.852819843261,0.03999999999996362,R,F
DCB_se2_ag1_f_01_1,22283,IH1,8499,fifteen,496.65904127280794,2131.7090344980975,2974.070713388598,635.5393380935608,1978.5562797598739,2701.8256949235715,535.9601360662944,2133.036474850696,3036.8145816964347,0.06999999999970896,F,F
DCB_se2_ag1_f_01_1,22286,IY1,8499,fifteen,627.6550789186024,2293.271986421982,2489.7333800208,690.577863250157,2197.233562282057,2887.2909655239755,591.2772547667153,2546.9753003562423,3102.357037787149,0.13999999999987267,T,N
DCB_se2_ag1_f_01_1,22289,IH1,8500,minutes,646.5534167747021,2079.7927637292228,3328.746729756562,650.2707192446767,2129.820087577449,3124.747218610605,636.1615510995506,2139.722299307725,2978.5413187530403,0.07000000000016371,M,N
DCB_se2_ag1_f_01_1,22291,AH0,8500,minutes,534.7318332606341,2129.5909446865776,3034.592517373609,574.4799735904138,1925.9001950383263,2926.499968096796,541.0949341816251,2179.7576752742925,2836.657747938717,0.02999999999974534,N,T
DCB_se2_ag1_f_01_1,22296,ER1,8502,we're,474.45355102642804,1238.5660655222018,2333.7435459815447,507.62863057623724,1324.0617552762799,2280.7284521782753,486.0139700606598,1348.1459793117087,2291.997679951212,0.0500000000001819,W,G
DCB_se2_ag1_f_01_1,22298,UH1,8503,good,486.7059186277582,1537.6998924291438,3011.018687733537,564.7134690190123,1545.239591495129,3302.168964670387,486.53983563292,1780.4061464881754,2963.6217522201196,0.15999999999985448,G,D
DCB_se2_ag1_f_01_1,22302,AH1,8505,busses,788.9206978864341,1732.357168827424,3154.053142479524,844.9405448349966,1770.9003611890337,3243.1793417980107,844.9405448349966,1770.9003611890337,3243.1793417980107,0.09999999999990905,B,S
DCB_se2_ag1_f_01_1,22304,AH0,8505,busses,569.9050936349578,1710.7551547014186,3112.889835666545,657.9683138673716,1715.2768275633364,3226.9746806350313,485.3791311762037,1844.2957091214216,3373.36000361006,0.06999999999970896,S,Z
DCB_se2_ag1_f_01_1,22306,IH1,8506,in,578.772975101459,2307.8736011981387,2678.7424614589495,684.0005718261834,2371.909125643313,2447.442720160494,677.1868406888368,2380.8253045319434,2691.4768064720124,0.11000000000012733,Z,N
DCB_se2_ag1_f_01_1,22309,EH1,8507,maryland,636.8883304326656,1975.4203092641276,2438.24022559076,636.554369081394,1984.9337348215201,2434.6750725360143,630.3995242718172,2079.134162177709,2472.3364898569275,0.07000000000016371,M,R
DCB_se2_ag1_f_01_1,22311,AH0,8507,maryland,706.1437600417568,1505.6005621510446,3108.3556567386972,719.163245011092,1665.7848545016316,3093.226321937353,719.163245011092,1665.7848545016316,3093.226321937353,0.03000000000020009,R,L
DCB_se2_ag1_f_01_1,22313,AH0,8507,maryland,676.844348576074,1927.7798593697673,2187.2171188702437,686.3185546624414,1762.6270413675823,2215.368103656977,651.5259775788775,2098.8023711641504,3117.844298682696,0.02999999999974534,L,N
DCB_se2_ag1_f_01_1,22317,AH1,8508,come,801.3371261084272,1335.8828063200513,3383.09614126182,921.795591849197,1338.8004671759263,3466.358245894186,668.3585942348759,1645.4505788768024,3268.332537204238,0.0500000000001819,K,M
DCB_se2_ag1_f_01_1,22320,AH1,8509,once,737.2493565198326,1455.096218007701,3256.2903863172173,760.9066345158118,1619.8143964723936,3149.2380057417863,716.7691652781541,1702.4238952271392,2489.5038445954083,0.0500000000001819,W,N
DCB_se2_ag1_f_01_1,22323,AH0,8510,an,511.36582707196374,1988.7660021607703,3353.872615259606,647.4276186836739,1930.8113691196495,3203.7933234950856,547.8849018639518,2053.042005882521,3416.286505135014,0.04000000000041837,S,N
DCB_se2_ag1_f_01_1,22326,AW1,8512,hour,963.9771994011026,1401.6518214918817,1953.3966833764732,1204.1734040104302,1734.8103550362978,2401.2045282607564,1033.616678523451,2155.5863233804635,3193.849974418323,0.3400000000001455,sp,ER0
DCB_se2_ag1_f_01_1,22327,ER0,8512,hour,571.9502224302269,1616.4385682056259,2138.490820021652,608.400092477948,1775.007646910594,2260.5929153935244,574.800120886954,1791.1079701312945,2280.7406360529894,0.10999999999967258,AW1,
DCB_se2_ag1_f_01_1,22330,OW1,8514,so,533.0064853741914,1675.2273949001585,2936.5079855906765,607.2787972785975,1633.4338943084167,2936.651370034144,533.2774016369233,1675.1251640590913,2937.293297964863,0.03000000000020009,S,L
DCB_se2_ag1_f_01_1,22332,AY1,8515,like,735.5084565504725,1844.0988448135452,2757.537810401986,784.2299060207893,1851.6176267265919,2719.353939628564,617.3894881525342,2084.035748397206,2885.4281599966325,0.07000000000016371,L,K
DCB_se2_ag1_f_01_1,22337,EH1,8517,when,687.6452020577419,1525.7341345392422,2271.689482591168,688.4136471773171,1531.7966811363333,2410.7133918346435,688.9087483618116,1540.1761562535069,2618.3930539972866,0.03999999999996362,W,N
DCB_se2_ag1_f_01_1,22339,AY1,8518,i,957.681493869912,1805.9116958748155,2497.7227951444906,978.5653621308213,1784.1232249174138,2445.3314763166763,788.4141198004611,1917.5397686096844,2417.757512591107,0.07000000000016371,N,K
DCB_se2_ag1_f_01_1,22341,AH1,8519,come,944.1326715068086,1589.6888357700798,3353.8142211975614,966.3313307939347,1573.7997408985111,3412.649260319558,688.7708631792656,1654.435534115733,2718.948233272061,0.03999999999996362,K,M
DCB_se2_ag1_f_01_1,22344,AH0,8520,to,531.9249715048501,1264.5167618149642,2810.581757483965,630.6379763573468,1454.3090112781638,2961.814019403378,602.481387429055,1530.4450760410998,3026.2179028650894,0.09000000000014552,T,W
DCB_se2_ag1_f_01_1,22346,ER1,8521,work,553.1918659349191,1828.405254673457,2144.5728163169038,699.1493792356803,1554.280759212657,1951.9930169371228,550.8911433646637,1834.9263322080496,2161.832021831174,0.11999999999989086,W,K
DCB_se2_ag1_f_01_1,22348,AH0,8522,and,565.3630168442174,2064.4259251710496,2436.476870168093,635.7209671742173,1884.129117784662,2481.0557988842115,568.6271780841696,2067.972413636736,2400.830325708036,0.04999999999972715,K,N
DCB_se2_ag1_f_01_1,22352,AH1,8523,stuff,719.4876588570125,1767.9746845180653,2193.9243529414134,725.3803505526521,1747.1518924496015,2205.2972843437738,681.4975282854878,1830.0930024508211,2088.5530561546843,0.06999999999970896,T,F
DCB_se2_ag1_f_01_1,22355,EH1,8524,when,750.9990728491836,1437.3349117082198,1836.8602696131727,755.1095970323993,1452.7754463964923,1763.7777821038492,743.3635767507791,1488.832756070635,1958.3478122483336,0.03999999999996362,W,N
DCB_se2_ag1_f_01_1,22357,AY1,8525,i,731.8961050227975,1704.9863038630976,1962.946353851412,832.3781386686851,1973.6633354898509,2775.4881115380995,751.8118923191715,1949.2029623828785,2328.7411711144205,0.05999999999994543,N,K
DCB_se2_ag1_f_01_1,22359,AH1,8526,come,807.2634538575796,1429.6173989837853,2047.9012179656117,809.4525659184276,1433.5804123395305,2058.6354242082343,735.805188055209,1601.9855059985266,1970.3765638284028,0.03000000000020009,K,M
DCB_se2_ag1_f_01_1,22362,IH0,8527,to,510.7430122865608,1696.0179939152172,2985.9910498404565,537.2368197605765,1800.627513642685,2859.572430557668,537.2368197605765,1800.627513642685,2859.572430557668,0.03000000000020009,T,DH
DCB_se2_ag1_f_01_1,22364,AH0,8528,the,529.9938740536342,1195.023308895816,3036.203212177041,575.2430220044504,1346.2716708511268,2940.8519276355128,515.4869583085466,1546.6587236712514,2964.381254980541,0.06999999999970896,DH,B
DCB_se2_ag1_f_01_1,22366,OY1,8529,boys,627.2604389373412,1500.22197829441,2752.197211011888,636.5454963307712,1311.590185367003,2867.6347044313425,520.9005182514363,1797.9905183238398,2834.00728262449,0.10999999999967258,B,Z
DCB_se2_ag1_f_01_1,22368,AH0,8530,and,508.52244514091416,1671.7069805992003,2888.9887556085187,586.5568443595499,1581.9232703866046,2782.777881287861,485.18620181873825,1771.2263150599317,3035.5210533114623,0.05999999999994543,Z,N
DCB_se2_ag1_f_01_1,22371,ER1,8531,girls,699.5035567093573,1592.841797062422,2792.1217307910397,698.7114084256199,1588.7861447307077,2769.930166680483,521.9160997287729,1699.3587769218166,2698.020625643497,0.06999999999970896,G,L
DCB_se2_ag1_f_01_1,22376,AH1,8532,club,605.7304512671076,1611.3008104970127,2713.8553347422207,666.4918347609979,1610.0880033979038,3234.1630006331243,650.4339189218172,1635.302382025854,3136.191345171279,0.07999999999992724,L,B
DCB_se2_ag1_f_01_1,22380,AH1,8534,um,785.1780191878044,1372.7597205237407,3389.719434617089,965.1901560368885,1524.0310465078069,3163.42568379072,847.7109829586853,1628.0393209784045,3129.3313321941764,0.25,,M
DCB_se2_ag1_f_01_1,22382,AY1,8535,i,1015.4268313383707,1610.9981373728308,2500.285961355841,1098.246549630167,1645.148233293326,2466.5848742979756,734.2537774605895,1701.1991717992696,2639.5311947179234,0.07000000000016371,M,HH
DCB_se2_ag1_f_01_1,22384,AE1,8536,have,1079.0123475509038,1921.7831057311416,2841.919029425367,1086.0178898962708,1972.8514652254166,2907.8812434473766,1085.279548446498,2047.0344722768325,2913.388023554377,0.03000000000020009,HH,V
DCB_se2_ag1_f_01_1,22387,AH0,8537,to,531.894126056116,1484.81861286729,2594.6794012202317,586.9774027231143,1647.2047502329176,2710.6569744153644,549.1116185694094,1778.2511991118333,3785.023049883539,0.05999999999994543,T,B
DCB_se2_ag1_f_01_1,22389,IY1,8538,be,586.1796375598789,2656.3591928431483,3340.7950378935907,586.1784343128693,2656.3050331638715,3340.7940922669195,578.7761703401117,2688.9372488908716,3262.9112616336756,0.07999999999992724,B,DH
DCB_se2_ag1_f_01_1,22391,EH1,8539,there,646.8570528549612,2020.8705825717793,2836.958469365621,690.2223698066417,1975.7188439950212,2710.3570112655743,586.9662415215985,2073.98784363649,2869.4515574519546,0.07999999999992724,DH,R
DCB_se2_ag1_f_01_1,22394,AY1,8541,i,845.7258022659672,1811.1559239185742,2755.845291414831,1006.4562003371809,1683.6954906663639,2321.6651064783755,686.6572009299753,1940.2664974909403,2931.570117835989,0.07000000000016371,sp,HH
DCB_se2_ag1_f_01_1,22396,AE1,8542,have,917.7583429882634,1724.3104891565586,2402.4599084869374,951.5773379342332,1561.5064205417607,2137.9689052572703,843.7624510199857,1781.7754776371703,2624.5247469484752,0.02999999999974534,HH,V
DCB_se2_ag1_f_01_1,22399,IH0,8543,to,532.891257936349,2115.366083398739,2701.264244834278,555.8588623982207,2056.471061691559,2884.1268635021497,530.9397737684798,2123.4271889488723,2697.73771482664,0.05999999999994543,T,sp
DCB_se2_ag1_f_01_1,22402,AE1,8545,catch,723.5308645105412,2096.68408553292,2531.352379666464,776.6397221355566,2187.7800218860384,2501.440523475498,613.4083742834421,2197.7385748116662,2891.599673382336,0.05999999999994543,K,CH
DCB_se2_ag1_f_01_1,22405,AH1,8546,the,852.7650837365725,1807.2346272613158,2971.118203913175,865.0996602067092,1860.8528586170046,3126.247546721487,840.3885685738676,1954.939840044382,3383.544849725179,0.13000000000010914,DH,
DCB_se2_ag1_f_01_1,22408,AW1,8548,hour,772.698103368986,1259.0956357127666,2800.443661127972,1161.7763760635303,1488.0544523603771,2116.651395788888,1116.2622130862628,1622.7861188243473,2266.878784653385,0.2699999999999818,sil,ER0
DCB_se2_ag1_f_01_1,22409,ER0,8548,hour,682.0748426386416,1345.5807480831645,1711.6916216005677,687.7441807079897,1338.7813100493142,1691.2862375024977,633.6249959990251,1428.062687397277,1620.6106086499626,0.07999999999992724,AW1,ER1
DCB_se2_ag1_f_01_1,22410,ER1,8549,earlier,645.6347835364035,1468.01293882772,1796.1057346664277,673.8237254365881,1527.02050355695,1758.615747435997,578.4664962014069,1572.2639030220732,1861.2485720919542,0.22000000000025466,ER0,L
DCB_se2_ag1_f_01_1,22412,IY0,8549,earlier,463.4493280362789,2097.4707103748747,2609.0285034515327,514.3471440787282,2101.1070670133377,2757.860848621391,508.46919272829496,2117.868181476382,2788.3879320540914,0.05999999999994543,L,ER0
DCB_se2_ag1_f_01_1,22413,ER0,8549,earlier,583.4266058090943,1391.827721391215,2229.516991128045,607.5956701093293,1525.3578322840463,2176.447435918696,504.7576050367201,1723.6641526955525,2270.9560840660088,0.1299999999996544,IY0,B
DCB_se2_ag1_f_01_1,22415,AH1,8550,bus,745.7987877448958,1701.7353304310773,2634.3872154394776,805.5388696817798,1765.9927733065238,3195.1483621074067,762.1900384965551,2040.5027446669442,3111.420687344879,0.1799999999998363,B,S
DCB_se2_ag1_f_01_1,22419,IH0,8552,because,495.87085691781203,2483.793713626366,3093.9692555732777,499.1133450536527,2438.8204392481052,3082.8634557817445,482.19782450490914,2544.2240146764016,3050.479504489526,0.09000000000014552,B,K
DCB_se2_ag1_f_01_1,22421,AH1,8552,because,640.229203841936,1731.5080789882836,3052.8875658691795,658.1336067721612,1759.4096414626038,2964.268166389307,647.9233117559114,1802.6685692846631,2343.549902689068,0.06999999999970896,K,Z
DCB_se2_ag1_f_01_1,22423,IH0,8553,if,557.3104442842301,1673.81445936657,2640.4142459403156,563.7056329291437,1710.0849400647319,2707.8037208180535,468.0634460097719,1817.5900450742577,2824.668449028014,0.05999999999994543,Z,F
DCB_se2_ag1_f_01_1,22425,AY1,8554,i,921.9751837303257,1535.014585427794,2119.3590388219127,960.7827487030362,1549.1804185416418,2227.6074220306127,959.3031597021879,1549.1832069840723,2203.9185389883633,0.07999999999992724,F,M
DCB_se2_ag1_f_01_1,22427,IH1,8555,miss,649.5149939521283,2089.8319624458554,3065.0967671729622,676.989944767035,2102.521669558427,3102.647507580925,672.8464336264669,2104.598695108523,3111.183378128963,0.09000000000014552,M,S
DCB_se2_ag1_f_01_1,22430,AE1,8556,that,736.3354955615417,1944.791550486998,2556.3454767365633,743.2098622535976,1894.0005336424338,2487.5849738032257,718.4706310093663,2044.8251162547385,2667.3599361872925,0.07000000000016371,DH,T
DCB_se2_ag1_f_01_1,22433,AH1,8557,bus,836.3234241170071,1602.3418880152221,2229.4432437391965,928.5282076635626,1835.923734119595,3360.463467237596,890.7331607451905,1834.728777456638,3243.5062115568853,0.19000000000005457,B,S
DCB_se2_ag1_f_01_1,22438,EH1,8559,then,625.3492531302453,2135.04550059559,3248.1565189239036,640.8600198725886,2180.4700065420298,3013.0403980025703,628.1815151617283,2221.891117237565,3177.9988733689033,0.10999999999967258,DH,N
DCB_se2_ag1_f_01_1,22440,AY1,8560,i,1049.7815295867413,1506.6888163045683,2381.208719695862,1048.1122340580425,1507.0481055380842,2386.8799136994603,859.4806828346228,1797.3513277803597,2575.8534632116844,0.18000000000029104,N,W
DCB_se2_ag1_f_01_1,22442,UH1,8561,would,608.5353212235744,1535.347347489424,2649.934891876833,718.6383036069317,1429.8707705049878,2695.66328379748,640.2289250863787,1543.963238178644,2679.5727463208486,0.03000000000020009,W,D
DCB_se2_ag1_f_01_1,22445,IY0,8562,be,492.1410964593361,2715.558639115944,2795.613907769365,572.8766548504877,2753.5637819086996,3159.3920972245537,560.4890365277669,2765.5772094797503,3021.877854327952,0.15000000000009095,B,OW2
DCB_se2_ag1_f_01_1,22446,OW2,8563,okay,515.4705806723732,896.0636998236506,3100.4740837681106,562.055455997212,1131.1476998001233,3021.3111291850037,560.4944175895824,1265.8552556824543,3089.924079152778,0.09000000000014552,IY0,K
DCB_se2_ag1_f_01_1,22448,EY1,8563,okay,625.553134117634,1431.4184163373864,2591.182419345074,831.4017139225629,2169.0249423291484,2853.1525210003115,463.17461618169597,2854.053403553399,3219.990338535993,0.24000000000023647,K,sp
DCB_se2_ag1_f_01_1,22452,IH0,8565,because,419.10729066241356,2116.6252109465595,2826.195469894963,424.3920211794229,1877.5266317508585,2646.8184665525428,398.85556499265385,2542.2510376308546,3142.6324315615166,0.03999999999996362,B,K
DCB_se2_ag1_f_01_1,22454,AH1,8565,because,607.4824344424323,1772.6218324368663,3088.6374502282474,646.4370956347464,1751.1349064531869,2513.7405596467174,630.916020133753,1799.8449435519794,2113.7239911333013,0.07999999999992724,K,Z
DCB_se2_ag1_f_01_1,22457,AH0,8566,the,550.7492912383085,1588.8243098391863,3327.3874018783445,568.6317555452487,1674.585374983278,3253.998070533575,564.9464907592806,1701.5510684224419,3307.019434961561,0.03999999999996362,DH,B
DCB_se2_ag1_f_01_1,22459,AH1,8567,bus,789.2799591961226,1699.3856234257512,3284.21883479131,789.692319466837,1699.341002155065,3282.5788355155905,776.9767313466834,1742.1045379130153,3330.474783173056,0.09999999999990905,B,S
DCB_se2_ag1_f_01_1,22462,OW1,8568,don't,693.7633778668253,1468.229062810701,3291.5244899600693,715.424754178859,1417.644782551327,3175.986642517283,649.0284845909305,1575.3035661539109,1882.6079553963993,0.0500000000001819,D,N
DCB_se2_ag1_f_01_1,22465,AH1,8569,come,757.9842080187776,1609.9688448875527,3317.4078974971267,808.1087702059633,1559.9820255794639,3170.4446589866443,747.264938597333,1611.10710685969,3332.329081889754,0.05999999999994543,K,M
DCB_se2_ag1_f_01_1,22468,AO1,8570,for,621.714122167547,1105.4266328026097,2757.913090273799,655.6539810184656,1234.7746715526469,2608.371667788916,655.6539810184656,1234.7746715526469,2608.371667788916,0.04999999999972715,F,R
DCB_se2_ag1_f_01_1,22470,AH0,8571,a,786.3708398959526,1593.076670648356,2591.3311364408332,835.0784116982912,1762.3388392136203,2589.397677437901,821.4243803639922,1772.8913080330155,2580.156738172494,0.03000000000020009,R,AW1
DCB_se2_ag1_f_01_1,22471,AW1,8572,hour,885.8634808825907,1672.5796506652557,2671.119700328619,918.9752974975954,1716.2663889250991,2633.911653681297,915.5315750901582,1755.4341075117857,2644.575474609198,0.2899999999999636,AH0,ER0
DCB_se2_ag1_f_01_1,22472,ER0,8572,hour,552.8227302475284,1597.4235614150045,2799.363176370646,608.0467049962483,1419.2785487745043,2888.725546971684,536.558135346494,1699.1398059767942,3010.803471869024,0.0500000000001819,AW1,sp
DCB_se2_ag1_f_01_1,22474,IH0,8574,it,639.4921316766115,1892.1398297632993,3122.1857196641827,787.9019659033742,1901.7660052535605,2797.6755943659446,649.3706277343779,1939.617539992819,3327.171839953073,0.03999999999996362,sp,T
DCB_se2_ag1_f_01_1,22479,EY1,8576,crazy,486.0938859574795,1368.5403927152272,2606.0771836251392,652.9659628250581,2210.73447482017,2292.5639790935506,498.5417846042291,2485.9056954280086,2976.826461404009,0.1499999999996362,R,Z
DCB_se2_ag1_f_01_1,22481,IY0,8576,crazy,403.1870174323154,1911.0505511900676,2805.7693880094544,815.9701935207173,1842.7173916476206,3042.858850219559,418.2480121235369,2505.027990984783,2698.0312080309504,0.1299999999996544,Z,
DCB_se2_ag1_f_01_1,22485,AY1,8578,like,714.8142220941169,1982.1684388865385,2889.1849440774954,747.3280752029311,1872.48018359509,2928.3594805852404,531.7022139255063,2107.6458206425673,2911.0546970895716,0.05999999999994543,L,K
DCB_se2_ag1_f_01_1,22488,AO1,8579,for,566.3164992516733,1119.8878484219558,2961.2503936829003,570.7646287689128,1114.8148678290845,2592.7463382940246,553.8707233694507,1136.2276032978928,2915.084455465767,0.02999999999974534,F,R
DCB_se2_ag1_f_01_1,22491,IY1,8580,me,482.3510129765987,2898.9699253926647,3066.9212144166377,662.3709290444814,2755.778160321698,3213.567281359612,461.45960522329506,2946.220360334592,3080.0094563188854,0.18999999999959982,M,M
DCB_se2_ag1_f_01_1,22493,EH1,8581,maryland,706.6553003769569,1967.1191117403391,2450.0799101388207,733.3243845838202,1933.4165091750742,2295.178206381945,721.2388120646393,1999.093810599723,2400.0589553971045,0.06999999999970896,M,R
DCB_se2_ag1_f_01_1,22495,AH0,8581,maryland,750.2585928435219,1662.3378767242498,2876.5644765659276,786.5595538697258,1680.3712118845447,2676.743606472323,778.4647692774184,1696.6120922096911,2640.7858997746166,0.03000000000020009,R,L
DCB_se2_ag1_f_01_1,22497,AH0,8581,maryland,628.3666951307272,1817.7331257682272,1882.6654790746675,638.9515029154459,1655.1850526150376,1856.5977852759804,568.4370985000729,1858.5512777225354,2074.955616764807,0.04000000000041837,L,N
DCB_se2_ag1_f_01_1,22500,IH0,8582,is,571.0752913561773,1535.700624793246,1794.6534255510048,609.8700196504211,1686.0797748851055,1860.3807254317321,609.3898074460275,1785.514555665253,1877.5559093577797,0.04999999999972715,D,Z
DCB_se2_ag1_f_01_1,22503,AY1,8583,like,791.8378613823709,1922.5464032117811,2851.620783436489,819.4867832999989,1816.3197999118618,2859.7054091596424,683.0293654545529,1949.7938004369903,2822.056339763128,0.03999999999996362,L,K
DCB_se2_ag1_f_01_1,22506,AH0,8584,the,440.10712315504986,1983.2922222737852,3185.849122940967,600.5870343770658,1911.0359902301232,2988.3069052827664,480.9289754452664,1989.6727307245958,3035.96063035124,0.07999999999992724,DH,K
DCB_se2_ag1_f_01_1,22508,AH1,8585,country,757.2409270771444,1612.0977442445915,2668.8693081796537,778.3603269075156,1734.8785163992552,3015.910066907508,778.3603269075156,1734.8785163992552,3015.910066907508,0.06999999999970896,K,N
DCB_se2_ag1_f_01_1,22512,IY0,8585,country,436.57320197122453,1571.3426055137772,2574.806091750211,826.2142767969382,1914.6802537894841,2902.1424542822047,412.37014006274364,2152.8242070454344,2333.7338336162616,0.1299999999996544,R,
DCB_se2_ag1_f_01_1,22515,IH1,8587,it,672.5798261894656,2213.6254867472376,2991.3003575903103,1005.0933615802636,1609.1399584583708,3042.1779904484706,679.3430502444671,2412.290270123611,2885.7450923699944,0.07000000000016371,sil,T
DCB_se2_ag1_f_01_1,22519,IH0,8590,it,573.9465223492157,2096.5767941400527,2938.313368045006,610.9754765530058,1961.3184891792778,2940.6287776361282,594.3814639690305,2100.059107186677,2916.936636823525,0.05999999999994543,sp,T
DCB_se2_ag1_f_01_1,22523,OW1,8592,no,686.0553678927752,1380.9571900252931,3154.7929213472294,708.9861420431414,1496.5781269132074,3159.4849565652858,668.032065764293,1681.9448040468983,3049.997460899981,0.11999999999989086,N,IH1
DCB_se2_ag1_f_01_1,22524,IH1,8593,it,533.2400584174686,1531.671380201689,3019.1381967120265,633.7970316490012,1608.665848407282,2973.7556798227492,538.950022910113,1951.0820427986332,2967.512404983251,0.05999999999994543,OW1,T
DCB_se2_ag1_f_01_1,22528,AA1,8595,not,913.7610787484855,1834.089136287931,2547.8408986665013,916.5066933439722,1810.992325542241,2437.7023150826813,802.2771233764852,2016.2827343172635,2288.53102716759,0.09999999999990905,N,T
DCB_se2_ag1_f_01_1,22531,IH1,8596,city,487.3586317916234,2322.1127846151476,3081.9489134071514,530.7764581401518,2181.0968869287117,3025.351664441762,496.37102737791054,2373.2351171224896,3127.9293224225516,0.06999999999970896,S,T
DCB_se2_ag1_f_01_1,22533,IY0,8596,city,607.8415301541756,2540.4649925937892,3040.634781611909,615.4147588312064,2552.8637088780947,3035.6034288947735,574.2834665343283,2576.6220886497836,2929.5617117223487,0.09999999999990905,T,L
DCB_se2_ag1_f_01_1,22535,AY1,8597,like,833.0591131327965,1884.7386599689148,2856.6582465953907,974.0157167553125,1499.5693971128887,2443.9975151684644,641.2457445110953,1970.8335092519685,2855.6503320030247,0.11000000000012733,L,K
DCB_se2_ag1_f_01_1,22538,AY1,8599,i,1067.7940271376726,1462.8907940404322,2161.5415250175097,1162.8078712878053,1798.7942839619275,2649.2467097451267,1099.2256003402608,1912.4056019386715,3219.670453512485,0.20000000000027285,,L
DCB_se2_ag1_f_01_1,22540,AY1,8600,like,862.8731706304029,1343.5770499763257,2344.511303627129,940.8251484689098,1559.2611038455354,2096.7025721596947,561.5448817013531,2485.1399661344117,3135.975280401199,0.07999999999992724,L,K
DCB_se2_ag1_f_01_1,22543,IY1,8601,seeing,340.42926542177725,1378.3388637791022,2898.583131223867,699.6159947839533,2417.8008829032474,3120.36218715785,528.0573608171162,2463.1794498650797,3081.5612470906162,0.07999999999992724,S,IH0
DCB_se2_ag1_f_01_1,22544,IH0,8601,seeing,672.2906674080051,1360.4783813408296,2746.117140093603,694.5258591837315,2432.3451578090812,3104.4055999951734,688.1076396383581,2461.400663513435,3118.4451896291316,0.03000000000020009,IY1,NG
DCB_se2_ag1_f_01_1,22547,AO1,8603,all,612.7012718378819,1044.084351266581,3164.3389834419386,654.8920870613168,1049.1866431455164,2498.2699817832367,624.6564540379288,1293.4004262460753,2841.89950287311,0.08999999999969077,sp,L
DCB_se2_ag1_f_01_1,22550,IY1,8604,these,587.4767353388437,2115.255566930324,3074.5987596968916,588.2334629198133,2108.4290796628507,3077.4581389030777,563.7538009214147,2269.6081187644186,3049.5980189884162,0.05999999999994543,DH,Z
DCB_se2_ag1_f_01_1,22553,IY1,8605,people,515.4356168482275,2348.0099601811535,3104.3721638523616,516.6875751937686,2338.507288420669,3101.499704141033,509.2171466761389,2394.5802394502007,3118.5496107479444,0.03000000000020009,P,P
DCB_se2_ag1_f_01_1,22555,AH0,8605,people,462.21110957162165,1225.6562061324344,2854.2750321514345,490.98725035333825,1254.4417570570683,3076.2878206321648,451.07759084071984,1276.0218305472906,2890.912293952178,0.03000000000020009,P,L
DCB_se2_ag1_f_01_1,22558,EY1,8606,hey,839.6773067249038,2360.4290208490825,3165.7331418912863,872.2882035783891,2494.842824477585,2984.9514802698545,739.1618308086656,2646.6136696820627,3330.856073395686,0.1499999999996362,HH,HH
DCB_se2_ag1_f_01_1,22560,AW1,8607,how,900.6503342453991,1783.0207887462911,2130.6252549141122,1021.8012995172147,1574.2714784040452,2060.432516406893,782.2800780706274,1905.168668700181,2484.213313866362,0.07999999999992724,HH,Y
DCB_se2_ag1_f_01_1,22562,UW1,8608,you,535.7974773186311,1717.743505660847,2743.8022811971787,598.5792211097969,1916.7764668071525,2267.086976668915,523.2286554321731,2572.2883775021755,2990.719101730219,0.03999999999996362,Y,D
DCB_se2_ag1_f_01_1,22564,UW1,8609,doing,642.3584113537732,1154.0462222997737,2081.7448598915707,648.220822456746,1010.4728989668954,2100.18229212065,622.0260016282236,1913.600213802709,2963.428307644682,0.19000000000005457,D,IH0
DCB_se2_ag1_f_01_1,22565,IH0,8609,doing,611.4938380893695,1718.5015288340055,3031.9387600166606,621.0563552226034,2015.5051429158034,2920.5574713488386,618.5019145489498,2028.3335940502725,2908.975120548314,0.07000000000016371,UW1,NG
DCB_se2_ag1_f_01_1,22569,UW1,8611,you,581.3876260765063,2061.6975380086865,2754.343196520783,581.2651343176734,2060.9898420427626,2753.484925982325,529.98199727965,2265.464789614225,2914.371521348036,0.06000000000040018,Y,N
DCB_se2_ag1_f_01_1,22571,OW1,8612,know,735.926599569169,1549.6815792148254,2966.4622820234376,771.7839476947477,1659.0255526961423,2983.7810618408735,731.4876675208186,1728.9737289083168,2916.811665910108,0.11999999999989086,N,sp
DCB_se2_ag1_f_01_1,22574,EH1,8614,let,690.3549901132819,2065.847417654933,3097.5830617499714,796.8152675755713,1959.4727987960828,3099.986494390169,695.72737837285,2067.9960893864413,3100.909317216202,0.0500000000001819,L,T
DCB_se2_ag1_f_01_1,22578,IH1,8616,get,627.5631163860576,2574.9931756109345,3151.7190352721905,662.0530136275447,2550.2550050276072,3122.684452586576,507.9827767034537,2634.098265427391,3057.0311864777696,0.03999999999996362,G,T
DCB_se2_ag1_f_01_1,22581,UW1,8617,to,561.4174088788662,1887.4159869649145,2906.1987286714593,611.6276198546602,1787.9279610321694,3008.090559031458,555.1593449396208,1887.4659380841797,2902.6373790910784,0.04999999999972715,T,DH
DCB_se2_ag1_f_01_1,22583,IY0,8618,the,528.607713703733,1991.9596565822485,2876.5502857725974,542.962295438825,2000.989648353537,2925.702236838409,536.5163280654706,2030.1781640597521,2924.234643084468,0.07000000000016371,DH,T
DCB_se2_ag1_f_01_1,22586,EY1,8619,train,586.9112549816496,2492.778310878305,2848.54047001484,692.8463759033878,1856.960165289162,2390.7361913623654,584.1456926496927,2453.8651901459884,2816.13727212663,0.13999999999987267,R,N
DCB_se2_ag1_f_01_1,22590,EY1,8620,station,503.6576703613958,2363.532145974396,2742.2929261863947,605.0028828324903,2016.2402065700599,2555.753743941817,470.84498420243074,2549.9562700030865,2623.3757496709354,0.11000000000012733,T,SH
DCB_se2_ag1_f_01_1,22592,AH0,8620,station,572.7500509571476,1982.7896034455805,2821.0270673007944,604.2513088767813,1953.1250637532278,2943.56184680332,548.7461276736645,2169.559530433016,2569.385616245004,0.02999999999974534,SH,N
DCB_se2_ag1_f_01_1,22595,EH1,8621,let,807.2699378215706,1650.9485591619346,2291.2663614024364,836.5840685951392,1845.1267094970087,2916.455627356031,829.3928481067402,2131.7052712093346,3258.6245483365724,0.07999999999992724,L,T
DCB_se2_ag1_f_01_1,22599,AO1,8623,walk,697.9186139854008,1213.9283671500716,3002.6712502184123,754.2387937141866,1190.039447073187,3091.7626797221155,631.9217729556783,1295.2853531544463,3061.329413372433,0.13000000000010914,W,K
DCB_se2_ag1_f_01_1,22602,IY1,8624,here,569.964924062171,2435.9839231627175,2948.1227323364647,609.8141386968451,2521.9501539759776,3211.3509600026186,604.6051168420412,2539.961289718739,3322.306243214445,0.08000000000038199,HH,R
DCB_se2_ag1_f_01_1,22605,EH1,8625,let,659.258362514442,1746.1974693378136,2971.500708065206,683.6050835905177,1808.3082726534071,3002.2120747734334,651.4303580688095,1842.8398951758127,2831.332710491316,0.0500000000001819,L,T
DCB_se2_ag1_f_01_1,22609,UW1,8627,do,557.1908959616115,1863.6628027337724,2833.1206607597896,567.3727017092456,1864.8421527235826,2854.6923432470003,553.2229781073486,1871.0981452670994,2747.1815329671986,0.0500000000001819,D,sp
DCB_se2_ag1_f_01_1,22612,EH1,8629,maryland,591.8068493205016,1274.468802662933,2501.086216505211,670.0994411220089,2308.7011217204854,2928.524569543206,664.6658450031516,2291.532340492633,2912.7360721452615,0.07999999999992724,M,R
DCB_se2_ag1_f_01_1,22614,AH0,8629,maryland,746.9281462433937,1566.2837483497956,2516.6923295442234,754.5267762340053,1599.0853733499573,3061.767218177064,719.967222561982,1849.1009396078134,2219.5139131268766,0.03999999999996362,R,L
DCB_se2_ag1_f_01_1,22616,AH0,8629,maryland,567.8266884053003,2014.6436759360695,2490.144986730438,612.7297181730414,1733.8668136347083,2391.593419593489,557.9870122574257,2028.2233550464161,2379.187869105002,0.0500000000001819,L,N
DCB_se2_ag1_f_01_1,22619,IH1,8630,is,494.1053843927385,2080.655172448806,3000.5094351826183,558.8516187026217,2025.7813405606012,2957.631612884762,519.9738782962527,2140.1071608549896,3029.8415742166158,0.05999999999994543,D,Z
DCB_se2_ag1_f_01_1,22623,AA1,8632,not,934.904994380228,1621.2563177942131,2000.5010583876126,960.9561964777191,1210.6106422080532,2097.18427019755,933.9673017232972,1991.4915141360775,2856.459227826891,0.14000000000032742,N,T
DCB_se2_ag1_f_01_1,22626,AY1,8633,my,864.9842421211566,1715.0699522850207,2814.8445017407034,874.8487706808838,1660.6071346957378,2782.4666582290306,687.9698720529942,1959.8900255041185,2929.7584702354343,0.11000000000012733,M,sp
DCB_se2_ag1_f_01_1,22629,IH1,8635,thing,581.999986074186,2196.9827876145555,2893.273864513447,588.7869730127086,2049.685983084478,2884.2710339711007,548.6848771733623,2392.1296143372565,2968.314402187296,0.07000000000016371,TH,NG
DCB_se2_ag1_f_01_1,22633,AE1,8637,that,697.2959984594372,1997.8466279246607,2891.4500753035077,718.6793376701564,1963.392261969904,2957.7439931996705,666.4880258525147,2014.332982128683,2879.141832101272,0.02999999999974534,DH,T
DCB_se2_ag1_f_01_1,22637,AY1,8639,why,835.7564897366641,1427.0895057781374,2839.4129364256814,845.2459514437077,1419.7259924940874,2816.9046551471665,807.8991511320157,1442.9962690424409,2812.9733210515788,0.03000000000020009,W,AH0
DCB_se2_ag1_f_01_1,22638,AH0,8640,i'm,706.6561915341915,1041.3340828735438,2308.571505236231,828.7253015315534,1279.305030471222,2888.087556453606,763.4903936160852,1384.4842336016407,2928.809527457906,0.03999999999996362,AY1,M
DCB_se2_ag1_f_01_1,22640,AO1,8641,always,720.742557443693,1183.1143739338872,3197.616422016794,722.9642581500804,1184.0262406971692,3196.6652197027515,721.1411179429819,1183.2779576566693,3197.445781719422,0.05999999999994543,M,L
DCB_se2_ag1_f_01_1,22643,IY0,8641,always,541.4897063215112,2093.0939119610125,3008.5697698445515,541.3540000087147,2003.3445875671416,2914.108843039288,539.4494164788792,2133.2962192047657,3038.257615955673,0.05999999999994543,W,Z
DCB_se2_ag1_f_01_1,22645,IH0,8642,in,531.0646185644647,1966.752072975271,2946.1440636378697,532.0955856180539,2035.798416206835,3022.7168955503503,523.6300811902514,2091.9737829297496,3224.0453714727337,0.04999999999972715,Z,N
DCB_se2_ag1_f_01_1,22648,IY1,8643,dc,499.2859964253871,2694.4929424639863,3077.8009005114977,516.1042032442316,2776.6046287481327,3129.4156142211705,516.3917245185361,2777.12641313808,3133.857198988209,0.07999999999992724,D,S
DCB_se2_ag1_f_01_1,22650,IY1,8643,dc,514.1573316831359,2371.858911870768,2984.81174113201,714.5043086819433,1738.6049722939163,2927.909642558976,512.6585397181329,2863.2037087315484,3109.6766880430446,0.07000000000016371,S,AY1
DCB_se2_ag1_f_01_1,22651,AY1,8644,i,710.6225790268577,1568.7500649538133,2762.3220838463712,889.7590592020575,1803.1822666802489,3031.9686186463464,889.7590592020575,1803.1822666802489,3031.9686186463464,0.05999999999994543,IY1,S
DCB_se2_ag1_f_01_1,22654,IY1,8645,sleep,500.00078021836174,1770.9828024436495,2671.2576405855025,622.3098036043066,2063.019168769075,2870.045021085561,488.30711466846714,2303.0332684748864,2675.343896747279,0.04999999999972715,L,P
DCB_se2_ag1_f_01_1,22656,IH0,8646,in,535.6367199403354,1788.430954341872,2364.337300594486,662.732867279719,1914.2124397123853,2842.2836956816477,662.732867279719,1914.2124397123853,2842.2836956816477,0.05999999999994543,P,N
DCB_se2_ag1_f_01_1,22659,EH1,8647,maryland,591.0980043856252,1511.9870420998523,2017.273754395161,592.033515470082,1500.147807346552,2014.1106437662909,588.1588024260823,1529.612528213484,2028.8297240913548,0.02999999999974534,M,R
DCB_se2_ag1_f_01_1,22661,AH0,8647,maryland,562.0095968783427,1535.3221893389084,2512.6897954845026,574.579726645215,1595.058841706256,2405.8380552808057,574.579726645215,1595.058841706256,2405.8380552808057,0.02999999999974534,R,L
DCB_se2_ag1_f_01_1,22663,AH0,8647,maryland,537.926845653602,1497.218140843441,2437.4403053401793,567.6013872252448,1560.2172345007195,2577.1515631305274,551.3705770636977,1621.2399169476626,2561.863852106555,0.02999999999974534,L,N
DCB_se2_ag1_f_01_1,22670,AE1,8650,that,717.622942390636,1866.1250325410201,2725.99018165948,726.3882429729557,1798.0854842693427,2558.0830812589534,722.1459674328688,1909.1578857850839,2744.449094410408,0.05999999999994543,DH,T
DCB_se2_ag1_f_01_1,22674,AE1,8652,that,725.0724711796832,1846.801947509432,2685.3418228156684,743.4461026068025,1768.3374770115918,2688.643803389781,717.1348930796808,1844.8153756378015,2703.195764416036,0.02999999999974534,DH,T
DCB_se2_ag1_f_01_1,22677,EY1,8654,h,766.3865756767007,1596.927162801236,2733.6090371165465,765.1400873137495,1683.275855029687,2663.980168949403,746.4412676786546,1692.354745984589,2626.328584801613,0.09000000000014552,Z,CH
DCB_se2_ag1_f_01_1,22680,AE1,8655,that,773.5110957001887,1710.3585884196737,2602.430671994716,786.6709051283462,1738.8455153744221,2639.982799007316,768.4736929495026,1756.0954026430265,2638.0414618006125,0.02999999999974534,DH,T
DCB_se2_ag1_f_01_1,22684,AW1,8657,how,784.8177350783276,1407.6437381070248,2398.244906419537,832.1928417588603,1528.9024167600135,2342.8707020162174,832.1473962175162,1539.2246852251783,2270.4590546246377,0.02999999999974534,HH,AY1
DCB_se2_ag1_f_01_1,22685,AY1,8658,i,947.9583256954954,1548.4763591055455,2484.225046076272,1010.61159199719,1583.9108440163327,2408.2962219304604,998.5493710870495,1647.270345264399,2272.608549965411,0.11000000000012733,AW1,EH1
DCB_se2_ag1_f_01_1,22686,EH1,8659,f,808.1102208108329,1506.7877593766755,2505.4000735291615,908.6710020918769,1412.325524778843,2358.757521075335,791.0022080600351,1545.9171336490986,2545.6522134078164,0.03000000000020009,AY1,F
DCB_se2_ag1_f_01_1,22690,AH0,8661,that,553.6432101790829,1621.737588100267,2822.8077888648695,582.8011721098279,1436.6400555830066,2728.5576942305156,549.237776332829,1833.9346515260952,2889.0066962236856,0.03000000000020009,DH,T
DCB_se2_ag1_f_01_1,22692,EH1,8662,s,768.2554725872045,1788.0491137694698,2476.768934359742,769.5279726548615,1786.052323803818,2469.582426467345,584.4621353576567,1849.3841864178655,2623.9539957739335,0.05999999999994543,T,S
DCB_se2_ag1_f_01_1,22695,AH1,8663,what,616.110954558787,1530.7363714945432,2622.7769766134,618.0781787482113,1504.5588556244006,2637.739399959587,596.0679270528282,1590.0855082712017,2489.5203926407958,0.03000000000020009,W,T
DCB_se2_ag1_f_01_1,22697,AY1,8664,i,758.7970342053802,1275.1050335625487,1882.63172714642,908.7307082067407,1627.7330745554348,2082.643787698163,836.7363166865946,1677.1490523057942,2429.5828949782167,0.09000000000014552,T,F
DCB_se2_ag1_f_01_1,22699,IY1,8665,feel,632.3323063403446,1346.4101549521517,2740.3249761188504,821.9628111745244,1545.0867814566923,2441.6630933629795,821.9628111745244,1545.0867814566923,2441.6630933629795,0.02999999999974534,F,L
DCB_se2_ag1_f_01_1,22702,AY1,8666,like,737.9426593675378,1894.4487693874319,2806.5296941772517,768.3889099323661,1695.6029242879017,1967.7174251447036,635.7932411886408,1934.854549116962,2654.3972998248196,0.03999999999996362,L,K
DCB_se2_ag1_f_01_1,22704,AY1,8667,i,948.2559902959154,1787.3700358281862,2225.686717222587,1007.375724361027,1806.9062128818605,2232.515461238201,900.3585789240807,1818.0689506328008,2167.8374212499384,0.1000000000003638,K,S
DCB_se2_ag1_f_01_1,22707,IY1,8668,sleep,513.2775309276892,1666.3693536911671,2842.1133781210374,610.3836691170579,2477.3408467683084,2891.5145879670454,596.8496329896817,2452.8918424133235,2836.4818993911153,0.07000000000016371,L,P
DCB_se2_ag1_f_01_1,22709,IH0,8669,in,530.0062063784958,2168.3400623986827,2943.657586942765,640.1287708627206,1772.188675427584,3026.2958858657476,516.2311932930213,2260.8996146549907,2946.51513164806,0.07999999999992724,P,N
DCB_se2_ag1_f_01_1,22712,EH1,8670,maryland,602.5242286440887,1641.3207795061355,2018.426494438246,610.3104601740765,1682.5705159401487,1846.9083065453372,609.4623136239667,1738.9843333653466,1845.5323354087618,0.03000000000020009,M,R
DCB_se2_ag1_f_01_1,22714,AH0,8670,maryland,608.099059959999,1628.338140515053,2722.367894763195,609.6840771446621,1606.1961107462669,2711.1061787942517,604.4398217062751,1804.132694528116,2015.3616083669162,0.02999999999974534,R,L
DCB_se2_ag1_f_01_1,22716,AH0,8670,maryland,419.09466418138953,1363.2056913927945,2179.114754268923,434.2684350356388,1421.650551473129,2506.9383226190293,434.2684350356388,1421.650551473129,2506.9383226190293,0.03000000000020009,L,N
DCB_se2_ag1_f_01_1,22722,AH1,8672,but,576.4664323390858,1642.6647778220895,2677.439186044624,654.8233741266009,1706.6732259037258,2786.440329554938,655.1022668852129,1707.2711435344067,2783.665306883008,0.02999999999974534,B,T
DCB_se2_ag1_f_01_1,22724,AY1,8673,i,933.1820669298041,1753.6378723042415,2762.130532751332,1036.7665921563741,1735.7175580255619,2611.3715757185305,897.9778466757369,1796.5023785915046,2903.7868699082296,0.09999999999990905,T,L
DCB_se2_ag1_f_01_1,22726,IH1,8674,live,483.7273492827652,2305.85524393932,3113.1119449674566,589.9631354606197,1896.6635294488317,2904.219501288658,480.3532791599094,2309.6578938149005,3107.398439652195,0.09000000000014552,L,V
DCB_se2_ag1_f_01_1,22728,IH1,8675,in,591.4029936587826,2045.0788554940084,3203.8719471303493,610.4604126949907,2117.433613717698,3192.423716566796,606.7574539416028,2150.1511037974733,3237.8135745699137,0.04000000000041837,V,N
DCB_se2_ag1_f_01_1,22731,IY1,8676,dc,535.3049814804336,2727.1690219932875,3408.5878259327865,545.4367539637276,2659.9008110367677,2957.4803092495254,535.1977524565585,2726.9702679099328,3362.308742586071,0.09999999999990905,D,S
DCB_se2_ag1_f_01_1,22733,IY1,8676,dc,720.2515837643632,1448.430041507329,2785.087918599051,808.7962370024146,2204.5634974086533,3039.963697305544,535.2625015366185,2512.6176520064632,2671.2240747420055,0.11000000000012733,S,sp
DCB_se2_ag1_f_01_1,22736,OW1,8678,no,675.03351596124,1204.671806109283,1375.459457907043,899.6680525641762,1476.3415173134229,3675.7682856233964,499.1312959242286,2265.907589621818,3992.1388426015906,0.32999999999992724,N,
DCB_se2_ag1_f_01_1,22740,OW1,8680,no,699.4103761854681,1708.5972583244538,2695.2809796380197,1065.3800231916957,1874.6708130744644,2732.8436412336105,655.0255912521305,1761.603415975385,2537.4966057229794,0.25,N,sp
DCB_se2_ag1_f_01_1,22743,UH1,8682,you're,623.9529511848118,1812.095564976652,2864.9103279300903,647.4221242852673,1912.5759741444158,2131.211966594742,579.5291343036928,2689.281103298874,3352.807017712508,0.0500000000001819,Y,R
DCB_se2_ag1_f_01_1,22746,AA1,8683,not,855.0255718357491,1915.963880508552,2390.3370699110365,993.1398650545977,1910.7587079250743,3129.063239036725,821.0676297005209,1935.6929270277578,2152.3141501838786,0.09000000000014552,N,T
DCB_se2_ag1_f_01_1,22749,ER0,8684,from,630.6281775725307,1317.4549816438525,1830.655397571275,639.1397722426246,1395.470374382306,2596.1428303995385,527.2476214621443,1443.1684321471455,2394.4409645415303,0.06999999999970896,F,M
DCB_se2_ag1_f_01_1,22752,IY1,8685,dc,543.8297906629338,2771.004430492916,3103.012402290923,553.4113176839926,2770.9699167505682,3128.0713151430537,545.0638997684703,2785.499917955382,3150.6653687879248,0.13999999999987267,D,S
DCB_se2_ag1_f_01_1,22754,IY1,8685,dc,489.6916894908243,1521.7537010889318,2734.3512848947753,667.1567171241304,1879.5679269429993,3106.324996060842,498.5489557954021,2655.5331470280116,3022.4687301749154,0.23999999999978172,S,
DCB_se2_ag1_f_01_1,22758,IH0,8687,because,588.8511980272722,2625.8601228058074,3105.9748038606385,639.0205977617967,2066.324148073867,3090.403513912387,608.5927485982795,2675.9467774861064,3050.192019759398,0.07999999999992724,B,K
DCB_se2_ag1_f_01_1,22760,AA1,8687,because,642.2537011616338,1894.3212991040944,3033.506766762116,663.2782386092192,1968.9039313554094,3113.131047162041,549.0167822504819,2098.4180280033556,2943.3164921495027,0.09000000000014552,K,Z
DCB_se2_ag1_f_01_1,22763,UW1,8688,you,606.8321797443525,1872.1864813004959,3066.2083982144613,609.3132583169186,1920.4485357094409,3191.260724539939,546.3147924618554,2113.568522189631,3287.253291369088,0.0500000000001819,Y,sp
DCB_se2_ag1_f_01_1,22766,UW1,8690,you,562.1620904203359,2006.2468403100488,3406.6994805214067,585.1643699332013,1863.3788403936837,3472.5608583544035,400.29660854533415,2712.022809025934,3282.4846696368018,0.07000000000016371,Y,D
DCB_se2_ag1_f_01_1,22768,OW1,8691,don't,762.4307365624213,1221.7725524285804,2803.237737929521,872.3610797575755,1487.9792779212225,3307.807721418658,624.0781735593222,1685.208752381405,3544.1170591892137,0.15000000000009095,D,N
DCB_se2_ag1_f_01_1,22771,AE1,8692,have,847.4394390395508,2120.621736096026,2317.9044816173614,863.0465472673859,2121.4218544419896,2345.5367894206206,847.5463704416159,2180.425143579433,2316.027341542957,0.03999999999996362,HH,V
DCB_se2_ag1_f_01_1,22774,AH0,8693,the,652.4897926085326,1406.0100595859544,2732.3694289531145,686.3594374430749,1549.0713324921624,2967.048948307044,529.6340328550945,1725.9827472702186,2779.904139489146,0.07999999999992724,DH,F
DCB_se2_ag1_f_01_1,22776,UH1,8694,full,552.0925046618412,820.2268171472502,3340.6193187090653,566.54378887047,917.6649971304323,2888.90824619116,566.54378887047,917.6649971304323,2888.90824619116,0.09999999999990905,F,L
DCB_se2_ag1_f_01_1,22779,IY1,8695,dc,502.1321788161543,1169.2011024173144,3006.3649621412783,1944.101740039832,2254.718789492202,3588.20111090982,462.09697944441484,2812.3235726423172,3354.6545963726976,0.17000000000007276,D,S
DCB_se2_ag1_f_01_1,22781,IY1,8695,dc,526.1808658729127,2088.333412937498,2972.3782539043927,719.0369270533575,2447.5913761828515,3301.075681891232,549.116005791313,2838.7846619855086,3276.2857759204544,0.19000000000005457,S,IH0
DCB_se2_ag1_f_01_1,22782,IH0,8696,experience,663.099370004124,1773.7538317454978,2802.690431381338,743.6583363663958,1303.6113235411265,2617.615951412537,588.9735766672452,2552.25846031022,2987.0497363332197,0.13999999999987267,IY1,K
DCB_se2_ag1_f_01_1,22786,IH1,8696,experience,505.7989738330872,1902.5966921418624,2262.8363608287336,632.1544942636856,2145.493828134552,2382.275009474585,464.1736746080341,2402.296734538109,2568.818603720231,0.12000000000034561,P,R
DCB_se2_ag1_f_01_1,22788,IY0,8696,experience,524.9668511156655,1673.2567822848214,2949.734387949707,648.5425116006238,2109.4992124788873,2339.970974060838,529.2053415867471,2631.7622093809873,2781.9984747672615,0.15999999999985448,R,AH0
DCB_se2_ag1_f_01_1,22789,AH0,8696,experience,515.7746528140481,2182.36298229533,3017.8954458558665,561.9309991584418,2355.0352899152226,3118.8490671893783,557.8825391673029,2352.288040003304,3101.7373285987096,0.0500000000001819,IY0,N
DCB_se2_ag1_f_01_1,22794,AY1,8698,like,669.5405299731075,2252.198913922725,3398.893588936978,700.867730103693,1875.7891467987033,3110.0975384586895,561.9349909233032,2362.730767351619,3240.374291193063,0.03999999999996362,L,K
DCB_se2_ag1_f_01_1,22796,IH1,8699,if,556.3483116749958,1899.694250353252,2831.618757818868,805.6299417689962,1467.8796856344031,2707.0307767154522,766.6570032526533,2572.0864835979132,3396.0261301820683,0.08999999999969077,K,F
DCB_se2_ag1_f_01_1,22800,UW1,8701,you,701.6480961999764,1377.8886003167745,3261.483872314921,994.3925348844481,2296.026863417788,2954.0412303468397,628.959521703733,2754.856341342418,2968.8251582182893,0.15999999999985448,Y,
DCB_se2_ag1_f_01_1,22803,IH1,8703,if,464.836960661047,2286.3385760479773,2523.4332240488966,680.5916689738197,1998.2805071253945,2678.155130701335,593.3660910385195,2483.9289349608225,2879.251022201045,0.21000000000003638,sil,F
DCB_se2_ag1_f_01_1,22806,UH1,8704,your,653.9620002460904,2113.823229900324,2369.994026910528,727.4035750706915,1697.8764328452125,2638.109070380754,415.3108601864126,2540.746906202735,3248.062333134213,0.05999999999994543,Y,R
DCB_se2_ag1_f_01_1,22809,EH1,8705,parents,695.6184805647503,1867.7262570535493,2896.824731439549,774.4222951422246,2121.9909081976684,3225.277467563013,668.687826275961,2297.673847255304,3042.2765691922846,0.169999999999618,P,R
DCB_se2_ag1_f_01_1,22811,AH0,8705,parents,674.796959414984,2035.9198550290478,3109.9205043280695,678.9296665832331,1986.6083309058201,2880.395977637465,664.9240460233467,2234.265940639491,3192.385507317572,0.03000000000020009,R,N
DCB_se2_ag1_f_01_1,22817,AY1,8706,drive,1019.6994830362235,1627.6326792029033,2055.356667056335,1078.565384800005,1827.690694219478,2173.0425541828104,985.7647132584348,1894.5988076469846,1979.9643162259151,0.15000000000009095,R,V
DCB_se2_ag1_f_01_1,22820,UW1,8707,you,500.8441210819774,1012.7874285385474,3134.821535109376,781.3321249773373,1903.3263066039501,2932.70934183341,441.02340700539014,2333.2597207867034,2928.318469544063,0.1799999999998363,Y,EH1
DCB_se2_ag1_f_01_1,22821,EH1,8708,everywhere,831.6416685295807,1943.600674149742,2589.5636295804716,860.8472835557707,1999.2107522266651,2841.3475830976026,857.2722040402629,1994.8813263764803,2828.981827436958,0.09000000000014552,UW1,V
DCB_se2_ag1_f_01_1,22824,IY0,8708,everywhere,521.954423828995,1572.0441166799078,2767.4041002081162,533.2286780924082,1321.0023731939827,2805.595404861568,520.4085753288773,1965.223732487155,2763.237692862976,0.09000000000014552,R,W
DCB_se2_ag1_f_01_1,22826,EH2,8708,everywhere,531.5456086045232,1580.4980891059054,2674.8802081764443,587.6633733006568,1109.9392794739015,2330.954658556927,537.9345075475,2244.8994770308564,3565.9052657628454,0.05999999999994543,W,R
DCB_se2_ag1_f_01_1,22829,AE1,8709,that,697.0355644685818,2134.6149196829656,3205.997246299885,703.3021403184938,2134.318919259918,3197.401926862108,680.0685115129298,2135.3273803461275,3221.8828854466437,0.03999999999996362,DH,T
DCB_se2_ag1_f_01_1,22832,UW1,8710,you,509.3657267033419,1018.4707895419712,2849.728432823247,584.1764999004325,733.0784850682653,2894.2672301709795,479.8027230518624,1929.3948091881157,3100.0097056655263,0.09000000000014552,Y,sp
DCB_se2_ag1_f_01_1,22835,OW1,8712,go,705.4045857031891,1401.0471043124114,3351.0161206236644,706.950896427295,1430.9005751890568,3315.575753866113,481.9214603366878,1716.3852299740513,3171.319116774978,0.15999999999985448,G,Y
DCB_se2_ag1_f_01_1,22837,UW1,8713,you,431.6759615565313,1216.2754137838485,2841.2222695686646,650.1924085638921,2782.837520184595,3537.9922096994915,650.1924085638921,2782.837520184595,3537.9922096994915,0.1000000000003638,Y,D
DCB_se2_ag1_f_01_1,22839,UW1,8714,do,535.5198580689963,1198.1360875894331,3002.4091830719053,535.5772875868273,1198.437302678941,3002.846774358843,452.1947650403799,1771.1768872156495,2927.283073558476,0.15000000000009095,D,N
DCB_se2_ag1_f_01_1,22841,AA1,8715,not,971.7287992172882,1942.6063678105595,3282.4258473217087,975.0734832344551,1996.2735592608228,3340.644325041978,959.509446266574,2018.1103713575815,3417.186494155251,0.11000000000012733,N,T
DCB_se2_ag1_f_01_1,22844,AE1,8716,have,756.753553029032,1981.1535331120817,2043.1354956153766,777.2804094204108,2137.1929001594904,2876.2498550582377,777.2804094204108,2137.1929001594904,2876.2498550582377,0.0500000000001819,HH,V
DCB_se2_ag1_f_01_1,22847,AH0,8717,the,559.7068540844606,1606.4360750075555,3129.1825426826117,557.8017659431761,1617.5102870791745,3128.3887608350938,478.92301455460483,2040.4292162432723,2851.156792338711,0.07000000000016371,DH,F
DCB_se2_ag1_f_01_1,22849,UH1,8718,full,519.7054424090486,861.7799704126124,3117.9294351685744,539.7051274027322,830.1399384574394,3108.2256410346395,536.3618884832389,946.4110946687858,3086.0324516481787,0.04999999999972715,F,L
DCB_se2_ag1_f_01_1,22852,IY1,8719,dc,553.8042878517332,2778.0019240809006,3305.6031899802556,580.6485644468959,2863.519713465183,3504.2094682956995,578.839061469504,2863.412688689229,3511.0463718499186,0.11999999999989086,D,S
DCB_se2_ag1_f_01_1,22854,IY1,8719,dc,464.5147962739448,2533.0154765485304,3112.32780927652,639.6315146852917,1373.0677414505749,2400.127496968739,545.1382200589195,2769.8417968423596,3278.912182951168,0.17000000000007276,S,IH0
DCB_se2_ag1_f_01_1,22855,IH0,8720,experience,621.5338487295157,2429.3739508031126,3030.0701290624875,625.8037074110362,2314.666244753259,2972.56876165141,619.0812496302799,2441.5443543301158,3033.865687605345,0.0500000000001819,IY1,K
DCB_se2_ag1_f_01_1,22859,IH1,8720,experience,519.5989684741892,1641.7463725175373,2185.035807295111,657.7153045567333,1667.5250995982985,2275.631210604047,500.70635081343363,1826.6389655103067,2196.871036173858,0.0500000000001819,P,R
DCB_se2_ag1_f_01_1,22861,IY0,8720,experience,458.53107750514476,2530.421535189514,2965.1637976830125,568.5022492382965,2335.1716512908515,2447.0451548592964,472.6489465709813,2576.510162997106,2926.2336281290686,0.08999999999969077,R,AH0
DCB_se2_ag1_f_01_1,22862,AH0,8720,experience,474.8909533250374,2410.359811001756,2964.0312753911167,478.82141163566365,2401.169664974178,2957.951301682987,439.25056960124914,2558.4230436115986,2967.202082667158,0.03000000000020009,IY0,N
DCB_se2_ag1_f_01_1,22867,UW1,8722,you,384.5335627119605,1120.7686647621254,2833.902250133996,434.2011651627983,1024.1944543771062,2723.2338517242174,409.87532661043144,2479.3304467745093,2929.514627057139,0.15000000000009095,Y,sp
DCB_se2_ag1_f_01_1,22870,IY1,8724,need,567.7794808093413,2892.1529672495053,3275.8889183954298,574.1665689913538,2849.184959277542,3299.34077264925,472.0109556540022,3035.5581373963237,3493.957376474041,0.07999999999992724,N,D
DCB_se2_ag1_f_01_1,22873,AH0,8725,to,514.3619567626304,1894.0670079158717,3149.5208260828854,583.7162139276351,1741.219422052592,3051.8257856905484,556.9595270668696,1983.7325693203563,3251.621353688459,0.07000000000016371,T,K
DCB_se2_ag1_f_01_1,22875,AE1,8726,catch,698.5401029650778,2067.542681237377,2951.0737684441656,772.1423865728754,2273.2407688253397,3278.500698103648,768.3192354072197,2302.2781212158397,3307.735814618958,0.11000000000012733,K,CH
DCB_se2_ag1_f_01_1,22878,AH0,8727,the,510.0789854420446,1936.256408108851,2991.7914990352324,547.1448493193278,1901.120400741077,3168.2578036431337,509.5373612593355,1933.8966553579705,2994.160412080149,0.07999999999992724,DH,sp
DCB_se2_ag1_f_01_1,22882,EY1,8729,train,586.6902791802778,2097.4822183702304,2891.128145585216,820.3677712860174,1689.7719483452856,2443.017850959737,557.5123016367528,3012.1706404436886,3141.911214581759,0.25,R,N
DCB_se2_ag1_f_01_1,22884,EH1,8730,everywhere,700.9556815476049,2180.787436743358,2974.9614261230377,745.4318334370214,2073.7346449697757,2935.155728694439,608.6126504588239,2345.696447444231,2561.7223243324815,0.11999999999989086,N,V
DCB_se2_ag1_f_01_1,22887,IY0,8730,everywhere,530.7346110191276,1582.6846415454054,2459.934790576383,597.9355200224339,1333.9277678313877,2525.619190567819,521.307712192762,1754.2273655564236,2448.0200355780717,0.05999999999994543,R,W
DCB_se2_ag1_f_01_1,22889,EH2,8730,everywhere,538.030769283989,1864.8207971046859,2610.1939825923305,576.7497770160247,2185.902979538591,2709.574891653241,576.5912247977993,2191.7320434610774,2708.609820322078,0.03999999999996362,W,R
DCB_se2_ag1_f_01_1,22892,UW1,8731,you,489.7140148122201,2339.1213242019467,2553.126024649782,570.6909882904782,2108.145958227553,2737.666501877619,440.38461289851176,2643.2722367859224,3010.0085427636086,0.07999999999992724,Y,sp
DCB_se2_ag1_f_01_1,22895,OW1,8733,go,595.9911908559626,1577.015451039431,2649.593114225197,615.6870964154971,1532.712795688051,2804.1862277061236,497.3095090900446,1940.9698631010037,2465.460417435156,0.08999999999969077,G,sp
DCB_se2_ag1_f_01_1,22898,IH1,8735,if,474.42921719575196,2416.8325389930906,2976.3076832240313,933.7186287643266,2357.44600599561,3227.662268683929,504.658394392488,2475.4990106137584,3258.7349134652254,0.13999999999987267,,F
DCB_se2_ag1_f_01_1,22901,UW1,8736,you,374.4599724987156,1067.0291565824684,3085.333308549279,687.9850131899987,1174.5535713187028,3223.6322920527164,453.14922774500695,2523.0513727029447,2953.426111109976,0.15999999999985448,Y,HH
DCB_se2_ag1_f_01_1,22903,AE1,8737,haven't,854.637157053812,1988.8575987739305,2899.494877446625,858.5890868051908,2247.9056857520322,2995.888032910173,856.0223909460306,2240.583513030548,3001.9497607126555,0.09999999999990905,HH,V
DCB_se2_ag1_f_01_1,22905,AH0,8737,haven't,549.7272447560291,1485.2963192690968,2381.9599262892166,556.1642155001492,1495.9320429679315,2400.999951914662,543.5761135965026,1726.0712851589094,2462.84790797675,0.04000000000041837,V,N
DCB_se2_ag1_f_01_1,22908,IH1,8738,been,525.0985372136166,2312.2935651188827,3134.825691023583,538.7537710139763,2121.4488443874425,3158.014534175588,529.2060009476315,2319.7109767743927,3114.388461202876,0.06999999999970896,B,N
DCB_se2_ag1_f_01_1,22911,UW1,8739,to,514.0591378345201,1476.4309704663801,3210.8895159645435,528.4160734504627,1433.8382726635268,3006.3940033926497,494.4155924586951,1746.6847481558523,3204.5703336958736,0.06999999999970896,T,DH
DCB_se2_ag1_f_01_1,22913,AH0,8740,the,513.4948161363853,1719.2330942271242,2858.758913321093,513.7749905863968,1716.42265020166,2847.622112362369,481.8075369882766,1793.650924076832,2965.8019502954085,0.07999999999992724,DH,S
DCB_se2_ag1_f_01_1,22916,IH0,8741,smithsonian,472.9676751771936,1734.1265686829174,2654.441511950576,601.6476655976227,1743.047556453231,3061.7597616150265,496.1360076352143,1805.4731533070892,2727.033581167393,0.09000000000014552,M,S
DCB_se2_ag1_f_01_1,22918,OW1,8741,smithsonian,623.400787995292,1301.2995083406993,2966.890908610066,1068.8966321347511,2172.935895896088,3147.097610305068,1068.8966321347511,2172.935895896088,3147.097610305068,0.14000000000032742,S,N
DCB_se2_ag1_f_01_1,22920,IY0,8741,smithsonian,545.1378171594173,2868.0073441645613,3746.7668497044415,614.0839595397241,2843.6796960589436,3965.4620979875717,545.3297665502495,2894.2008721052443,3745.8304028873767,0.11000000000012733,N,AH0
DCB_se2_ag1_f_01_1,22921,AH0,8741,smithsonian,534.7006320169585,1634.0143329478285,2753.931046318042,573.3513117582007,1621.479196216823,2511.411406645697,561.2342446633974,1738.791494415455,2625.019162422486,0.03999999999996362,IY0,N
DCB_se2_ag1_f_01_1,22925,UW0,8742,museums,527.573507820447,1454.328750645313,2737.634828637809,547.0178965377792,1344.277580213935,2667.779074284227,491.5306009199883,1788.6578345690282,2487.816437189899,0.06000000000040018,Y,Z
DCB_se2_ag1_f_01_1,22927,IY1,8742,museums,573.3762740811359,2177.8107522037053,2858.590128467742,676.2779058671141,2094.509677645895,2751.3996972273467,596.559413569595,2238.6711518978223,2827.324818065348,0.09999999999990905,Z,AH0
DCB_se2_ag1_f_01_1,22928,AH0,8742,museums,623.6744341147031,1621.1903115699656,2643.052688067157,643.1427839264239,1848.549431266247,2997.8964877698663,643.3507451563413,1850.4727021153308,2998.2732204158533,0.03000000000020009,IY1,M
DCB_se2_ag1_f_01_1,22932,EH1,8744,every,738.2861095835101,2109.4016749440734,2902.477796155196,989.6256567056558,2262.7360002943833,3342.72291172512,992.3808372257168,2352.0231960970486,3445.758794720231,0.15000000000009095,sp,V
DCB_se2_ag1_f_01_1,22935,IY0,8744,every,523.3178861006227,1580.5497035057356,2576.4248126131874,560.9123265058545,2493.328197019792,2560.3535965292726,558.4407177752616,2493.925765045451,2588.382419127308,0.0500000000001819,R,S
DCB_se2_ag1_f_01_1,22937,IH1,8745,single,500.44676759437056,1676.5349760695506,2572.274427210881,513.6345950952774,1954.4057976944305,2175.4677247055115,513.6345950952774,1954.4057976944305,2175.4677247055115,0.03000000000020009,S,NG
DCB_se2_ag1_f_01_1,22940,AH0,8745,single,559.6337274243834,838.6377766014958,2642.7572138701253,636.1498895842574,1281.4745437163444,2598.0859740238293,636.1498895842574,1281.4745437163444,2598.0859740238293,0.02999999999974534,G,L
DCB_se2_ag1_f_01_1,22943,IH1,8746,year,516.0299751431222,2181.82929975154,2587.5189215919263,573.2892267630024,2586.6016000079417,3210.3073501146264,573.2892267630024,2586.6016000079417,3210.3073501146264,0.07999999999992724,Y,R
DCB_se2_ag1_f_01_1,22947,AH1,8748,of,681.3565386794987,1272.6446435680664,2983.460598415382,789.4751989364084,1666.4246493245282,3270.912467401586,740.5003138036519,1708.0335799483792,2949.7661909251415,0.09000000000014552,,V
DCB_se2_ag1_f_01_1,22950,UH1,8749,your,522.7514769351294,1836.8400619833292,2465.90774041184,525.3970224218529,2063.4225657605352,2491.589174447635,499.0792125928611,2182.753605137598,2476.2570688359256,0.05999999999994543,Y,R
DCB_se2_ag1_f_01_1,22954,UW1,8750,schooling,634.479748141149,1020.6755450454046,2800.928030855869,637.1165408640136,999.65953330706,2802.466968684847,532.6400110460308,1313.7884084435657,2487.560525258664,0.09000000000014552,K,L
DCB_se2_ag1_f_01_1,22956,IH0,8750,schooling,612.1281339104016,1151.6877289477786,2994.8289726003964,625.0747074408002,1039.631465632052,2973.3177300049124,612.8862035151811,1150.2680454215613,3002.9467527001434,0.03000000000020009,L,NG
DCB_se2_ag1_f_01_1,22960,EH1,8752,then,569.2262491708777,2266.7788084965214,2922.4203354634865,619.7838853525836,2444.307867307998,3120.735626291145,611.3065715277914,2437.8728643153745,3123.192220493718,0.0500000000001819,DH,N
DCB_se2_ag1_f_01_1,22963,UW1,8753,you,405.4566002173144,1542.2381434805832,2365.0169789734705,443.04707644373593,1963.5949918100027,3118.710625487878,342.08152968309645,2360.1117368570276,2588.8493002128926,0.08999999999969077,Y,D
DCB_se2_ag1_f_01_1,22965,UW1,8754,do,527.900649071265,1356.1616485160832,2462.8362195775157,538.9180731376294,1468.8119773439435,2360.0624603356778,493.65607641758663,2238.479845091166,2536.576443734466,0.15000000000009095,D,N
DCB_se2_ag1_f_01_1,22967,AA1,8755,not,1027.7203869845748,1886.8349015356464,2795.192775912654,1051.2384865083068,1880.9426514010977,2742.393290050299,792.179596045938,2094.1273987736063,3208.5560561871694,0.17000000000007276,N,T
DCB_se2_ag1_f_01_1,22970,AE1,8756,have,682.1096607235002,2119.714049374863,2991.799825659427,716.7003229623342,2162.1201718343564,2650.513849087674,716.7003229623342,2162.1201718343564,2650.513849087674,0.09000000000014552,HH,V
DCB_se2_ag1_f_01_1,22973,AH0,8757,the,521.5623374619904,1455.083585500754,2635.6065447286205,535.28223532183,1746.5885160693554,2667.3958078249098,533.7516028587901,1752.8368259966198,2660.073326274814,0.07000000000016371,DH,F
DCB_se2_ag1_f_01_1,22975,UH1,8758,full,564.00444392018,859.5408880031327,2761.709777053319,623.9038805179589,1046.5156913838618,2664.2886071923494,623.9038805179589,1046.5156913838618,2664.2886071923494,0.06999999999970896,F,L
DCB_se2_ag1_f_01_1,22978,IY1,8759,dc,401.3609456037863,2558.7910779848976,2943.4085694487917,584.0679247308807,2040.5732606707886,2572.9127481278506,411.2481337869944,2538.967454764336,3011.0640197051744,0.15000000000009095,D,S
DCB_se2_ag1_f_01_1,22980,IY1,8759,dc,468.32744692771274,2372.054819057186,2633.6726833085163,620.1883829981952,2219.702994942185,2673.9883150513706,495.7537814705519,2459.2565653548204,2702.859006851739,0.21000000000003638,S,IH0
DCB_se2_ag1_f_01_1,22981,IH0,8760,experience,610.0366813054353,2190.4273498846965,2656.910670297125,615.3123245164833,2157.899019057891,2666.579204416715,594.8724386964212,2196.402119242261,2679.8754105708726,0.05999999999994543,IY1,K
DCB_se2_ag1_f_01_1,22985,IH1,8760,experience,532.6244835287666,1518.7145053137115,2162.3807726868627,632.8539772642166,1619.6939721495205,2297.314049905962,632.8539772642166,1619.6939721495205,2297.314049905962,0.03000000000020009,P,R
DCB_se2_ag1_f_01_1,22987,IY0,8760,experience,420.9346759673611,1722.1284492503858,2452.5885341367093,544.0363868669293,1971.564462571094,2204.839157203508,443.7850252106251,2301.5436231878634,2853.589919150137,0.11999999999989086,R,AH0
DCB_se2_ag1_f_01_1,22988,AH0,8760,experience,488.19395589618574,1855.3334333460937,2594.2950196698594,491.99054262967775,1881.7952409226311,2611.5561627925213,470.7234855153422,2159.762629843211,2665.91970184727,0.02999999999974534,IY0,N
DCB_se2_ag1_f_01_1,22993,IH0,8762,if,543.2900401639725,1966.473774942045,2352.864862923122,843.3979386165577,2338.3562745651843,3596.8636234382666,843.3979386165577,2338.3562745651843,3596.8636234382666,0.07000000000016371,sil,F
DCB_se2_ag1_f_01_1,22996,UW1,8763,you,385.71340299125336,1229.688082155028,2734.7621995519307,718.9656592627053,1334.357561959415,3048.825620269084,434.0269465073877,2191.075191415945,2409.784344968272,0.15999999999985448,Y,HH
DCB_se2_ag1_f_01_1,22998,AE1,8764,have,889.7766243246391,1861.6109031192834,2575.999685138333,937.5726085356551,1924.5928551427576,2818.608709432901,940.3734544992906,1928.465074636712,2821.3715820950592,0.07999999999992724,HH,V
DCB_se2_ag1_f_01_1,23001,AA1,8765,not,934.0112013256904,1769.9281742183182,2386.269987038837,1005.2840319880431,1893.3492841665202,2270.133774035143,1005.7538384476724,1896.8261079128074,2281.6809804612003,0.13999999999987267,N,T
DCB_se2_ag1_f_01_1,23004,ER1,8766,heard,524.5218584509279,1687.3273574350244,2052.510922149568,675.4369922530929,1552.6784361353205,1964.0566634260176,484.8168482779006,1978.1803541274876,2279.4366583014225,0.15999999999985448,HH,D
DCB_se2_ag1_f_01_1,23007,OW1,8767,no,614.5267018508545,1114.8655326155335,2905.3085139552977,1042.5715785188715,1138.3119417730134,2949.371389725318,634.8107453030109,1754.8944614884342,2689.623868830225,0.18000000000029104,N,CH
DCB_se2_ag1_f_01_1,23009,AY1,8768,child,1050.5625590315183,1639.188731444026,2476.4566510666937,1079.5804357972859,1689.0711623925056,2211.121756168084,831.5075818686242,1927.1893707682275,2113.7223608978866,0.12000000000034561,CH,L
DCB_se2_ag1_f_01_1,23013,EH1,8769,left,797.7758018657912,1869.1847199866115,2772.7358587890235,857.6007233595765,1920.8627942057215,2944.4301877225157,829.137587594262,1938.4371322354884,3062.315238651983,0.1000000000003638,L,F
DCB_se2_ag1_f_01_1,23017,IH0,8770,behind,711.4832630512243,1671.4579905265489,2672.8172696176357,790.350702998035,1726.0861836056781,2709.5611268818047,790.350702998035,1726.0861836056781,2709.5611268818047,0.03000000000020009,B,HH
DCB_se2_ag1_f_01_1,23019,AY1,8770,behind,928.9230216830335,1801.0813566197062,2466.5902631562544,961.2100509406519,1888.2937281917457,2247.935094609176,811.5777642750827,2006.621219936662,2827.5927511424884,0.24000000000023647,HH,N
DCB_se2_ag1_f_01_1,23024,AH0,8772,and,539.6894585280766,2075.737223097244,2905.683816697433,759.1724199053563,1925.7643157347668,2476.750056111543,531.8436630408478,2097.601062599265,2922.5136246330285,0.0500000000001819,sil,N
DCB_se2_ag1_f_01_1,23027,UH1,8773,put,576.7425133469651,1476.6262460954608,3015.4074416844587,633.4291619672721,1764.316455479044,2989.943895927115,608.1144287733463,1848.1205314616845,2952.9789025280893,0.08000000000038199,P,T
DCB_se2_ag1_f_01_1,23029,IH1,8774,it,627.0751918533962,1949.3511699944675,3089.267618303962,632.9317601627831,1923.0575847021908,3007.534207739354,598.5287321280435,1988.7883037619147,3024.512878039239,0.04999999999972715,T,T
DCB_se2_ag1_f_01_1,23032,AO1,8776,all,706.6861401995334,1016.4510541042007,3007.484779760926,833.3845313794995,1552.3814355340269,2995.143643492,644.6070588277499,1888.7909398654474,2956.7260736577055,0.1999999999998181,sp,L
DCB_se2_ag1_f_01_1,23034,OW1,8777,over,625.5994230446745,1331.386148473445,3142.4864270759713,772.8257389003697,1347.3362198246984,3140.955197588546,726.7543950643768,1356.185277650282,3162.5241125464186,0.07000000000016371,L,V
DCB_se2_ag1_f_01_1,23036,ER0,8777,over,494.0626915168054,1492.4604369360452,2727.837059518642,536.7319032213666,1358.8353799001463,2815.7082933446545,493.3782904045009,1493.0882613436895,2729.865933926443,0.04999999999972715,V,DH
DCB_se2_ag1_f_01_1,23038,AH0,8778,the,494.44496122645006,1676.9409635128625,2976.9453410563233,504.1233972837845,1720.0872943707604,3037.225614636516,471.1416415099431,1828.1178881603848,3261.067081533971,0.05999999999994543,DH,S
DCB_se2_ag1_f_01_1,23041,UW1,8779,school,604.3789894322069,1138.1953080865862,2847.781022808026,606.6569729596471,1161.092539263622,2930.4491324781998,423.41840075698684,1277.9644207036729,2777.678589117009,0.13999999999987267,K,L
DCB_se2_ag1_f_01_1,23044,AO1,8780,board,503.58910174754493,859.1847385110904,3088.698209548857,540.7181788464088,884.5416309476382,3137.4804818274674,536.7865985835725,1129.7004064052226,2797.9129801481226,0.11999999999989086,B,R
DCB_se2_ag1_f_01_1,23049,UW1,8782,you,445.25710760271386,1150.4222870153417,3165.87338295106,458.691013870052,1090.0254684639758,2877.7098216650684,370.93418519045093,2482.2116585386643,2962.503601096338,0.2300000000000182,Y,sp
DCB_se2_ag1_f_01_1,23052,AE1,8784,have,681.4985611615466,2008.6589699565545,2956.709848797204,797.746714397327,2055.196094586903,2937.322871522303,787.6758472136572,2079.5854103498687,2968.411651151558,0.03999999999996362,HH,V
DCB_se2_ag1_f_01_1,23056,AA1,8786,not,987.8342130763735,1748.7461282069153,2698.5213358798765,1024.0332832701197,1742.357998393168,2720.0043562102014,831.8355104594582,1930.235619455325,2122.98605221255,0.16000000000030923,N,T
DCB_se2_ag1_f_01_1,23061,AE1,8788,had,691.6901415874075,2202.5883392853266,2904.2818283877673,726.3600383586443,2241.151209525284,3054.5843625980374,726.3600383586443,2241.151209525284,3054.5843625980374,0.0500000000001819,HH,D
DCB_se2_ag1_f_01_1,23064,AH0,8789,the,515.9053918410234,1998.6062515661833,2794.2912128549524,522.0282991115142,2003.0127400320603,2794.7824827500344,422.8881412759388,2061.7608658760664,2864.068130228766,0.03999999999996362,DH,D
DCB_se2_ag1_f_01_1,23066,IY1,8790,dc,436.2826625507648,2156.259315148397,2818.658555605507,492.18135676866706,2685.0730468565516,3010.479368218069,492.1517815313082,2685.039239820814,3010.7567559064482,0.11999999999989086,D,S
DCB_se2_ag1_f_01_1,23068,IY1,8790,dc,519.6254480528922,2037.930070238869,2637.368421284589,591.5812942395786,2620.061654014336,2871.6014225843073,499.0660110638434,2585.747867243007,2967.4754251083773,0.169999999999618,S,IH0
DCB_se2_ag1_f_01_1,23069,IH0,8791,experience,453.9259413849352,2119.524281596657,2629.13983743492,570.7182440677747,2467.2210777159275,2969.2946409299007,570.7327527711769,2469.672918742367,2969.431718128113,0.0500000000001819,IY1,K
DCB_se2_ag1_f_01_1,23073,IH1,8791,experience,627.997114616735,1590.1124143877107,2296.6388704376504,649.1174722757075,1638.3489713917788,2355.9427481903226,649.1174722757075,1638.3489713917788,2355.9427481903226,0.03000000000020009,P,R
DCB_se2_ag1_f_01_1,23075,IY0,8791,experience,501.2027670542588,2623.9661425700538,2786.6160489684626,640.3276193532057,2227.124872956025,2790.212940335096,507.9446594223321,2683.0084831624768,2737.301969801819,0.11000000000012733,R,AH0
DCB_se2_ag1_f_01_1,23076,AH0,8791,experience,536.7478251973807,2304.202755332095,2829.951895411725,540.8485835959045,2379.0130257885307,2806.5520682978504,541.2399873164358,2439.680131272286,2719.4055402876375,0.03000000000020009,IY0,N
DCB_se2_ag1_f_01_1,23080,AE1,8793,at,920.2880679922405,1340.0720425982151,2358.5840676868957,1099.9076868866644,2267.142141399199,3495.5918383634967,876.4881932459206,2331.92616622205,3138.154589910879,0.16000000000030923,,T
DCB_se2_ag1_f_01_1,23082,AO1,8794,all,631.3459458047735,1075.5505739601292,3073.8966223010407,807.3258853615176,1314.4217528696045,2693.7836243688384,742.2067272144791,1372.0279893237146,2686.1445417597256,0.16000000000030923,T,L
DCB_se2_ag1_f_01_1,23087,AY1,8796,like,635.6706761822754,1688.9375142159918,2600.0781442906346,732.6747520712969,1648.9791913081608,2652.4645844651454,659.3409487109801,1802.6480416244551,2617.9245494143206,0.03999999999996362,L,K
DCB_se2_ag1_f_01_1,23090,AH1,8798,uh,727.2991548668233,1703.9300522988506,3327.736105622881,855.5020698002826,1681.687926679435,3039.7220815631003,601.1031772363403,1786.926956979164,3515.2077869758655,0.3700000000003456,sp,sp
DCB_se2_ag1_f_01_1,23093,EH1,8800,let,681.1399915921817,1888.0257263272933,2987.3075276993854,686.4608471070105,1847.818966073146,2985.9471517986017,652.2821111652188,2122.3086095838185,2861.50818271466,0.08999999999969077,L,T
DCB_se2_ag1_f_01_1,23098,EH1,8803,let,638.5213984353385,1976.895682800758,2981.1778444975375,658.2024243978077,1942.3797006093794,3049.3271355133284,636.7839308076547,2016.268461553601,2941.3634249327342,0.07999999999992724,L,T
DCB_se2_ag1_f_01_1,23104,EH1,8806,let,638.5294617125181,2020.3731939047614,2949.180203136173,642.0660450258648,2172.452098737955,3107.634762400618,641.9999573709651,2170.5215922480247,3105.3541232081147,0.0500000000001819,L,T
DCB_se2_ag1_f_01_1,23108,IY1,8808,see,382.4047234806375,1657.5783304995616,2802.270937356793,444.64892081562016,1363.108342557965,2415.8802472012044,401.79713791744376,2665.0874942262767,2784.3979425016955,0.08000000000038199,S,sp
DCB_se2_ag1_f_01_1,23112,IH1,8810,when,494.0961064669619,2004.0136308070855,3049.897116663208,494.4329828627201,2017.2227275791545,3051.8968170925596,434.86262100055615,2638.0855312753883,2898.6854771427434,0.04000000000041837,W,N
DCB_se2_ag1_f_01_1,23115,UW1,8811,you,423.0504922795375,1821.6210536391343,2616.0115162757315,435.4921746524317,1857.710645938343,2977.5431190972236,421.6203111091086,2470.4804842857443,3133.458353087346,0.11000000000012733,Y,sp
DCB_se2_ag1_f_01_1,23118,IH1,8813,get,478.2847316005151,2456.52547917431,2909.844495431321,539.9954812224094,2528.7719125681756,2973.2508263214195,449.6888011564287,2575.185320899176,2998.2252223953024,0.04999999999972715,G,T
DCB_se2_ag1_f_01_1,23121,IH0,8814,to,502.9034034685733,2101.427529531935,2784.219460183848,594.8882059795419,1798.934982018327,3040.9495403366745,479.6125844656967,2278.081426302996,2759.978181142434,0.05999999999994543,T,K
DCB_se2_ag1_f_01_1,23123,EH1,8815,carry,545.3232616086071,2160.5199385157644,2371.543111521587,597.5631382446144,2116.6946261188605,2582.3685516861256,549.415802073854,2312.3548594643025,2514.0443509052816,0.0500000000001819,K,R
DCB_se2_ag1_f_01_1,23125,IY0,8815,carry,467.28928736563114,2092.949494503879,2783.711725638538,812.1847124432551,1754.0889094693891,2616.0957481180776,482.11601025275326,2584.8699885616716,2717.0064408419894,0.15000000000009095,R,AW1
DCB_se2_ag1_f_01_1,23126,AW1,8816,out,805.9929481144816,1604.0222071963622,2681.8188744787885,857.7995483031108,1536.0489850103254,2701.129334248467,789.6097422456268,1634.277711334185,2306.9380987466016,0.05999999999994543,IY0,T
DCB_se2_ag1_f_01_1,23130,UH1,8818,your,452.99571321718787,2275.771258885599,2929.740330190137,467.7001133065414,2163.4985943583015,2881.1463342088573,431.31130384678016,2311.6080586567055,2830.1568837511777,0.03000000000020009,Y,R
DCB_se2_ag1_f_01_1,23134,EH1,8820,carry,579.3095096095457,1296.984954822767,2178.1737641076675,597.7763992143286,1541.2475122866517,2254.8691170587977,586.2216711922957,1616.8044866222651,2261.787027959172,0.03000000000020009,K,R
DCB_se2_ag1_f_01_1,23136,IY0,8820,carry,399.6979110846788,1638.7149782943334,2611.5926975186962,725.5695147059533,1764.0143844289378,2577.656931072027,392.1473730311369,2431.9862036103355,2890.0062335064217,0.13999999999987267,R,AW1
DCB_se2_ag1_f_01_1,23137,AW1,8821,out,760.2205258752948,1675.5681391168987,2433.1513975797006,769.5379903857294,1766.261711487856,2774.516807145044,752.7500207568539,1791.8527579763738,2787.1113797005405,0.07999999999992724,IY0,T
DCB_se2_ag1_f_01_1,23141,UW1,8823,you,440.67994477650274,2128.3574277578277,2841.3162891019447,551.0684994522843,2098.9964180116435,2697.4371255424294,409.20323022534586,2321.2064973163215,2793.1148616097144,0.03999999999996362,Y,HH
DCB_se2_ag1_f_01_1,23143,AA1,8824,ha,734.330540186134,1790.8044228435751,2909.744596180459,747.2855784213256,1852.7867019539713,3352.9587538660103,745.1721814390078,1849.7268891083397,3287.2370944647555,0.06999999999970896,HH,sp
DCB_se2_ag1_f_01_1,23146,AH1,8826,but,702.2437403773923,1628.4330036919596,2434.843202756962,727.7717764355126,1697.9950971453582,2247.065641777539,726.2720527041198,1833.0036694699777,2991.7963074279282,0.04999999999972715,B,T
DCB_se2_ag1_f_01_1,23150,AH1,8828,but,607.1631446807157,1486.4215153403472,2456.029593098191,810.7606856986107,1235.1789014283927,2821.750448654499,594.6751046235306,1657.078294502005,2596.2597641092793,0.05999999999994543,B,T
DCB_se2_ag1_f_01_1,23154,EH1,8830,maryland,867.7970037083712,1625.8877235463294,2033.4542908278086,873.106379870795,1630.8111739923954,2053.7638220888116,872.8799310740844,1630.7579964082265,2052.66228647933,0.03999999999996362,M,R
DCB_se2_ag1_f_01_1,23156,AH0,8830,maryland,820.013938563538,1495.8279227437095,2061.9275749421763,867.2434796548088,1491.304468925285,2377.891445186588,767.5330484317805,1589.4439691347932,2020.6820577431456,0.02999999999974534,R,L
DCB_se2_ag1_f_01_1,23158,AH0,8830,maryland,739.4905671854525,1645.0107876162251,2562.6931003526806,748.0602636587007,1637.2690130578862,2616.899898901193,735.3228210221491,1644.763182599564,2547.7282211722145,0.03000000000020009,L,N
DCB_se2_ag1_f_01_1,23163,EH1,8832,maryland,743.49976622063,1833.0635866385421,2248.3475793462485,825.1358859830971,1856.0772435393392,2214.591934941089,794.9440985108444,1870.4426929116378,2158.9637915777216,0.05999999999994543,M,R
DCB_se2_ag1_f_01_1,23165,AH0,8832,maryland,741.0373171696107,1935.0439294326873,2362.078555151999,795.5274244890608,1944.166760107004,2366.6475055239025,770.0267380709254,1960.594989745005,2382.380389951211,0.02999999999974534,R,L
DCB_se2_ag1_f_01_1,23167,AH0,8832,maryland,802.3345962094734,2002.6011645710266,3354.264606727927,852.084120285716,2052.946492191898,3030.4071117314397,853.5265406511419,2060.0397191199,3293.459174044015,0.02999999999974534,L,N
DCB_se2_ag1_f_01_1,23177,IH1,8838,it,679.6861400827889,2300.506564941618,3302.853938561509,872.3938167405831,2185.6933778820194,3601.2978122876184,708.5289385386876,2355.2109994774787,3330.728162352261,0.07000000000016371,sil,T
DCB_se2_ag1_f_01_1,23181,IH1,8840,chicken,668.5406481898443,2191.0944527096676,3175.2230441535344,703.5601449534795,2197.8962015186316,3303.1913985786364,587.6024744416644,2393.8709294933005,3046.079959368706,0.06000000000040018,CH,K
DCB_se2_ag1_f_01_1,23183,AH0,8840,chicken,583.2954046786217,1987.06868923568,3057.4137149040384,633.5711088092252,1647.2990394460664,3192.6857361941366,579.5998930290829,2122.678498706869,3145.127496393877,0.02999999999974534,K,N
DCB_se2_ag1_f_01_1,23186,IH1,8841,wings,624.2875319915223,1870.2753242517492,3226.6435722334318,639.4092194025824,1465.871392050198,3129.5657322025763,629.5444162972046,2232.6922965977988,3112.892621436337,0.06999999999970896,W,NG
DCB_se2_ag1_f_01_1,23190,AH1,8842,mumbo,748.8107971292169,1435.9006702145077,3557.9061362884468,846.8070678280246,1471.2239039050858,3509.7338800758325,845.468617113034,1488.74405314036,3511.7577250954205,0.04999999999972715,M,M
DCB_se2_ag1_f_01_1,23193,OW0,8842,mumbo,641.6464489818802,1366.9206919287326,3383.0912628632927,652.5639340088001,1324.9088230665614,3352.986179793632,542.0746721236401,1507.3606025483725,3362.500372416356,0.08999999999969077,B,S
DCB_se2_ag1_f_01_1,23195,AO1,8843,sauce,725.9519996876018,1374.295545651063,3337.5116515753857,734.4772913629478,1360.4829370121467,3337.630557435438,535.0884283163316,1732.324631575941,3241.0800542018796,0.12000000000034561,S,S
DCB_se2_ag1_f_01_1,23198,UW1,8844,you,517.479863342118,1999.2158734338045,3195.810286592483,519.5898114295655,2091.851944042916,3225.1406737905336,518.4070142282517,2135.2988761423967,3302.5287462361016,0.03000000000020009,Y,N
DCB_se2_ag1_f_01_1,23200,OW1,8845,know,718.4121607379516,1344.7482172642358,2964.4352186724955,868.7274220022501,1637.0516273197302,3339.220605188283,719.0139871978218,1802.4945624499012,3259.726783878811,0.14000000000032742,N,sp
DCB_se2_ag1_f_01_1,23204,AY1,8847,fried,924.9428398823043,1706.8418808650226,2415.840538814783,923.6588061558821,1722.5995485571468,2401.4036105020105,917.1174956970888,1767.1062088769245,2352.4747457881917,0.10999999999967258,R,D
DCB_se2_ag1_f_01_1,23207,AY1,8848,rice,651.414440419095,1929.7462749056122,2345.7841281729307,780.7994000044903,1635.8398912619691,2025.1596757371656,531.9818512421804,2089.286035047513,2380.7545772662793,0.11000000000012733,R,S
DCB_se2_ag1_f_01_1,23209,ER0,8849,or,594.3757263654263,1249.7642422671197,2363.0357168439027,617.048331331266,1336.0996248779068,2408.7205278440383,594.4953799241706,1771.0071282004317,2949.4333433754723,0.1000000000003638,S,R
DCB_se2_ag1_f_01_1,23211,AY1,8850,rice,617.7030396806844,1927.432279367783,2362.7651634854265,870.2178862061203,1692.2564477927167,2319.039613380425,558.826010346188,2253.4163368591744,2433.5644471197033,0.11999999999989086,R,S
DCB_se2_ag1_f_01_1,23214,AY1,8852,i,1049.942483452956,1883.3155855955858,2807.1271504868164,1059.5077241768743,1898.1876986719094,2809.474218695436,997.1925157119998,1954.8693316750373,2659.298998181503,0.18000000000029104,sp,L
DCB_se2_ag1_f_01_1,23216,AY1,8853,like,771.2495941066379,2066.827433943143,2857.5713002769994,824.8783235462062,1765.8675122339268,2515.625803040429,638.6447310523206,2288.439760760152,2886.0486849093627,0.05999999999994543,L,K
DCB_se2_ag1_f_01_1,23221,AY1,8855,fried,896.5300428354582,1809.1432101810838,2457.051479878547,897.5978528434363,1818.4265960127273,2454.793694503969,896.9611466641843,1818.5010911995805,2411.2734288279426,0.11999999999989086,R,D
DCB_se2_ag1_f_01_1,23224,AY1,8856,rice,732.2374457845848,1687.7376675542007,2133.8127584735994,866.0982076644042,1862.2420329113595,2000.539396587516,467.52710945568407,2348.748153525352,2929.35292430465,0.11999999999989086,R,S
DCB_se2_ag1_f_01_1,23227,AY1,8858,i,875.0187774023992,1839.8531853506388,2482.652502021553,1013.1462879987754,1912.1346338491417,2463.0725738467318,668.9277183117879,2418.026367848498,2474.5536046140483,0.10999999999967258,sp,sp
DCB_se2_ag1_f_01_1,23230,IH1,8860,get,468.3479822518048,2397.1449933182153,2972.8634886377035,535.7353956389383,2133.756841401765,2978.1964335356915,417.56944908280786,2439.9026118558854,2913.8975503237484,0.03999999999996362,G,T
DCB_se2_ag1_f_01_1,23235,AY1,8862,fried,825.7111178436356,1740.085814593507,2477.125919269898,842.523978129426,1867.6392072027702,2447.8062705756247,845.0499113248948,1873.5002255175898,2453.745805381245,0.07000000000016371,R,D
DCB_se2_ag1_f_01_1,23238,AY1,8863,rice,832.2687320932454,1936.0066923931533,2304.109192323601,840.1768317388268,1771.5559860135731,2400.6442513919333,622.5835886848804,2123.527356626144,2765.5549833055215,0.06999999999970896,R,S
DCB_se2_ag1_f_01_1,23242,AH1,8865,but,553.4084620080735,1659.731258019302,2799.072331980625,574.4527103320064,1727.824129526014,2883.450060740123,521.3830212270477,1933.1740768707464,2698.85952982843,0.02999999999974534,B,T
DCB_se2_ag1_f_01_1,23245,AE1,8866,yeah,679.1762414492354,2116.8012687180358,2474.3815129913783,729.2918317869519,1854.1046370455942,2569.418524648039,661.4075876766709,2407.3999554308016,2853.280694291136,0.1299999999996544,Y,M
DCB_se2_ag1_f_01_1,23247,AH1,8867,mumbo,868.3683548082237,1418.090204575172,3388.8841067420585,871.8092794541035,1368.5660190832273,2986.5595258838343,868.4230848460052,1417.4718415801717,3382.0322015112106,0.0500000000001819,M,M
DCB_se2_ag1_f_01_1,23250,OW0,8867,mumbo,600.7501286621008,1226.494154087803,2812.2485070528855,667.3957736252908,1218.2853772321698,3058.1195080242032,625.6018143589636,1464.8928543435711,3459.063014380594,0.11000000000012733,B,S
DCB_se2_ag1_f_01_1,23252,AO1,8868,sauce,695.583554464135,1378.76443928426,3287.329509288547,726.6083747494013,1379.2179106955696,3314.378725381639,657.4146587278937,1408.8366089154524,3133.605588478814,0.11999999999989086,S,S
DCB_se2_ag1_f_01_1,23255,AE1,8870,and,644.8739523007896,1915.2550190756488,2428.897773601244,993.4426678789284,2314.731875568971,3237.5627369859503,669.3569012237541,2343.236545482023,3207.4015593541944,0.11000000000012733,,N
DCB_se2_ag1_f_01_1,23261,AE1,8873,that,685.0061493277278,1912.669988679659,2639.357839676116,726.4358099803486,1868.5615432892484,3101.6481044745115,665.4994063224694,1921.319574609493,2596.8048625311576,0.02999999999974534,DH,T
DCB_se2_ag1_f_01_1,23265,AH1,8875,what,504.51455336840274,1255.0488011308544,2976.9977528205045,553.2903767967221,1258.0563964616592,3030.879793465505,539.5493358189171,1292.131452814044,2925.0452773583656,0.03999999999996362,W,T
DCB_se2_ag1_f_01_1,23268,AE1,8876,that,768.1164199580234,1975.8430313255424,2490.4995460669616,768.4144680185404,1981.5434153360436,2572.1871520750674,752.737626397671,1994.4622276967023,2806.661267618265,0.02999999999974534,DH,T
DCB_se2_ag1_f_01_1,23272,AH1,8878,what,593.7967488960265,1390.0173226645713,2957.7013760991763,617.8170075362708,1448.5949382794433,3421.500539966688,588.754441570726,1522.5775774907718,3314.2060139335263,0.03000000000020009,W,T
DCB_se2_ag1_f_01_1,23276,OW1,8880,so,547.8187610560948,1160.3920604114392,3324.7609622156315,720.946711138898,1290.1369565948507,3318.973913297287,601.8959718512845,1511.9275564751813,3293.4277878210914,0.1799999999998363,S,F
DCB_se2_ag1_f_01_1,23278,AH1,8881,funny,749.697958675065,1598.1230205316938,1894.172286610944,763.360303069288,1549.036479567993,2001.781168189074,697.4432164774901,1918.8917176085497,2592.1328309772634,0.07999999999992724,F,N
DCB_se2_ag1_f_01_1,23280,IY0,8881,funny,485.99778826740607,1649.0269621929233,2929.337473264699,548.003108591026,1679.2026407516612,2362.6471327513113,520.5556043142481,1720.491546229291,2568.482845813333,0.07999999999992724,N,W
DCB_se2_ag1_f_01_1,23282,EH1,8882,when,590.723251917539,1261.5814646077927,2797.0722145985646,591.96048935641,1272.0023903191804,2736.1639429801235,589.2710116459284,1282.6726962244338,2671.863752514135,0.02999999999974534,W,N
DCB_se2_ag1_f_01_1,23285,IY1,8883,people,522.5878370645174,1649.786503956855,2853.6426530269155,527.3851632600445,2890.009630231917,3282.889183991308,527.0388165068504,2921.0675825470003,3287.349086653406,0.06999999999970896,P,P
DCB_se2_ag1_f_01_1,23287,AH0,8883,people,464.2891811436568,1541.8890459170925,2793.005521895556,475.25002973702954,996.6889502611746,2854.63520867794,453.92616952716537,2191.8165413253328,2401.123815685415,0.05999999999994543,P,L
DCB_se2_ag1_f_01_1,23289,AW1,8884,outside,989.2275594220445,1587.0561868306188,2804.121047301258,1032.798019327995,1679.1337840107951,2768.5121799550675,938.6268383821541,1760.792638107903,2811.6276139545816,0.09999999999990905,L,T
DCB_se2_ag1_f_01_1,23292,AY1,8884,outside,950.4389070806802,1904.2423432926955,2763.0048930658777,1010.5950821240576,1868.2225133273623,2230.72477676579,893.76743207261,2022.9843300968712,3165.8316608711743,0.06999999999970896,S,D
DCB_se2_ag1_f_01_1,23294,AH0,8885,of,579.9055996641539,1764.703790732774,2910.125050332793,810.540846306798,1210.6859889957238,2403.7730670953547,636.7320325888422,1935.6829093996676,3232.5050188350065,0.03000000000020009,D,V
DCB_se2_ag1_f_01_1,23297,IY1,8886,dc,462.2339819821971,2366.31670298299,2739.3221940851035,504.0851513226318,1904.2359193781483,2707.9358614949742,481.57766868733887,2688.5005666489765,3143.3502974168073,0.07999999999992724,D,S
DCB_se2_ag1_f_01_1,23299,IY1,8886,dc,475.11338674352254,2170.9557624885606,3062.28030731514,476.07322318434035,2161.751644300234,3059.7608982017787,445.74200021748163,2205.3455650639276,3205.345551976179,0.03000000000020009,S,S
DCB_se2_ag1_f_01_1,23301,EY1,8887,say,549.6602010296666,2442.5872548183293,3099.2393714285827,561.2697319787211,2383.479357682332,3081.91692130062,549.5298666049063,2442.8165296902434,3099.082479539466,0.07999999999992724,S,sp
DCB_se2_ag1_f_01_1,23303,AY1,8889,i,1090.842369439118,1965.8831865919603,2958.270589107453,1204.5522422213812,1945.4223673601975,2902.6722013509448,555.7074379536773,2041.6016062947597,2601.5049708418896,0.09000000000014552,sp,D
DCB_se2_ag1_f_01_1,23305,OW1,8890,don't,558.5077138429472,1099.568110626751,2252.222946256919,895.2894480196986,1503.4894281946965,3479.516066112157,790.3844152799055,1828.6998694212264,3407.086427240817,0.11999999999989086,D,N
DCB_se2_ag1_f_01_1,23308,OW1,8891,know,702.8688563406375,1307.9579278623523,3424.3408423307915,765.5014156712293,1674.8557142578327,3396.782093273888,689.1361964672827,1719.1157720562928,2210.7452390866274,0.09999999999990905,N,W
DCB_se2_ag1_f_01_1,23310,AH1,8892,what,646.4138844094728,1323.4335099650405,3291.2496216979603,667.8332209757981,1155.3700013405878,3297.256061634839,635.7895643731523,1332.1383096606257,3276.452245520654,0.04000000000041837,W,T
DCB_se2_ag1_f_01_1,23314,AH1,8894,what,746.2314070691913,1430.2964671825046,3468.531025160709,749.9780821348721,1346.0797170760725,3481.592809840792,739.5235376667259,1520.47035515202,3380.2067073729813,0.03000000000020009,W,T
DCB_se2_ag1_f_01_1,23318,AH0,8896,the,631.0616859389994,1502.9495419959446,3270.198113980613,639.0956124126453,1499.7262601228656,3265.8552819702636,488.550847050378,1843.9240114256586,3394.1588215422835,0.03999999999996362,DH,M
DCB_se2_ag1_f_01_1,23320,AH1,8897,mumbo,748.7762626625293,1428.4633996967877,3554.964076131632,819.2230724596328,1475.9557473689838,3683.9932648697004,815.6174727780754,1474.051934626359,3684.418484044297,0.09000000000014552,M,M
DCB_se2_ag1_f_01_1,23323,OW0,8897,mumbo,628.920683962727,1374.4648556076288,2822.1204307579296,631.2717159732326,1330.6867012931923,3216.1045604961055,554.6939600342921,1466.9205143677957,3369.0074882504236,0.11000000000012733,B,S
DCB_se2_ag1_f_01_1,23325,AO1,8898,sauce,683.0215129430637,1405.8970564334543,3131.2846835053,684.5705810596204,1420.180578944824,3120.4373149648986,605.4952757701814,1427.6877338637667,3268.3818592089538,0.09999999999990905,S,S
DCB_se2_ag1_f_01_1,23328,AH0,8900,i'm,488.46334135620924,1516.8809933325097,2520.704788596066,530.9368961936545,1603.3238201458878,2611.418086328811,534.0883524563261,1610.349627709768,2618.3405664553648,0.04000000000041837,sp,M
DCB_se2_ag1_f_01_1,23331,AY1,8901,like,706.7167681422005,1912.3929623838353,2792.9551746841967,809.2602634013986,1693.039450745507,2786.5897457708124,492.9493250157073,2142.135649715575,2808.0699143946326,0.03999999999996362,L,K
DCB_se2_ag1_f_01_1,23334,IH0,8903,it,601.8768238489489,2116.804984858824,2844.0187333861486,630.4504362713914,2048.452287058034,2940.0143028064012,598.9691322939689,2137.247258973824,2855.7801314953763,0.05999999999994543,sp,T
DCB_se2_ag1_f_01_1,23338,AH1,8905,mumbo,749.7652829278151,1424.2335971787911,1950.0114495061914,885.2197646668598,1428.69367694505,3678.8335265545456,776.758481054988,1459.2662426501356,3533.2199405745027,0.06999999999970896,M,M
DCB_se2_ag1_f_01_1,23341,OW0,8905,mumbo,554.6122155133146,1101.667804728683,3055.0619201363224,604.620237778369,1173.4975026127122,3050.437345425441,479.92421930469624,1394.9155410916394,2892.355182008717,0.11999999999989086,B,S
DCB_se2_ag1_f_01_1,23343,AO1,8906,sauce,631.7311086836975,1188.9857794437203,3121.4857591245604,687.8288785261086,1418.171764598128,3100.083814593256,608.7545641241081,1444.0697282763197,3050.2250572078187,0.21000000000003638,S,S
DCB_se2_ag1_f_01_1,23347,IH1,8908,it,514.2838937075022,2288.510219753343,2712.2378736194855,1002.7029549953861,2252.2588061857223,3181.5289500775043,773.4557627423029,2348.9842170766174,3176.335848324343,0.17000000000007276,sil,T
DCB_se2_ag1_f_01_1,23350,AH1,8909,but,607.7916895568959,1613.1942752914238,2615.165000044344,639.415450868249,1853.230614223559,2893.681318563741,639.415450868249,1853.230614223559,2893.681318563741,0.02999999999974534,B,T
DCB_se2_ag1_f_01_1,23353,UW1,8910,you,394.1304136829312,1553.2977451224758,2348.5594386766006,427.3378182613482,1816.4445284172948,3378.434416807196,402.4289077678581,1865.7501513438633,2469.3049250941567,0.09000000000014552,Y,D
DCB_se2_ag1_f_01_1,23355,OW1,8911,don't,712.2185233653283,1460.2191230178946,2563.4683042266756,764.8972806515039,1499.0974083539813,3050.278680478291,686.4597830862574,1645.2684153550417,2968.883814778479,0.07999999999992724,D,N
DCB_se2_ag1_f_01_1,23358,OW1,8912,know,739.0256539851041,1423.1605987828239,1618.6912878804076,739.0053384059743,1423.550401549019,1626.0586252281225,697.6278321241743,1582.7014297873775,3359.675220784612,0.06000000000040018,N,HH
DCB_se2_ag1_f_01_1,23360,AW1,8913,how,1064.746688284799,1809.1195089827265,2265.7916613089724,1173.5932357444506,1741.9305052425516,2130.1695695452654,970.8080128067506,1815.9669285341868,2527.960989922466,0.05999999999994543,HH,T
DCB_se2_ag1_f_01_1,23362,AH0,8914,to,749.0891031260969,1840.2665599677568,2115.468951886912,768.0256200070849,1974.8147115596264,2370.6946136025163,594.9183274962982,2354.7235975695135,3019.7715462098254,0.15000000000009095,T,IH0
DCB_se2_ag1_f_01_1,23363,IH0,8915,explain,509.03115317034104,2318.553896600473,2850.3806334964697,594.9183274962982,2354.7235975695135,3019.7715462098254,519.3598823367738,2419.3303023269436,2947.403547709192,0.03999999999996362,AH0,K
DCB_se2_ag1_f_01_1,23368,EY1,8915,explain,701.2847909836141,2203.31154255973,2728.748779253937,872.2736514550056,1953.941104001794,3097.608237205814,682.7066445436753,2227.9617331036106,3107.7277755214745,0.07999999999992724,L,N
DCB_se2_ag1_f_01_1,23370,IH1,8916,it,525.1376841214362,2281.8877179171254,3059.1265307034596,574.0197454135248,2049.2364418117954,3040.793521916796,535.4245461993078,2314.86968739613,3081.9442742524375,0.03000000000020009,N,T
DCB_se2_ag1_f_01_1,23372,IH1,8917,it,554.8536517550715,2250.144774384101,3110.1688771742834,743.2293882015966,2123.3596953653228,3019.327977897195,604.6021456091208,2345.7704642216004,2995.9851847524687,0.04999999999972715,T,T
DCB_se2_ag1_f_01_1,23376,AY1,8919,kind,899.3037208844229,1975.0757234444677,2415.6725867646905,951.0397846283228,1887.8395796241866,2334.027949481309,766.8454582085079,2142.532706222906,3255.398624067413,0.03999999999996362,K,N
DCB_se2_ag1_f_01_1,23378,AH1,8920,of,818.0073180386573,1723.7404214392423,3296.1941465095165,932.8792699663618,1742.8324319737962,3259.8077072021483,912.0166064030509,1752.1662424600677,3280.0714740519943,0.03000000000020009,N,V
DCB_se2_ag1_f_01_1,23381,AY1,8921,like,424.2518288324966,888.783401242109,1851.6050769661128,934.3659381188443,1674.4701871212303,3087.9132618765993,770.9229611299337,1924.1093295785445,2281.23467313296,0.07000000000016371,L,K
DCB_se2_ag1_f_01_1,23385,AY1,8923,i,957.8772967895164,1289.3002969393606,2128.8660886450407,1308.6103874758735,2390.7046929697017,3447.1824148161945,1301.0515722803375,2367.8560015701055,3427.296973785432,0.09000000000014552,sil,D
DCB_se2_ag1_f_01_1,23387,OW1,8924,don't,823.9122794892222,1309.6287545085224,2761.743308924533,870.2890925731447,1763.5584691144263,3142.655777814817,865.2746036009546,1800.5607154177635,3214.859121219822,0.1499999999996362,D,N
DCB_se2_ag1_f_01_1,23390,OW1,8925,know,779.5609747513222,1925.328353221884,2181.806719757375,879.521386036318,1974.460515412856,2762.238941407497,879.521386036318,1974.460515412856,2762.238941407497,0.03000000000020009,N,sp
DCB_se2_ag1_f_01_1,23396,OW1,8929,no,630.6562026235245,1219.7669913075829,2151.2135356746608,975.3682614879206,1819.0469017414423,3448.2205279621576,974.497070950157,1820.2816081594615,3444.4601777793605,0.1799999999998363,N,IH1
DCB_se2_ag1_f_01_1,23397,IH1,8930,it,634.1914127367396,1880.8797811289705,3100.7153361060264,686.650503263237,1740.7424327502727,3026.507421972715,563.4182883808188,1922.2966493351314,3049.700336116085,0.07999999999992724,OW1,T
DCB_se2_ag1_f_01_1,23402,IH1,8934,it,573.4359248177915,1819.6381009705435,2306.1793232041523,837.9165626555963,1881.9470804238138,2689.6672018756176,753.6745641306326,2516.8251882510185,2613.1726395970404,0.13000000000010914,sp,T
DCB_se2_ag1_f_01_1,23407,IH1,8938,it,584.5216789320351,2464.792291479383,3041.154934445935,595.2382722044077,1978.321469374435,3050.873515579198,590.6231689393511,2472.7232401278984,3053.9175286297113,0.1000000000003638,,T
DCB_se2_ag1_f_01_1,23412,UH1,8941,good,714.1321518874385,1692.52132651846,2709.830336050121,725.1737595285172,1577.284824899157,3015.502574161171,551.9730063619529,1904.7273248864753,2967.7502542056563,0.4499999999998181,G,D
DCB_se2_ag1_f_01_1,23416,AE1,8943,that,744.2733144911487,1952.944419758192,3036.5927513062074,746.6936295642722,1947.4183824428385,3050.0168363118964,727.8744845994937,1978.8757907557779,2963.262572225586,0.07000000000016371,DH,T
DCB_se2_ag1_f_01_1,23419,AO1,8945,all,746.3056673345674,1481.7315826587867,2921.27857691693,755.0516049962655,1491.7855023165057,2995.2415946403244,702.1050504326552,1512.9868988921478,2991.6275492873106,0.04999999999972715,S,L
DCB_se2_ag1_f_01_1,23421,AY1,8946,i,932.2033896327958,1819.7699638901804,2951.8502945126183,973.2896039158918,1797.5913912529359,1896.6865188940246,743.2496687226743,2092.905059446282,2185.8094609649993,0.07000000000016371,L,K
DCB_se2_ag1_f_01_1,23423,AH0,8947,can,598.9401887728944,1987.4116003424665,2589.55526990376,667.3420440293226,1983.016734546459,2722.309737909915,575.1188374009297,1998.766152847931,2575.75663460173,0.02999999999974534,K,N
DCB_se2_ag1_f_01_1,23426,EY1,8948,say,599.4204059994032,2419.9810098780895,2865.9516544497374,730.6834991917412,2175.70180846898,2681.4516657720806,681.4648669169782,2537.231650603801,2956.4341061658624,0.25,S,IH0
DCB_se2_ag1_f_01_1,23427,IH0,8949,is,557.9491464698526,1797.783277700329,2649.3285566583168,566.9951910166479,1857.0953468986181,2687.203816266557,561.6362716497906,1878.6221257059963,2706.350366173239,0.06999999999970896,EY1,Z
DCB_se2_ag1_f_01_1,23430,UH1,8950,good,515.6676735792669,1855.6148039667237,2509.3809917021144,1071.7205253030095,1953.6751892751972,2437.536231588358,1071.7205253030095,1953.6751892751972,2437.536231588358,0.02999999999974534,G,D
DCB_se2_ag1_f_01_1,23434,AY1,8953,i,1010.204182355705,1810.5133015173817,2760.6070934714207,1066.207201799103,1789.2661283397904,2786.941047467236,820.9337170476069,1964.1656464899925,3201.8015129276573,0.13000000000010914,,D
DCB_se2_ag1_f_01_1,23436,OW1,8954,don't,566.7720126479421,1019.7411960072752,1881.595787796474,732.7343062915634,1166.5644970372857,1951.4459494239125,733.3402505890613,1167.5599370580503,1953.181204291826,0.07999999999992724,D,N
DCB_se2_ag1_f_01_1,23440,OW1,8956,know,681.917123760648,1372.683075369508,2125.7258167668397,761.398443823422,1520.4125106009167,3663.026274088978,719.1037171263755,1619.6069426618578,3672.4508967397837,0.19000000000005457,N,sp
DCB_se2_ag1_f_01_1,23443,AH1,8958,the,627.2754413074479,1937.1076715130848,2761.471024906096,707.8303906252467,2041.3161905214715,2557.337802147599,613.7625191470216,2299.949818472716,2485.0083776297984,0.21000000000003638,DH,K
DCB_se2_ag1_f_01_1,23445,EH1,8959,carry,759.0261931150202,1915.592153679231,2529.2663639025027,821.5901300952291,1930.1206457883468,2583.105082196342,703.355523949401,2281.8522587038788,3021.590806017245,0.17000000000007276,K,R
DCB_se2_ag1_f_01_1,23447,IY0,8959,carry,525.7246511197217,1924.9896641052546,2639.7756535837734,812.8361036163539,2244.4167716245142,2371.783913334746,577.148993881774,2603.674777431158,3201.7682280040926,0.14000000000032742,R,AW1
DCB_se2_ag1_f_01_1,23448,AW1,8960,out,864.8381943937328,1741.8518934766328,2076.803407507958,929.9117046099309,1969.248550240201,3049.673071201077,888.5923304847313,1986.8219204645386,3074.4196734397005,0.17000000000007276,IY0,T
DCB_se2_ag1_f_01_1,23451,EH1,8962,any,584.9773100214042,1867.3214561496056,2736.6233567861077,714.3724636559149,1751.4615797432805,2339.7760538371813,607.8830546303552,1968.436426721531,2749.3500201307957,0.07000000000016371,spn,N
DCB_se2_ag1_f_01_1,23453,IY0,8962,any,516.7748861728734,2597.8553500972007,2866.347095233575,536.343029495013,2554.939373636548,2858.561740236747,494.15122338171426,2702.565580473974,3097.8977660972005,0.07999999999992724,N,K
DCB_se2_ag1_f_01_1,23455,EH1,8963,carry,668.1563985614695,1974.4862570419987,2841.6640857159773,670.030906851858,1989.4177932565663,2793.753807962351,665.5297495104661,2494.7486650214555,2973.7990069068333,0.07000000000016371,K,R
DCB_se2_ag1_f_01_1,23457,IY0,8963,carry,507.66857884991003,2014.062323812974,2666.0103776042006,689.4214359113647,1898.1567047141132,2752.0714703423646,530.9839317538595,2143.3645013912387,2610.0868054369666,0.11000000000012733,R,AW1
DCB_se2_ag1_f_01_1,23458,AW1,8964,out,746.5295753704862,1525.6812073869303,2653.6069670717357,756.3743329548929,1453.7288703421912,2764.700360807058,689.4214359113647,1898.1567047141132,2752.0714703423646,0.09999999999990905,IY0,T
DCB_se2_ag1_f_01_1,23461,IH1,8966,it,610.6435332288484,2143.1225824146886,2842.5059913291548,760.6769955362766,1581.0106683800107,2819.3043301485272,521.6195216514914,2303.8605445902626,2439.9628272267296,0.07000000000016371,sp,T
DCB_se2_ag1_f_01_1,23465,AH1,8968,just,721.7912302405009,1707.2952618441625,3453.5439006511338,721.9713177994004,1706.132881800994,3475.84902295745,630.7751075338382,1894.78351122432,3274.826376654581,0.1999999999998181,JH,S
DCB_se2_ag1_f_01_1,23468,IH1,8970,it,665.1562339392152,2305.8524168924487,3100.057068136606,776.0922176352536,1975.3188128876577,3103.785411793068,581.3091866307593,2317.1057196013944,2845.738203023866,0.09000000000014552,sp,T
DCB_se2_ag1_f_01_1,23472,IH1,8973,it,553.7637067556356,2008.4651402214326,2615.8514836822956,1197.41017123801,2266.863639036116,3402.5336879629913,1201.297111146256,2290.865518029919,3417.0766829700106,0.07999999999992724,sp,T
DCB_se2_ag1_f_01_1,23479,AH0,8977,majority,481.70170263155603,1888.2953592402453,3002.6890855459583,513.4722843934227,1573.971711773548,2810.0014042555376,481.28360108058155,1888.7138720895068,3002.7289735938425,0.0500000000001819,M,JH
DCB_se2_ag1_f_01_1,23481,AO1,8977,majority,587.8095313816484,1827.6607099496762,3143.9041838675566,610.9830216431715,1742.370577570439,3136.2671863068954,574.0270144742769,1867.5224322836352,3130.2880879563286,0.03000000000020009,JH,R
DCB_se2_ag1_f_01_1,23483,AH0,8977,majority,588.17576202959,1832.4620294723557,2835.2066667572562,620.0586707395437,1800.1960843684353,3147.2029324099717,560.1561123523641,1964.9055172571343,3376.5216901322137,0.02999999999974534,R,T
DCB_se2_ag1_f_01_1,23485,IY0,8977,majority,527.7716773872569,2254.1870314790976,2808.009934219196,579.6117916487851,2263.881984287255,3227.393974917402,543.7959261533634,2284.5242724925592,3101.295731881925,0.02999999999974534,T,AH0
DCB_se2_ag1_f_01_1,23486,AH0,8978,of,610.262427063368,2155.6743428799755,3147.077496726072,610.9070760365411,2166.5589337379038,3151.8778038190785,579.6117916487851,2263.881984287255,3227.393974917402,0.03000000000020009,IY0,V
DCB_se2_ag1_f_01_1,23489,IY0,8979,the,512.1657171448669,2117.4332827159906,2922.597152120438,588.2918120598964,2179.5512825671058,2970.800463701575,568.6378827575571,2193.3065633563497,3008.9380129538977,0.07000000000016371,DH,K
DCB_se2_ag1_f_01_1,23491,EH1,8980,carry,571.7242161136509,2188.4438604341317,2334.4043681533917,594.3316802952381,2061.0494594840834,2354.6648042907086,548.4888297425488,2227.468312487983,2634.4786111615294,0.03999999999996362,K,R
DCB_se2_ag1_f_01_1,23493,IY0,8980,carry,499.1865072423584,2333.335704827536,2689.220702769496,740.1506673807554,1823.625368491463,2803.24697583066,479.2318813198962,2562.2315184053105,2703.537565787518,0.1000000000003638,R,AW1
DCB_se2_ag1_f_01_1,23494,AW1,8981,outs,815.2191264726125,1694.725665451938,2779.713721578943,816.3256211962392,1696.5437264162895,2784.2200746297035,732.9106482982596,1785.1239406873342,2765.230489871535,0.06999999999970896,IY0,T
DCB_se2_ag1_f_01_1,23498,IH1,8983,it,538.9644857666837,2012.5102396649559,2995.471256574005,845.0002006215506,1711.923932343234,2886.2157338688467,598.156574478233,2159.147105486248,2990.331435987301,0.08000000000038199,sp,T
DCB_se2_ag1_f_01_1,23501,EY1,8984,taste,494.54120632195554,2395.960706132749,2964.8782362762536,643.9003090847117,2378.627792647124,3004.543916667564,499.1521730595592,2539.73447489346,2665.2214264636336,0.11999999999989086,T,S
DCB_se2_ag1_f_01_1,23505,AH0,8985,the,510.16695996835574,1897.5599587036309,2919.2013030189037,529.9945774615255,1877.5489936939355,2930.422828845885,504.6193416581532,1899.6948092359767,2897.1096840205264,0.05999999999994543,DH,S
DCB_se2_ag1_f_01_1,23507,EY1,8986,same,659.9909209233994,2214.923519431123,2488.116641349849,672.5218470991246,2025.856003514418,2564.15111523096,590.8781122259774,2451.505236138586,2951.0168288854725,0.16000000000030923,S,M
DCB_se2_ag1_f_01_1,23512,OW1,8988,so,589.7962858215673,1092.3509511383238,2940.0601324014087,647.5429898329553,1777.3646935967215,2910.3445414456114,640.8652733212709,1810.4475972147736,2907.810690335583,0.2600000000002183,S,sp
DCB_se2_ag1_f_01_1,23515,IH1,8990,it,546.2051661732345,2294.4327602380545,2934.236275518046,831.8688535458258,2271.6938086600126,2862.119137825155,824.8809318359743,2241.5029860043896,2859.8424543608344,0.13000000000010914,,T
DCB_se2_ag1_f_01_1,23521,AH0,8993,the,547.1403751497302,2007.4935624611237,3189.076231496405,613.0984307349056,2001.5159594360796,3228.5882897396446,510.65439713740153,2086.543562516604,3206.1458118792816,0.09999999999990905,DH,sp
DCB_se2_ag1_f_01_1,23524,AH0,8995,the,525.9488032717737,1196.6824986099987,2956.423875446374,616.7641172021943,1649.3706579856919,3024.527135330981,590.7346232248063,1745.4419815261886,3059.866971240391,0.03999999999996362,DH,sp
DCB_se2_ag1_f_01_1,23526,AO2,8997,oriental,510.7971845502508,865.5322263389041,2532.8843441012355,672.8983317836,1781.6086433493256,2868.2087490564822,677.4819926720294,1797.2401902222066,2925.0983180641506,0.13000000000010914,sp,R
DCB_se2_ag1_f_01_1,23528,IY0,8997,oriental,492.5999266163818,2147.2753495146744,2799.8851491665064,535.9395280017151,2073.5719787547855,2601.793922181982,514.6649889617911,2609.052062179624,3363.5699892004113,0.13000000000010914,R,EH1
DCB_se2_ag1_f_01_1,23529,EH1,8997,oriental,550.0858312978352,2025.6902268756317,3083.7343057205626,552.3578211159859,1952.1265401749026,3105.9216268072473,533.9954090535532,2293.3649840052244,2923.0281626608726,0.03999999999996362,IY0,N
DCB_se2_ag1_f_01_1,23532,AH0,8997,oriental,909.6972950409805,1833.1073324635627,2880.227436593464,1080.2988774275361,1805.6125782302793,3395.6073997002186,898.1413765629953,1842.7213870450712,3005.1636484191013,0.02999999999974534,T,L
DCB_se2_ag1_f_01_1,23535,UW1,8998,food,443.0272464399319,967.9953355165022,3060.850131913534,892.6555051385104,1740.2017244644876,3084.780858959663,847.5394434383061,1791.9774284006116,3170.7669232630046,0.23999999999978172,F,D
DCB_se2_ag1_f_01_1,23537,IH1,8999,it,460.4531198670841,1951.4106551411076,2701.5591906932573,511.4496216599172,1893.110122528741,2806.4316868222836,466.26416908805,1950.7087673402227,2711.391970712847,0.02999999999974534,D,T
DCB_se2_ag1_f_01_1,23541,EH1,9001,them,673.492690851408,1829.3563932830284,1934.7143264998576,673.4329543275787,1812.4678604720239,1934.4520873069373,627.785973794628,2047.8419324136773,2666.203341032763,0.13000000000010914,DH,M
DCB_se2_ag1_f_01_1,23547,EY1,9005,they,557.7671958191523,2530.646227569041,2999.573112690063,584.7451166490894,2257.28961693657,2705.7706796554007,564.9274862154496,2582.6915527757633,2964.565889158572,0.09000000000014552,DH,N
DCB_se2_ag1_f_01_1,23549,OW1,9006,know,519.2595210689882,1089.4590595910133,2838.93251935647,669.9922234057374,1467.6317074079423,2955.3083352233234,535.6386621459674,1743.9749783678496,2649.2775775078658,0.09000000000014552,N,HH
DCB_se2_ag1_f_01_1,23551,AW1,9007,how,931.9303948303636,1736.2777368318343,2455.1394539415933,946.5775826522123,1733.8413734541255,2515.674196621508,808.7767950049224,1854.0625627335194,2485.8325460403958,0.04999999999972715,HH,T
DCB_se2_ag1_f_01_1,23553,AH0,9008,to,515.2319740904545,1545.2284753075442,2493.6021873495465,638.3606096249786,1790.662327186472,3076.086712653287,539.7911501978612,1835.3299487597774,2506.6412918336464,0.06999999999970896,T,M
DCB_se2_ag1_f_01_1,23555,EY1,9009,make,610.0852070718039,2300.604772629681,2687.3767982982463,615.0409859462674,2242.728926835326,2683.3597503881538,480.23252225163725,2660.2399407634184,2762.420558835038,0.11999999999989086,M,K
DCB_se2_ag1_f_01_1,23557,IH1,9010,it,488.25086845726685,2393.477681634788,2850.090159824663,502.29500577142574,2466.697719914378,2789.7760666044446,499.9968906506935,2448.1690584082726,2826.969183371081,0.03999999999996362,K,T
DCB_se2_ag1_f_01_1,23561,IY1,9012,ev-,571.8435848265702,1824.209934070675,2317.0478740969556,569.2773011303318,1981.7282580321018,2697.6541031157954,559.729220144112,2184.2944919720335,3117.6758968957142,0.02999999999974534,sil,V
DCB_se2_ag1_f_01_1,23567,IY1,9016,t,723.325907056407,1971.9297962156124,2575.981615638194,747.049200358798,1990.5868381305727,2568.7715053579823,738.4134238346018,1989.4114114170652,2544.470620594414,0.03000000000020009,T,sp
DCB_se2_ag1_f_01_1,23570,IY1,9018,we,513.9561064109554,2007.0279244285566,2520.054297320899,543.0973446531603,2076.2724019571806,2499.7223624791395,536.0809322929352,2085.0666156386997,2515.312105404453,0.03000000000020009,W,D
DCB_se2_ag1_f_01_1,23572,OW1,9019,don't,731.0753908908683,1481.0805060903124,2765.9639096548913,739.6625909969524,1438.9472413261797,2798.263144393951,711.0599533377017,1613.7703624861372,2714.193645117413,0.05999999999994543,D,N
DCB_se2_ag1_f_01_1,23575,OW1,9020,know,654.7343597388382,1476.4188833431328,2768.1073788344693,728.499258083174,1753.0093972433292,2854.5744712437954,728.499258083174,1753.0093972433292,2854.5744712437954,0.09000000000014552,N,HH
DCB_se2_ag1_f_01_1,23577,AW1,9021,how,865.2075768392713,1828.7839970663588,2568.6200629653863,877.020145414089,1788.0559571262386,2595.739125990706,834.4195904530222,1956.1407317217286,2666.109861852742,0.09999999999990905,HH,T
DCB_se2_ag1_f_01_1,23579,AH0,9022,to,552.7778272940774,1651.9542297988387,2869.6423559078057,557.1193973567941,1570.9983741678227,2871.472987134179,546.9048029671037,1794.2081374954528,2859.573660293738,0.03000000000020009,T,M
DCB_se2_ag1_f_01_1,23581,EY1,9023,make,526.4849853612685,2464.7151826897602,3394.0741861197102,625.0345238016844,2402.993398845429,2766.6359324496234,564.0900732643,2528.3550676840296,2998.215298937352,0.07000000000016371,M,K
DCB_se2_ag1_f_01_1,23583,IH1,9024,it,493.86584913732986,2416.6568973392605,2800.891180392483,532.3437159226709,2550.5027522268747,2823.4450214275794,522.6734530605667,2557.7790046458663,2781.9004206712216,0.04999999999972715,K,T
DCB_se2_ag1_f_01_1,23586,AH1,9025,but,483.0107307722711,1637.5155988237755,2514.4095940861043,485.65803730207125,1650.1741160142947,2412.9872835228875,475.0818979550321,1748.2892706205052,2468.2324272569267,0.03000000000020009,B,T
DCB_se2_ag1_f_01_1,23589,EY1,9026,they,624.9935581084874,2038.831503811057,2638.5290432651,693.563028126333,2124.9820580350342,2581.853296233621,629.858721305825,2333.0740068213363,2392.6280685342736,0.10999999999967258,DH,N
DCB_se2_ag1_f_01_1,23591,OW1,9027,know,695.3685417227148,1458.5307171165846,3060.6660222391906,769.0717396725487,1052.5583674368745,1790.133719519335,737.6835481722926,1637.4593749066921,3044.015423228582,0.09000000000014552,N,HH
DCB_se2_ag1_f_01_1,23593,AW1,9028,how,890.5613584711101,1782.9289818396437,2637.609429108554,908.8771461666204,1745.1446762700298,2543.8033921426268,838.0730823539894,1886.9914322299808,2607.9298490018227,0.0500000000001819,HH,T
DCB_se2_ag1_f_01_1,23595,AH0,9029,to,611.1040225655534,1681.6101378676165,2626.4782443899016,634.8600620546313,1701.4961607003002,2673.763256577272,614.8177057374671,1733.29316483774,2721.412993475479,0.04000000000041837,T,M
DCB_se2_ag1_f_01_1,23597,EY1,9030,make,545.0371857040012,2261.2306845839985,2817.4095049154735,624.8875474982184,2097.606057257736,2811.4031385222524,455.111275886818,2396.138691099735,2822.569987844929,0.1299999999996544,M,K
DCB_se2_ag1_f_01_1,23599,IH1,9031,it,473.09258201329163,2218.751614783816,2305.9698158240594,503.7461079995279,2119.0325050227802,2744.253332671326,472.1775717234833,2399.145208568277,2606.100369976262,0.03999999999996362,K,T
DCB_se2_ag1_f_01_1,23602,OW1,9032,so,594.2825437163957,1479.428226934034,2412.4375968503114,687.000653386283,1606.8248439744561,2731.279123948058,607.959352805547,1826.3252815416756,2628.018231029052,0.11000000000012733,S,W
DCB_se2_ag1_f_01_1,23604,IY1,9033,we,420.8042723255968,2528.78787385036,2693.261265360302,1120.14281162903,2584.5698708401123,3081.4101371012052,1114.7554631522057,2581.6353153532914,3066.0230225607947,0.2199999999997999,W,IY1
DCB_se2_ag1_f_01_1,23605,IY1,9034,eat,731.823036297111,1781.7588816164064,2503.4276453616067,1080.977745611188,2549.1120476871115,2964.2467837849927,1080.977745611188,2549.1120476871115,2964.2467837849927,0.03000000000020009,IY1,T
DCB_se2_ag1_f_01_1,23607,IH1,9035,it,617.4227207924725,2143.6522915708188,2676.68220019561,892.4033289251109,2020.9218469008006,2652.403543668178,814.639704667843,2243.615659364704,2264.5611580266245,0.07999999999992724,T,T
DCB_se2_ag1_f_01_1,23616,EH1,9039,yes,795.791872396388,1454.498762706151,2551.5435956086835,889.6879853335336,2089.629108618985,3371.8428001620937,876.9320365474081,2077.0192009029074,3262.2108200769526,0.25,Y,S
DCB_se2_ag1_f_01_1,23620,UW1,9041,you're,650.4917111260297,1928.0020197717606,2497.1985064229525,694.9331907528239,1908.1440128609593,2483.695938396529,587.0442397946729,2066.224534043604,2519.8166328437396,0.02999999999974534,Y,R
DCB_se2_ag1_f_01_1,23623,AH1,9042,gonna,610.94953726589,1268.448757558853,3279.182873722978,621.8060961099717,1263.4231406419892,3318.901006157388,597.8395241076323,1345.7273555053603,3397.4195368040682,0.05999999999994543,G,N
DCB_se2_ag1_f_01_1,23625,AH0,9042,gonna,508.89943109643485,1509.0659761306551,1852.6969385531024,614.7833943109481,1089.4358623357973,1813.5087565805209,504.1174416387894,1828.0481301842426,2058.1859340924393,0.03000000000020009,N,G
DCB_se2_ag1_f_01_1,23627,EH1,9043,get,522.9085581078921,1965.6912726238681,2907.492624472766,563.010752410097,1675.6267125815875,2809.173406721823,550.3719945328845,2109.578911567069,2964.5680000048337,0.03999999999996362,G,T
DCB_se2_ag1_f_01_1,23630,AA1,9044,barbecue,944.7676034046276,1414.9385109270675,2614.0987760595062,968.7469745648685,1464.634910063247,2934.126754571113,939.1248796997726,1561.0440735614632,3291.024040578256,0.07000000000016371,B,R
DCB_se2_ag1_f_01_1,23633,IH0,9044,barbecue,567.2203324817322,1414.702256020405,2651.2396161613283,845.6915012536664,1431.887716948338,3460.4514896806973,834.3153287703866,1432.1764847925451,3448.171712458925,0.04999999999972715,B,K
DCB_se2_ag1_f_01_1,23636,UW2,9044,barbecue,504.66902839938064,1616.7546906729822,2614.788254019772,520.8479488183013,1576.7980244606686,2613.7995886702724,462.1092864900445,2001.8026579551113,2486.8065986358692,0.04999999999972715,Y,S
DCB_se2_ag1_f_01_1,23638,AO1,9045,sauce,633.0846677307076,1252.7708626271071,2865.606268631958,668.6704019970535,1179.0161386821048,2772.512232929001,649.8881383304763,1511.9336082097745,2954.2821291723444,0.1799999999998363,S,S
DCB_se2_ag1_f_01_1,23643,UW1,9048,you're,500.55080264464647,1455.0997770558843,2436.0174701792484,1043.374897035728,1415.6070105360875,2855.1512927682174,440.7175231834556,1515.2790523369047,2457.1189138371246,0.11999999999989086,Y,R
DCB_se2_ag1_f_01_1,23646,AA1,9049,not,709.9142715656728,1716.612192046504,2615.682509485617,722.6138114187356,1755.4900204675946,2685.0193432585006,722.6138114187356,1755.4900204675946,2685.0193432585006,0.02999999999974534,N,T
DCB_se2_ag1_f_01_1,23649,AA1,9050,gonna,547.9040154487982,1471.2822519395943,2835.244859628581,1119.3114904174026,1427.7944095377081,3004.004105102378,644.9169227236977,1543.8727373120657,2846.323089555433,0.17000000000007276,G,N
DCB_se2_ag1_f_01_1,23651,AH0,9050,gonna,810.1306948312125,1425.8960511295525,3067.0517216447024,1160.2272406789837,1426.6765272222663,3098.3336085961973,721.7054059609092,1479.4370535427604,3105.8752220170777,0.02999999999974534,N,G
DCB_se2_ag1_f_01_1,23653,EH1,9051,get,627.0573008948933,2135.467807254811,2405.821728352794,695.5510274525233,2073.5246149408595,2966.2007881352256,553.7205622741488,2551.9710134904444,2893.849819684537,0.07999999999992724,G,T
DCB_se2_ag1_f_01_1,23656,AH1,9052,mumbo,692.5523555962537,1867.1099880703325,3019.730574737038,706.5383528233402,1322.261334487035,2810.2973253501705,683.1484104759812,1957.8523522021803,3011.9082900073954,0.06000000000040018,M,M
DCB_se2_ag1_f_01_1,23659,OW0,9052,mumbo,597.7254177460908,1496.5247067669732,1785.897067679901,614.1382464818548,1146.838829172759,2069.079826111148,599.0468037405325,1736.9309802407552,3218.331726859437,0.07000000000016371,B,sp
DCB_se2_ag1_f_01_1,23662,AO1,9054,sauce,572.6829248111408,1425.137735695228,2515.2759666878574,578.5236973627319,1416.2501846514472,2406.424592047653,544.5662606855515,1443.610257449104,2607.294670254848,0.06999999999970896,S,S
DCB_se2_ag1_f_01_1,23672,OW1,9060,oh,771.9897905039422,1732.9267356431626,2566.4154550777275,810.8424915837178,1512.7590533036298,2459.3552673895615,628.3388920007538,1893.4808215249184,2592.1268807873034,0.2699999999999818,,sp
DCB_se2_ag1_f_01_1,23676,UW1,9062,do,508.9112006784382,2271.920333108994,3004.9014897270463,536.4826001583846,2336.9593991240945,3127.7388279279126,536.4826001583846,2336.9593991240945,3127.7388279279126,0.03999999999996362,D,Y
DCB_se2_ag1_f_01_1,23678,UW1,9063,you,638.3575957668794,1683.7796091305026,3086.7168809090726,931.778196733954,1611.757013263978,3312.216633379822,643.826930954006,2644.776269040849,3119.5329139152286,0.5,Y,Y
DCB_se2_ag1_f_01_1,23680,IH0,9065,d,546.6251380619989,1953.5637817535544,3193.05337734496,749.2753853408097,1981.3039240591468,2939.2565170431085,642.5380645342826,2066.764383648685,3063.579455434503,0.1299999999996544,Y,D
DCB_se2_ag1_f_01_1,23683,AH1,9066,just,644.264001313685,1958.1934673763553,3496.574184599634,662.8486574528242,1965.7160642350864,3325.00258084963,643.4014006035785,1981.2068119057783,3336.934980168917,0.0500000000001819,JH,S
DCB_se2_ag1_f_01_1,23686,IH0,9068,if,597.249113729616,1923.546065434496,2548.9931828781355,605.7887107407731,2085.6123789209096,2741.045047805189,582.4752779607663,2122.2150530348945,2872.328209946681,0.0500000000001819,sp,F
DCB_se2_ag1_f_01_1,23689,UW1,9069,you,415.6039587490469,1752.4100171289554,2879.584082043565,506.7243501988568,2415.667373559631,3041.0249161247525,506.7243501988568,2415.667373559631,3041.0249161247525,0.09000000000014552,Y,G
DCB_se2_ag1_f_01_1,23691,AH1,9070,gonna,607.1188319338992,1224.7796234140344,2075.3176596751287,924.7023702084646,1326.8722480688102,3665.8890916154746,784.4261274909394,1516.0942400400074,1702.8546804042498,0.09999999999990905,G,N
DCB_se2_ag1_f_01_1,23693,AH0,9070,gonna,641.1661931159964,1553.2942055592437,3158.0456738136695,693.6774959779874,1643.2493663836037,3204.189924995474,693.5641879090099,1647.953745079258,3188.826056317396,0.03000000000020009,N,T
DCB_se2_ag1_f_01_1,23696,AY1,9071,try,943.0802161895807,1666.2722207301206,2388.4879199313277,1046.381837923286,1566.054281896543,2555.7185891077033,609.4824041012151,1937.2604199136936,2557.4404574500995,0.22000000000025466,R,IH1
DCB_se2_ag1_f_01_1,23697,IH1,9072,it,372.92569772863766,1904.4390599822038,2908.2329902723045,648.0393045735284,2327.400237081734,2576.888516747975,525.336999277777,2771.321729454149,2898.080529055715,0.17000000000007276,AY1,T
DCB_se2_ag1_f_01_1,23703,OW1,9076,go,657.3246721556079,1346.0626135996588,2853.6156859095736,683.9142236595754,1254.5204718531088,2990.4369112985496,501.95484871454465,1527.6058198464057,2865.4094277741806,0.11999999999989086,G,AH0
DCB_se2_ag1_f_01_1,23704,AH0,9077,ahead,642.4404437968021,1387.0533632161205,3088.478268498557,658.7529835496798,1267.9875748909367,3047.0090198165312,545.8743190963938,1469.5944534218656,3107.83811281285,0.03999999999996362,OW1,HH
DCB_se2_ag1_f_01_1,23706,EH1,9077,ahead,586.8292226769054,2238.694123215771,3004.928084723239,643.9499305699204,2125.8817366854064,3030.0946955814484,542.4861512731846,2339.242777588247,3335.986745001866,0.08999999999969077,HH,D
DCB_se2_ag1_f_01_1,23708,AH0,9078,and,629.1074706313493,1856.4923703796997,2752.878074016681,631.2547538891095,1899.0020878864957,2821.912979556005,624.163280095598,1949.8573431347033,2859.072644175503,0.03000000000020009,D,N
DCB_se2_ag1_f_01_1,23712,ER1,9080,first,628.6686934110938,1350.377964947083,1928.9751393016888,633.8311299116522,1269.8447586129291,1879.6990314413779,575.9004154720772,1867.517765215914,2098.736244200452,0.08999999999969077,F,S
DCB_se2_ag1_f_01_1,23717,AA1,9081,start,833.8592443178185,1654.24153279061,1873.2148167617875,841.8388103829601,1665.5368701838424,1776.9761776543703,836.3581560359116,1660.681401415613,1847.069920247713,0.04999999999972715,T,R
DCB_se2_ag1_f_01_1,23720,IH0,9082,it,599.4976054421123,1736.4143890920293,2718.450302354235,649.320110415429,1779.0160897583014,2902.2410453191947,604.0944953846985,1789.0464895035134,2782.6934526422256,0.03000000000020009,T,T
DCB_se2_ag1_f_01_1,23723,IH0,9083,with,570.09630952374,1474.8554677375819,2746.0470051843336,579.8177154725998,1244.8398633737236,2942.786688383767,542.6594287688616,1563.6854214734656,2809.844931733519,0.05999999999994543,W,TH
DCB_se2_ag1_f_01_1,23726,AO1,9084,your,591.9314517730735,1283.8394990837057,2900.4801372823185,590.9713013885503,1263.1581127349627,2879.440213323493,573.9088657650025,1461.026853458609,2895.2807660248473,0.03999999999996362,Y,R
DCB_se2_ag1_f_01_1,23730,AY1,9085,fries,829.0805865783442,1777.5563031156491,2353.7882991751076,868.248401837364,1631.1957474201567,2299.2307397588515,765.2276495461673,2114.7672684123763,2492.085070493099,0.22000000000025466,R,Z
DCB_se2_ag1_f_01_1,23733,AH0,9087,and,717.0667038501783,1742.6730890174874,2591.912851768121,726.1573957348027,1627.1170920352688,2461.9691313493536,608.1886575800584,2429.129407167708,3079.1283762328126,0.07999999999992724,,N
DCB_se2_ag1_f_01_1,23737,EH1,9088,then,542.9580026365666,1415.1869873024586,2471.8114586942465,559.8118616078176,1732.4365092900305,2584.5576340633993,549.8035452767607,2382.7030069878633,3189.4406538205467,0.03999999999996362,DH,N
DCB_se2_ag1_f_01_1,23740,UW1,9089,you,455.9116611056809,921.8168340019586,2579.3369284776463,472.7627339505516,2149.980180382329,3000.377450381584,467.08149954616505,2422.336420519871,2960.0390838025683,0.03999999999996362,Y,G
DCB_se2_ag1_f_01_1,23742,AH1,9090,gonna,545.6569685623132,1203.5456175987422,3117.2826671103035,572.4094683177643,1191.4821106823315,2354.793845491186,486.8772089604759,1411.769472849126,2164.31606476271,0.02999999999974534,G,N
DCB_se2_ag1_f_01_1,23744,AH0,9090,gonna,591.5328501295658,1796.8058481869414,3584.88576482587,606.8526637386032,1631.0328966431366,3172.8557872172314,588.8949224151919,1795.1304955430755,3576.117118512396,0.03000000000020009,N,sp
DCB_se2_ag1_f_01_1,23747,AA1,9092,wanna,605.1939470324209,1411.7917821166047,3478.1748984128544,618.0326911908035,1387.092574934682,1817.8540980732823,610.7142319125538,1409.9752818316715,2792.3760959236515,0.02999999999974534,W,N
DCB_se2_ag1_f_01_1,23749,AH0,9092,wanna,409.3292952002381,1430.1947646710146,2662.2528271135075,612.714025737045,1525.2704672999687,2608.0063072445187,612.714025737045,1525.2704672999687,2608.0063072445187,0.02999999999974534,N,P
DCB_se2_ag1_f_01_1,23751,UH1,9093,put,589.4556120624693,1755.734823397314,2918.2647368702696,715.7484189839037,1517.5396495859336,2948.652418314223,562.4094724706772,1881.7973341353722,3014.9545133169363,0.04999999999972715,P,T
DCB_se2_ag1_f_01_1,23754,IH0,9095,it,547.0057486953996,1913.1755573589176,3030.5592085329963,562.2832514598127,1876.268750556349,2907.388532577098,547.045866606757,1918.4921625893112,3033.8887903198965,0.03000000000020009,sp,T
DCB_se2_ag1_f_01_1,23756,AO1,9096,on,671.0676847593813,1557.0060589628708,3008.9979598746445,676.3629295349912,1635.0555391192045,2948.663682111623,676.5158823264676,1674.1823344300713,2917.5851304069593,0.0500000000001819,T,N
DCB_se2_ag1_f_01_1,23759,EH1,9098,everything,498.4024495637624,1676.2737769832236,2902.537205832794,603.2630036616238,1568.9999355101588,2391.948225294508,599.7716031826296,2081.4924575216755,2882.249103502719,0.05999999999994543,sp,V
DCB_se2_ag1_f_01_1,23762,IY0,9098,everything,581.1834439567808,1948.5451308634208,2575.2847505405557,698.4676970462584,1923.8708789879752,2579.37769669764,581.3433281585696,1955.054485259916,2584.91816034996,0.03000000000020009,R,TH
DCB_se2_ag1_f_01_1,23764,IH2,9098,everything,511.75791460367503,1515.7479339455845,2661.475828553322,545.3091009536741,1563.5243961456883,2675.82892510511,467.37781972868726,1800.8464306565327,2864.699511256001,0.02999999999974534,TH,NG
DCB_se2_ag1_f_01_1,23772,AY1,9102,try,819.4202777815899,1683.286439848021,2303.4145001556913,821.1198733763331,1679.0034975942256,2300.567198939785,774.3373986123232,1768.209781406198,2447.8119732634814,0.03000000000020009,R,IH0
DCB_se2_ag1_f_01_1,23773,IH0,9103,it,701.4452441932885,1804.182561875654,2518.8381528940736,774.3373986123232,1768.209781406198,2447.8119732634814,651.5212457260423,1837.2454705134996,2609.1067486437155,0.03000000000020009,AY1,T
DCB_se2_ag1_f_01_1,23775,AA1,9104,on,956.031019445692,1635.2162634085948,2420.326632853532,961.0187033016725,1647.7106517852483,2407.6426798598422,872.8362512669078,1695.845988949692,2466.019337262667,0.07000000000016371,T,N
DCB_se2_ag1_f_01_1,23778,UH1,9105,your,749.4271269932295,1984.8409198047932,2521.438107422413,755.8574572852993,1971.934823945698,2546.5318365337807,747.0979626491085,2056.9831092065174,2465.2714116925185,0.03999999999996362,Y,R
DCB_se2_ag1_f_01_1,23782,AY1,9106,fries,729.3536449844453,1727.857479072924,2206.577802013593,792.7795270668073,1855.8438920141002,2252.70061675983,766.7199827239486,1914.880707598941,2453.7174532055806,0.03000000000020009,R,Z
DCB_se2_ag1_f_01_1,23785,AE1,9107,yeah,576.900883717051,1235.0588650047334,2618.9226317289936,758.8508532914151,2090.4771683570452,2505.427628378132,595.6935572990255,2531.0857623942443,2611.0439010779387,0.33999999999969077,Y,
DCB_se2_ag1_f_01_1,23790,IH0,9111,it,779.4612216441033,1705.264220695321,2723.631744302099,863.4151127116875,1604.876598307459,1999.6076094582304,720.9193069078525,1971.0748730599655,2939.950288187765,0.08000000000038199,sp,T
DCB_se2_ag1_f_01_1,23794,IH0,9113,good,586.6623239548409,1520.4649368915964,3275.634209013379,678.7200719983747,1489.8169665611765,3149.3728737672295,501.49700747868263,1704.3649123402427,3234.7145097378825,0.25999999999976353,G,D
DCB_se2_ag1_f_01_1,23809,EH1,9121,yes,511.21451835050203,1510.837026093557,2868.9417857263556,580.2556467566756,1516.7884562510949,2826.8987889767486,498.10682893851373,1574.285145669585,2975.4117333006625,0.02999999999974534,Y,S
DCB_se2_ag1_f_01_1,23812,AH1,9123,uh,904.1857031489393,1592.6746568967792,3035.9831279573414,903.2040157545563,1601.462569243504,3031.8726244356303,796.8009392653565,2093.0654515053934,2986.25946751417,0.03000000000020009,sp,F
DCB_se2_ag1_f_01_1,23814,AO1,9124,for,620.0678332160766,1077.344501430305,3031.8711321558,636.5285526581749,1106.59193855342,3072.4088929587892,614.4747539218739,1232.0504455000457,3141.5641123275404,0.09999999999990905,F,R
DCB_se2_ag1_f_01_1,23816,IH0,9125,eleven,651.8166817087599,1491.4249875832018,3221.702844358392,671.8140086043545,1508.5729743141524,3213.1771845918124,628.167412947348,1523.5645587422375,3184.740280467364,0.03000000000020009,R,L
DCB_se2_ag1_f_01_1,23818,EH1,9125,eleven,654.9843926849837,1403.8509951017954,3196.459022478286,664.8557523428706,1307.0945509850683,3130.026136019356,635.3604015170741,1651.330642252174,3057.412220222902,0.07000000000016371,L,V
DCB_se2_ag1_f_01_1,23820,AH0,9125,eleven,597.6816440111324,1726.06591721344,3175.5609831072898,616.2157817236529,1804.5989704525875,3316.653886312371,616.5561183133633,1809.5846447543922,3327.5325653732984,0.11000000000012733,V,N
DCB_se2_ag1_f_01_1,23823,AO1,9126,for,565.4471162213671,1128.9948178637387,3201.8290028741744,610.7470210262286,1238.2845616692416,3108.331926132269,610.5034955815626,1238.907736284618,3110.564202622282,0.06000000000040018,F,R
DCB_se2_ag1_f_01_1,23825,IH0,9127,eleventh,667.9778276334495,1580.9901136463436,3354.2775339384298,670.7533963762963,1556.0836176809732,3231.3410602768495,657.1903201524192,1587.826160671171,3342.831831980268,0.03999999999996362,R,L
DCB_se2_ag1_f_01_1,23827,EH1,9127,eleventh,771.8794475392908,1862.113971810994,3173.076249641413,773.1384439390714,1864.1319231580783,3178.4315512882526,773.384164549232,1865.7079637272345,3181.1412222159,0.07999999999992724,L,V
DCB_se2_ag1_f_01_1,23829,AH0,9127,eleventh,546.922285801487,1608.7487149441813,3233.1247058818994,585.0116273062818,1687.14856655576,3081.8989615080986,515.2561176845865,1768.1020650390087,3155.833890264111,0.0500000000001819,V,N
DCB_se2_ag1_f_01_1,23835,EY1,9129,grade,535.2737610908544,2393.522537616409,3338.023055579513,589.0167812844046,2189.2078441796493,2627.519763070059,501.65170260134846,2448.8783758608324,3001.338296095771,0.13999999999987267,R,D
DCB_se2_ag1_f_01_1,23838,AY1,9131,i,782.5991969082502,1608.266062222825,2785.8765808729477,936.2996622739843,1936.0775473755111,2623.89266586143,894.6704306990911,2035.548233146215,3155.791202572434,0.2699999999999818,,sp
DCB_se2_ag1_f_01_1,23841,IH1,9133,it,590.9706108687157,2280.589025368918,2487.3751824762007,779.6354277505658,1836.527575351931,3053.7307938375593,611.4818499679003,2351.7556740994364,3343.779475575926,0.13000000000010914,,T
DCB_se2_ag1_f_01_1,23844,AA1,9134,was,602.5590169967572,1509.3199103039321,3385.3542332845045,686.9308595760133,1247.5815339522662,3538.035420252653,543.8065957074039,1641.7543175788653,3703.577658812863,0.08999999999969077,W,Z
DCB_se2_ag1_f_01_1,23848,AO1,9136,horrible,586.512311664671,869.6638512346013,2937.899848720686,698.2852073206235,1090.6337191733599,2395.394767364302,698.2852073206235,1090.6337191733599,2395.394767364302,0.09000000000014552,HH,R
DCB_se2_ag1_f_01_1,23850,AH0,9136,horrible,629.2619562884578,1296.3456589290665,1827.8465205637735,660.0579338260238,1294.017337425289,1836.0296467976027,620.8219076904476,1292.45816515183,1818.928933659747,0.05999999999994543,R,B
DCB_se2_ag1_f_01_1,23852,AH0,9136,horrible,499.441661507578,814.4819223228037,2551.132611573513,515.6372955094998,801.1574443807395,2760.1658730202253,508.5376973187785,954.6224073798917,2212.108339296371,0.03000000000020009,B,L
DCB_se2_ag1_f_01_1,23855,AE1,9138,actually,1014.8799217325748,1861.1681853750586,2444.7429803099303,1014.2667621522342,1848.0550016290847,2443.875818342668,765.8663767304979,2045.0118658217227,2362.533754861263,0.13000000000010914,sp,K
DCB_se2_ag1_f_01_1,23858,AH0,9138,actually,830.3406279695848,1140.1104296759972,1655.3808334204355,950.5724245017551,1456.7758771493482,2672.3308252995366,862.3511002916495,1882.7409419125345,2934.0672568392024,0.30999999999994543,SH,L
DCB_se2_ag1_f_01_1,23860,IY0,9138,actually,448.3637143899896,1524.347792511789,2737.510200243364,519.6585532824837,2018.0823737341748,2862.1799340565235,519.6585532824837,2018.0823737341748,2862.1799340565235,0.03999999999996362,L,B
DCB_se2_ag1_f_01_1,23862,IH0,9139,because,500.54476072707195,2001.870404930482,2977.3485723813747,651.4904597546982,1909.626449276645,2802.7496444816024,479.6314146749884,2360.3645179086775,3105.508176452072,0.05999999999994543,B,K
DCB_se2_ag1_f_01_1,23864,AH1,9139,because,775.077639524651,1653.28346666684,3166.29247056529,777.6613795524424,1654.6987727388366,3162.907863019431,581.9021326766294,1884.302793664012,2855.3713326920265,0.13999999999987267,K,Z
DCB_se2_ag1_f_01_1,23867,IH1,9141,it,527.2982026748525,2025.2944724889653,2964.9496028773233,732.6003180430869,1820.440213853876,2989.7674038149094,548.0852971686639,2250.2003966199863,3323.7222209990673,0.07999999999992724,sp,T
DCB_se2_ag1_f_01_1,23871,AO1,9143,was,505.84555657229606,1196.2637703934688,2982.6284910949753,552.8835299896758,1256.8061445041983,2711.866747998535,477.29054179473195,1351.3448973318511,2985.444002636214,0.03999999999996362,W,Z
DCB_se2_ag1_f_01_1,23874,AY1,9144,kind,967.3284082026856,1763.3760640713451,2118.580104392356,968.1204594868901,1759.9247911042642,2185.8948181194405,800.0315191139949,1874.031847957963,3104.512531477819,0.09000000000014552,K,N
DCB_se2_ag1_f_01_1,23876,AH0,9145,of,742.4230842758762,1410.6746262796914,2028.3348453132737,834.7955434662878,1527.5417818902997,1821.5800277292406,750.2887625026649,1590.2183072434589,1679.224112203585,0.02999999999974534,N,V
DCB_se2_ag1_f_01_1,23879,AY1,9146,like,783.8359387497245,1702.532190980133,2450.0396442873257,958.1811766374408,1695.1802413997625,2757.373795115852,683.8905513521669,2092.847226130527,3105.0668808417236,0.08999999999969077,L,K
DCB_se2_ag1_f_01_1,23883,AY1,9148,i,1088.3778893579863,1410.5339318620213,2287.3215963438515,1105.7448636807221,1452.9134087395828,2357.1413767613817,997.0552281734326,2071.1051733437425,3321.3621702760242,0.15000000000009095,,W
DCB_se2_ag1_f_01_1,23885,AH0,9149,was,481.3419949908452,1401.7461125796256,3243.89583539395,566.8113072710714,1282.7483067298194,3424.805208238001,482.27289938753694,1402.5701218094482,3249.885093705845,0.03999999999996362,W,Z
DCB_se2_ag1_f_01_1,23888,OW1,9150,going,745.0298948532869,1235.663680400071,2111.657999398303,770.6448665985895,1315.6367047858616,2097.0730934945955,761.5577530028895,1351.168777058665,2123.606918731622,0.11000000000012733,G,IH0
DCB_se2_ag1_f_01_1,23889,IH0,9150,going,748.0635348668695,1356.5698378987192,2245.6727439040533,759.160338517698,1354.4456284191158,2239.6258410030073,757.4469050060184,1373.5780048231134,2264.5722346785715,0.02999999999974534,OW1,NG
DCB_se2_ag1_f_01_1,23892,ER0,9151,from,686.2334655474249,1153.6410487903022,2275.038591283215,693.7311709177957,1374.2246900576056,2606.87864141207,693.7311709177957,1374.2246900576056,2606.87864141207,0.0500000000001819,F,M
DCB_se2_ag1_f_01_1,23894,AH0,9152,a,636.6591634462092,1310.0202733024414,2362.5454967226556,671.3289170119635,1376.6851141968627,2524.728539759211,668.282823162508,1391.1389031207423,2431.326717192599,0.07000000000016371,M,sp
DCB_se2_ag1_f_01_1,23897,EH1,9154,very,640.4692517416227,1486.7529541831432,2096.582097677549,661.009341350219,1573.2335946186413,2015.2417744248753,525.8090389408587,1669.8888542453367,2651.4067641389674,0.04999999999972715,V,R
DCB_se2_ag1_f_01_1,23899,IY0,9154,very,466.1067623311617,1965.8579551181012,2881.486599253382,512.3599211244897,1614.4416004799486,2373.2533841493814,480.5872100890514,2284.8377634932704,2878.0169935355616,0.07999999999992724,R,L
DCB_se2_ag1_f_01_1,23901,IY1,9155,lenient,535.2708752647264,2220.9078167637645,3052.2967413867177,589.7791127712393,2353.818027729654,3105.1462372728042,529.3672658877517,2556.140126975229,3240.833512747339,0.08999999999969077,L,N
DCB_se2_ag1_f_01_1,23903,IY0,9155,lenient,561.1825777178623,2853.379907184613,3547.2473229450384,634.543299690689,2544.426368263141,3439.8859985635004,538.5523882951147,2908.602145214723,3084.4082425261367,0.11000000000012733,N,AH0
DCB_se2_ag1_f_01_1,23904,AH0,9155,lenient,608.8205329715016,2324.1525468437067,3396.8476869443075,663.7460594845458,2298.389922993389,3344.8345943544355,624.165964010595,2493.627147775849,3416.7370243319197,0.10999999999967258,IY0,N
DCB_se2_ag1_f_01_1,23907,IH0,9156,environment,668.625949733994,1558.7642796166508,2690.21754711429,668.5903897485599,1562.0722229502123,2694.4048150673557,658.9476241578319,2007.8487255403193,3348.9019031861226,0.02999999999974534,T,N
DCB_se2_ag1_f_01_1,23910,AY1,9156,environment,911.7535335747391,1503.0561792585,2151.586890465617,975.1191259539531,1445.171958535895,2247.0904413380317,875.1524254976287,1647.9410825470525,2411.261952800558,0.11000000000012733,V,R
DCB_se2_ag1_f_01_1,23912,AH0,9156,environment,690.7647365987646,1524.7934934569216,2211.2091132455453,802.9335863781131,1589.4202064506596,2203.7542244606666,762.367417669807,1690.7903539104564,2638.8940936173562,0.03000000000020009,R,N
DCB_se2_ag1_f_01_1,23915,AH0,9156,environment,589.9253049333778,1555.1133718537199,2431.2951055855356,592.2027747045729,1552.3953758975442,2504.685544899677,590.897157808294,1555.1598453988702,2453.32206958861,0.02999999999974534,M,N
DCB_se2_ag1_f_01_1,23919,EH1,9157,where,633.1143438583056,1356.5359818259537,2887.4403952976777,817.9156931047265,1574.3071555239308,2765.463599298985,815.2255409373287,1575.7301266637733,2768.617643533938,0.03999999999996362,W,R
DCB_se2_ag1_f_01_1,23921,AY1,9158,i,1020.5879432993753,1602.3587603312728,2303.7182740354333,1041.6039538563527,1377.507111331669,2196.699636690271,990.0140855669761,1698.333694109712,2570.1212850368474,0.09999999999990905,R,K
DCB_se2_ag1_f_01_1,23923,UH1,9159,could,615.9614001520317,1714.6107543488986,3065.448247804137,1020.2347181013566,1909.7946771254312,3027.264301692759,949.4813900043326,1929.9537511325534,3071.556625891093,0.04999999999972715,K,D
DCB_se2_ag1_f_01_1,23926,IY1,9160,be,518.1645839230382,2670.8772303718843,3048.5431968003672,572.697068812496,2744.7846754266825,3095.897470475496,524.0426146092627,2909.472264861766,3026.2509325021633,0.1000000000003638,B,AH0
DCB_se2_ag1_f_01_1,23927,AH0,9161,an,501.99056982084545,2246.445813991389,3078.855649494359,595.9643362427096,2266.7600317380115,3383.929513665398,495.40281861236525,2530.1733216987236,3367.6375836376997,0.06999999999970896,IY1,N
DCB_se2_ag1_f_01_1,23929,IH2,9162,individual,495.126782440048,1112.7432898131715,2676.2556956680833,636.3574824063687,2307.953523367531,3411.3994380729378,624.6478273054929,2320.1642281636514,3423.785815106141,0.09999999999990905,N,N
DCB_se2_ag1_f_01_1,23932,AH0,9162,individual,499.7471100659693,1756.9666821825222,2793.217748801715,520.5148708818404,1818.8226348071805,2824.8663456647523,519.2066556233129,1814.546685493494,2822.9341524840556,0.03000000000020009,D,V
DCB_se2_ag1_f_01_1,23934,IH1,9162,individual,542.9255547866164,1929.4021329720174,2643.849433500903,551.7350435278844,2046.7882318559748,3086.3915212257025,540.3059504276135,2046.3111633308065,3083.779046761119,0.07999999999992724,V,JH
DCB_se2_ag1_f_01_1,23936,AH0,9162,individual,539.8007028932523,1515.6914734958377,2801.54128366217,565.9211647516422,2385.077114491529,2808.8356213295056,554.661680721027,2295.8123087073063,2730.318508768387,0.04999999999972715,JH,W
DCB_se2_ag1_f_01_1,23938,AH0,9162,individual,459.81922846777576,1033.030901200778,2905.350695563455,489.7528853490686,1062.8109991213419,2980.4270420660364,479.96930305323673,1081.625471435265,2910.0445587489735,0.03000000000020009,W,L
DCB_se2_ag1_f_01_1,23942,UW1,9164,to,643.1844332696536,1237.28461804687,3139.8976296076976,916.6851642259857,1931.2011974807115,3428.211975844758,876.230089944704,1927.6648382045373,3459.927827512325,0.17000000000007276,T,AH0
DCB_se2_ag1_f_01_1,23943,AH0,9165,a,441.73640512781236,1439.8835503785613,2951.2972526899302,559.2489524350138,1227.6522341280495,2969.446119683816,495.0396397297684,1690.7608636704904,3332.0990647586295,0.03999999999996362,UW1,S
DCB_se2_ag1_f_01_1,23946,UW1,9166,school,520.1060080873095,987.738863873535,3136.94805527036,525.1128940043335,1022.9167365379922,2995.53148677813,500.9003040883144,1119.5104355261085,2587.7436701852293,0.03999999999996362,K,L
DCB_se2_ag1_f_01_1,23951,EH1,9168,where,511.1927049226718,1118.4541456333984,2735.442938108509,580.7082825476944,1540.4479894717192,2735.205087563954,580.7082825476944,1540.4479894717192,2735.205087563954,0.10999999999967258,W,R
DCB_se2_ag1_f_01_1,23953,IH1,9169,it,583.5695404748295,2219.5753483614503,2884.1374802512273,583.4390218942845,2215.301225830674,2886.7988541067307,573.3945991150464,2408.0003081872774,2830.163168855205,0.03000000000020009,R,T
DCB_se2_ag1_f_01_1,23957,AO1,9172,all,656.4676844177385,921.5983129171111,3154.667303277874,1041.9825543788734,2252.5207321754583,3098.462161677991,1025.449165383048,2245.6054449152484,3110.195733619222,0.24000000000023647,sp,L
DCB_se2_ag1_f_01_1,23959,AA1,9173,rotc-,871.0207550035805,1280.484773796838,1948.6770371910102,917.6320701817097,1193.3832445026085,2169.1519535687,881.9220522138124,1329.9933703283634,2053.6518256167924,0.17000000000007276,L,R
DCB_se2_ag1_f_01_1,23961,OW1,9173,rotc-,496.3005575093698,1534.220223896976,2069.9660462493725,597.9340530623019,1469.8385818323522,2210.1123830669158,509.304819319534,1672.8096151168509,2674.109299835078,0.03000000000020009,R,T
DCB_se2_ag1_f_01_1,23963,IY1,9173,rotc-,532.201291478709,1976.2748841404214,2874.962524670818,593.1941410042737,2728.501729862766,3149.058972111292,558.4813137978534,2892.6663953177963,3037.3491002887663,0.09999999999990905,T,S
DCB_se2_ag1_f_01_1,23965,IY1,9173,rotc-,1324.1482344933281,2338.326230509634,3684.843758258246,1316.0378937066055,2364.0036019296035,3592.4288952860793,1316.6276939601933,2365.007708728248,3586.750951885935,0.02999999999974534,S,sp
DCB_se2_ag1_f_01_1,23968,EY1,9175,jrotc,632.4552949233699,2369.8256142067357,2589.7099043592634,660.6338259269322,1643.5295011251696,2460.929515475752,633.1673465887027,2371.682418629174,2506.427620548814,0.05999999999994543,JH,AA1
DCB_se2_ag1_f_01_1,23969,AA1,9175,jrotc,775.7038525696615,1501.4299459672293,2384.8264900635913,806.1553869163185,1488.497024685333,2245.992504219181,660.6338259269322,1643.5295011251696,2460.929515475752,0.0500000000001819,EY1,R
DCB_se2_ag1_f_01_1,23971,OW1,9175,jrotc,666.9373187450975,1384.2813119541875,2605.3184343155704,729.2068498165801,1460.282332746615,3096.532595246114,651.3802356203428,1518.8893900242808,2243.6717018763243,0.03000000000020009,R,T
DCB_se2_ag1_f_01_1,23973,IY1,9175,jrotc,593.1658142981574,1942.1203156416072,2818.604598095848,607.6455543908994,2408.973147153664,3612.3649904493827,552.7009826920447,2528.608786049936,3650.0003106302534,0.0500000000001819,T,S
DCB_se2_ag1_f_01_1,23975,IY1,9175,jrotc,610.7183931829586,2818.238645594769,3224.611848491497,610.6248681001053,2818.69317741826,3224.4806709268296,577.0901978723567,2841.15016700969,3605.6067938249535,0.10999999999967258,S,B
DCB_se2_ag1_f_01_1,23977,EY1,9176,based,475.1462334161763,2506.4641086989677,3110.5538375787287,582.2151476761068,2100.91579315394,2940.0899355847305,464.0815214381467,2661.6163254896196,2909.212078252891,0.18999999999959982,B,S
DCB_se2_ag1_f_01_1,23983,EH1,9178,where,673.1747797676054,1406.441794106434,2841.01122660866,809.6357697785863,1573.2219921104381,2869.5367373126496,809.6357697785863,1573.2219921104381,2869.5367373126496,0.02999999999974534,W,R
DCB_se2_ag1_f_01_1,23985,AY1,9179,i,1009.6212269397421,1789.5952477706062,2545.336075652735,1038.108982604945,1762.3330846441645,2353.362093319406,1016.5880752101334,1801.349590266644,2418.4949684695725,0.02999999999974534,R,HH
DCB_se2_ag1_f_01_1,23987,AE1,9180,have,1036.2164518640118,1773.6646484652633,2452.737410644794,1052.5282583943251,1768.0898060918737,2567.2622806836675,918.2957135847938,1844.50910356926,2497.1827251755726,0.05999999999994543,HH,V
DCB_se2_ag1_f_01_1,23990,AH0,9181,to,527.7608206685557,1259.229694967147,2838.6692484642645,779.8552569968821,1664.4025846413556,2179.1267414263857,708.2920473549761,1664.4605870533103,2189.850093317554,0.0500000000001819,T,W
DCB_se2_ag1_f_01_1,23992,EH1,9182,wear,537.9762071806429,1774.8238288649038,3069.5510848008716,584.5849800139018,2198.5569214450384,2675.087763635607,580.6545819117528,2226.680345965909,2937.119136864876,0.07000000000016371,W,R
DCB_se2_ag1_f_01_1,23995,IH1,9183,this,508.8753475748539,2150.4881506748447,3229.7483655788797,518.696881796796,1880.640056021656,3005.7954628298307,484.6823043985054,2239.119564670661,2700.2769668409364,0.1000000000003638,DH,S
DCB_se2_ag1_f_01_1,23999,IY1,9184,green,524.4054704897598,1750.4793273042867,2703.2451182379377,608.4859190619858,2239.0565889691206,2507.113872614489,581.7684093813749,2315.3282028758217,2378.7474850825142,0.11999999999989086,R,N
DCB_se2_ag1_f_01_1,24002,UW1,9185,uniform,505.5977456979134,2012.6732030904252,2302.354535970149,538.3731271677119,1175.5311583575485,2656.449272624157,507.5439904847855,2158.772051021456,2228.0852107805895,0.0500000000001819,Y,N
DCB_se2_ag1_f_01_1,24004,AH0,9185,uniform,598.9397820478902,1394.1726888929797,2552.904578012473,617.3208948875512,1417.0704426065615,2192.1897899237692,528.896974086194,1499.0749842157875,2805.548177240638,0.07000000000016371,N,F
DCB_se2_ag1_f_01_1,24006,AO2,9185,uniform,614.5392409951465,1745.9352698849182,3350.8048266081723,690.6784399104207,898.5504661486807,2208.998951462129,606.3048020649478,1818.548217321391,3340.1078028085917,0.14000000000032742,F,R
DCB_se2_ag1_f_01_1,24010,EH1,9187,every,765.0597341628747,2151.128618083562,2838.8795506699275,771.4114602475323,2034.149487500291,2273.1703591153746,768.6604629703701,2227.3220623017532,2460.403906826573,0.07999999999992724,sp,V
DCB_se2_ag1_f_01_1,24013,IY0,9187,every,569.1131189693792,2264.9772057283517,2568.3861975869377,573.2763250667631,2354.296158250345,2586.5930129113353,514.7423989850662,2538.1924955355657,3101.6792994392017,0.0500000000001819,R,D
DCB_se2_ag1_f_01_1,24015,EY1,9188,day,516.6855773564756,2433.274862420678,3581.7146816179347,571.9897212741683,2387.488254999889,3264.5730318510464,469.40748407769746,2722.9913213432733,3006.278139014178,0.08999999999969077,D,AE1
DCB_se2_ag1_f_01_1,24016,AE1,9189,and,513.7788524127993,2482.995446042591,3269.7280668328185,540.3847865037384,2563.656799855171,3145.179660376428,488.218201186802,2571.2225085815235,3582.305940686879,0.03000000000020009,EY1,N
DCB_se2_ag1_f_01_1,24019,IY1,9190,these,562.8719327660978,2968.240690745529,3512.28607947558,575.8524971275476,3044.04787250253,3699.6041365094597,572.0290987012652,3047.7781765123973,3668.723478267432,0.11000000000012733,DH,Z
DCB_se2_ag1_f_01_1,24022,EY1,9191,base,473.1416984303307,2642.3690965147603,3117.7812601467076,576.5406698697261,2491.827520266044,3103.016156150331,474.04378312861746,2836.2074220105414,2938.515214665468,0.11999999999989086,B,S
DCB_se2_ag1_f_01_1,24025,AE1,9192,that,693.434876154029,935.7192568079081,2210.7301647654863,818.2546963175702,1102.4162764923283,1949.5810406712878,634.9306319558683,2125.2312995069396,3233.639512342963,0.11000000000012733,DH,T
DCB_se2_ag1_f_01_1,24028,ER1,9193,hurt,532.3220678166233,1594.6153178670527,1856.80764436022,673.5650431357143,1432.6627816393352,1678.2504502908648,520.7866498487691,1741.5563670044003,1764.4016965849723,0.15000000000009095,HH,T
DCB_se2_ag1_f_01_1,24031,AY1,9194,my,823.3385152110651,1552.3107955688558,2058.174447203983,841.5184461219015,1448.768027692439,2407.1315323852127,808.388220523136,1687.8532025425518,2399.2418722520983,0.13000000000010914,M,F
DCB_se2_ag1_f_01_1,24033,IY1,9195,feet,541.2950511969734,1426.1392971312605,3021.4642627036296,606.0070156116075,2643.015635849127,3535.9708087025265,503.3079845142693,2988.8410915199433,3015.9248944144165,0.08999999999969077,F,T
DCB_se2_ag1_f_01_1,24037,OW1,9197,those,588.9679514443867,1246.0370563311612,3278.4859863127226,635.2220446102116,1250.5362456458602,3254.769560466254,570.2160744969739,1657.9947480107242,3169.536490073579,0.11999999999989086,DH,Z
DCB_se2_ag1_f_01_1,24040,UW1,9198,shoes,537.8087445318828,1126.8468195043174,3451.778003169709,537.2413248813339,1117.418539770522,3453.4011215904666,441.18758732472133,1873.3980306928797,3504.810415644206,0.13999999999987267,SH,Z
DCB_se2_ag1_f_01_1,24044,ER1,9200,hurt,608.906131877126,1504.9203193596102,1971.4104480165336,701.6724504671553,1381.6641004193807,1634.618719392562,530.3689442539858,1620.4463485352878,2317.1379769450236,0.08999999999969077,HH,T
DCB_se2_ag1_f_01_1,24047,AE1,9202,and,771.9148575823486,2072.180015202615,2847.236089701257,866.2487996544112,1573.6432619054597,2669.7502620560444,675.4085164030264,2128.812917925135,2987.3034613700265,0.06999999999970896,sp,N
DCB_se2_ag1_f_01_1,24050,EH1,9203,then,679.9867632550837,2123.70703459495,3233.060346018029,680.9004896981254,1888.769356505612,3161.7172814298597,657.1547460226002,2202.542816132662,3286.1294270998906,0.07999999999992724,DH,N
DCB_se2_ag1_f_01_1,24053,AW1,9204,now,809.7219785611566,1450.5390552348392,3364.191192482566,957.1612582824532,1677.032083833557,3502.136569478232,771.5380528929411,2082.825235376289,3127.596816698302,0.2199999999997999,N,sp
DCB_se2_ag1_f_01_1,24056,IH0,9206,with,547.931786709643,1319.0742966942944,3034.978724411148,558.5337195846477,1322.4764960476791,3042.9512322764326,474.4954799436184,1427.2729102766389,3012.4457942504964,0.0500000000001819,W,TH
DCB_se2_ag1_f_01_1,24059,AY1,9207,my,873.5273841587432,1784.5053693729344,2429.6358882046266,873.4639559591583,1802.9556309182171,2478.950811475786,833.7175596837127,1881.3980532785486,2722.1611797264127,0.0500000000001819,M,AE1
DCB_se2_ag1_f_01_1,24060,AE1,9208,and,720.9125020538104,2178.5612338679693,2951.549184950893,840.7549125654368,1850.3157183476892,2922.3456877811946,675.5061124104509,2393.231343481539,2822.620535063976,0.07999999999992724,AY1,N
DCB_se2_ag1_f_01_1,24063,EH1,9209,then,660.7325486989772,2236.9919944595435,3319.2340460494197,685.233406754243,2150.1469606020855,3366.4388990585394,647.5850739515321,2243.84610107395,3316.0551051938655,0.03999999999996362,DH,N
DCB_se2_ag1_f_01_1,24066,AY1,9210,my,919.4206677444915,1989.7245424743246,2808.9151118676987,1004.4002909015887,1946.9055701347588,2861.2918491632654,783.7324271095287,2273.7835977043737,3150.4551519930387,0.13999999999987267,M,HH
DCB_se2_ag1_f_01_1,24068,EH1,9211,hair,544.6460692002173,2490.4830803458904,2824.2829923694994,660.3451426248769,1703.1726788980902,2085.150204872872,598.3554943850828,2566.4607944685727,3107.8996547801316,0.1799999999998363,HH,R
DCB_se2_ag1_f_01_1,24070,IH0,9212,is,573.3239092270842,1990.255390817443,2781.2104483031426,599.1544597629974,1441.890176759202,2114.123736185548,539.9672850524761,2060.2749036846576,2528.6599187429,0.0500000000001819,R,Z
DCB_se2_ag1_f_01_1,24073,AY1,9213,like,726.9437479748749,1780.6930580665064,2593.456851214973,795.3253333237594,1640.4449673645543,2362.7410199538217,678.5589014703619,2095.009644986516,2697.4652182296904,0.05999999999994543,L,K
DCB_se2_ag1_f_01_1,24076,EH1,9215,extra,861.0863508954147,1862.4563882813413,2327.2147454007913,918.3751733482361,1851.7802400342614,2316.759927535902,845.9046471592801,2258.316885362929,2385.4348872043724,0.13999999999987267,sp,K
DCB_se2_ag1_f_01_1,24081,AH0,9215,extra,591.654430901558,1589.2651723306756,2853.828072360161,613.2526222153348,1720.6742896023634,2674.0384472919786,613.3936543417876,1745.373870314846,2614.9704146315567,0.0500000000001819,R,L
DCB_se2_ag1_f_01_1,24083,AO1,9216,long,720.8184695862672,1115.6389338955867,2379.170034276567,809.8307589532118,1289.2436145139918,1716.431967824596,712.3578814996465,1343.5492313675193,2812.3378120715943,0.15999999999985448,L,NG
DCB_se2_ag1_f_01_1,24086,OW1,9217,so,584.9903948076703,1416.8081040187155,3322.877789286478,594.2139063416114,1424.7645385845217,3257.0952365430553,555.7998838331329,1534.9835728708665,3367.0350595220543,0.05999999999994543,S,N
DCB_se2_ag1_f_01_1,24088,AW1,9218,now,591.259599137031,1904.6528214665068,2800.3145519549003,594.1624521407097,1925.3173772432308,3193.1105004378214,587.7258724044713,1973.8080789943172,3388.889825686307,0.02999999999974534,N,M
DCB_se2_ag1_f_01_1,24090,AY1,9219,my,881.315050148929,1831.1412140972225,2609.1245110542377,926.392205229159,1722.9757290190892,2518.3507277083004,891.5859288701332,2297.9081583935963,3495.4226587365065,0.07999999999992724,M,HH
DCB_se2_ag1_f_01_1,24092,EH1,9220,hair,616.0159290248969,2271.9900936220565,2531.4889698175243,663.2951519175086,2274.958531711144,2553.0609972995285,584.23490171876,2454.159485176633,2699.9819228606075,0.07000000000016371,HH,R
DCB_se2_ag1_f_01_1,24095,AE1,9221,has,642.7625141236728,2020.1355235219708,2485.062513024964,710.7273947233593,1737.4760885673768,2374.782344062519,635.1360123943239,2058.273366313141,2649.95548122938,0.0500000000001819,HH,Z
DCB_se2_ag1_f_01_1,24098,IH0,9222,to,464.3523314881296,1777.229127695178,2885.970229362428,518.9695741862007,1867.658448015527,3185.278532030947,444.15652007560533,1968.4923806267495,3003.633238405568,0.0500000000001819,T,B
DCB_se2_ag1_f_01_1,24100,IY1,9223,be,438.46429821641834,2754.2202932782393,3128.287428107203,516.2472543492371,2791.262201366931,3111.5519213899024,515.2188449847854,2798.316418722106,3083.4091842625594,0.0500000000001819,B,AH0
DCB_se2_ag1_f_01_1,24101,AH0,9224,above,543.0617109630678,1500.801189797021,3015.2366377780145,543.1629157681784,1532.3590186195886,3022.606417595819,437.3900280860209,2368.4675378851575,3052.837002643909,0.07999999999992724,IY1,B
DCB_se2_ag1_f_01_1,24103,AH1,9224,above,591.1025621616395,1358.3948666385768,3097.0001983726665,592.9240197019269,1353.6597770298729,3109.660581718939,590.7513467389625,1360.192983141298,3097.9109747323346,0.02999999999974534,B,V
DCB_se2_ag1_f_01_1,24106,AY1,9225,my,877.7762194260997,1531.7329477418484,2573.507469569363,891.9866825239884,1520.8422127555452,2548.8367102755915,874.7314578850678,1541.0924240757781,2585.454244564643,0.04999999999972715,M,sp
DCB_se2_ag1_f_01_1,24109,AA1,9227,collar,834.9626315852777,1342.232896798434,2965.8721529931204,838.6130769550535,1360.8252883836371,3001.516324483337,744.7334561381459,1434.2679814472317,3035.3704033331273,0.09999999999990905,K,L
DCB_se2_ag1_f_01_1,24111,ER0,9227,collar,636.565538518075,1674.6674532725754,2674.648195016145,861.6159468040918,1855.2932774691722,2965.6601463609886,701.5648212728795,1872.458069504135,2804.50639359722,0.17000000000007276,L,
DCB_se2_ag1_f_01_1,24115,AA1,9229,got,739.7006564651173,1948.4163843857355,2829.1264760754525,808.8034273325746,1921.778520143001,2627.281505711206,673.9995546069088,1993.2494208086468,2953.875438531081,0.02999999999974534,G,T
DCB_se2_ag1_f_01_1,24118,AH0,9230,to,597.7846691757593,1535.7391648396456,2877.6111759076616,635.1242723476565,1666.3027710247402,2690.255398083136,613.1403694517859,1726.715887638034,2890.8884913509855,0.03999999999996362,T,sp
DCB_se2_ag1_f_01_1,24121,EH1,9232,wear,573.0062134836184,1907.2406861097988,2889.876821576487,581.8073569420964,2001.0683316159418,2900.883367224944,574.7402006713454,2086.8194516007366,2839.74125932634,0.0500000000001819,W,R
DCB_se2_ag1_f_01_1,24123,AH0,9233,a,546.6431485034935,2050.020053079287,2991.404815864413,562.9476850751303,1759.8676655789607,2889.963422575378,538.8632364180432,2113.4697683481763,3034.354446686828,0.05999999999994543,R,P
DCB_se2_ag1_f_01_1,24125,OW1,9234,ponytail,701.4812296978849,1024.9845853675824,1942.229772915206,721.3837831567303,940.7617447749615,1924.14260998844,670.2022431025612,1241.49286598987,2683.4739776874585,0.0500000000001819,P,N
DCB_se2_ag1_f_01_1,24127,IY0,9234,ponytail,441.89754153712624,2026.7061610725923,2927.334190911036,483.6935953157505,2543.6085936376057,3148.280063059277,482.34653587670346,2536.477467501087,3128.0307466495224,0.07000000000016371,N,T
DCB_se2_ag1_f_01_1,24129,EY2,9234,ponytail,616.0052976385289,1849.373881486667,2543.556386026297,622.0575977502536,1787.526181039521,3183.758062645724,579.6317127132565,2050.854343454313,3310.993871367127,0.04999999999972715,T,L
DCB_se2_ag1_f_01_1,24131,EH1,9235,every,783.3874500594416,2047.8753787651929,2809.202566948621,806.9182664219061,2049.020972427337,2847.4373634534195,784.1490750273612,2042.637772584715,2797.745723964655,0.11999999999989086,L,V
DCB_se2_ag1_f_01_1,24134,IY0,9235,every,416.6111227623579,2060.570125660508,2749.138049310119,478.50285568601436,2096.057829348943,2493.281665738949,456.3743796864021,2247.471695245337,2698.7918328063342,0.06999999999970896,R,S
DCB_se2_ag1_f_01_1,24136,IH1,9236,single,578.0942410262726,2160.972400562765,2854.0732463928525,620.5527424611524,2163.6506528782925,2850.645652733188,613.1883756658816,2164.7224231590444,2806.286716135276,0.03999999999996362,S,NG
DCB_se2_ag1_f_01_1,24139,AH0,9236,single,475.66217733062444,1317.1494784201236,2786.049099642717,521.0470589060347,2040.443061461235,3078.783230372214,521.0470589060347,2040.443061461235,3078.783230372214,0.02999999999974534,G,L
DCB_se2_ag1_f_01_1,24143,EY1,9238,day,581.3665642549727,1366.3886111785246,2713.0238009119244,635.8736929240548,2354.4571987261124,3203.9721290066177,417.51435087215236,2698.6805862446226,2866.8075987956877,0.29000000000041837,D,
DCB_se2_ag1_f_01_1,24146,AE1,9240,and,617.6405346445159,2433.8273410647703,3299.5602171241935,627.9791550455122,1689.8557505182575,2885.844529072502,586.1280386116359,2455.723605771155,3305.961482652695,0.07000000000016371,sil,N
DCB_se2_ag1_f_01_1,24149,EH1,9241,then,651.8287190222217,2348.9202159818306,3443.8109320027343,683.0870817862473,2316.4621810437634,3383.59146847879,527.2946228765014,2353.7985683666857,3412.2910929936916,0.07000000000016371,DH,N
DCB_se2_ag1_f_01_1,24152,IY0,9242,the,478.7675867367301,2089.124696895926,2920.9614774518614,586.1447699615871,2067.6669784749533,3156.646274057093,473.1038741661868,2180.6505271175474,3121.6355503142227,0.08000000000038199,DH,K
DCB_se2_ag1_f_01_1,24154,IH1,9243,kids,498.89979704047306,2537.7206931698747,3190.7297701276643,513.1171330583668,2476.6913538724875,3186.4498164039437,469.85901784636286,2684.2177452221713,3476.9921668845795,0.15999999999985448,K,D
DCB_se2_ag1_f_01_1,24158,AY1,9244,like,707.1226129167707,1640.1352704367055,2649.5845963417532,739.712046546249,1653.2680415596506,2682.997739982023,605.141478238168,2028.6100551395566,2920.043077090693,0.05999999999994543,L,K
DCB_se2_ag1_f_01_1,24160,AE1,9245,at,742.8435044585159,2005.8921921921637,3000.0473553578217,759.7264777211462,2054.92498793297,2940.4039299742562,645.2521972585761,2081.718396616651,3122.01488168959,0.07999999999992724,K,T
DCB_se2_ag1_f_01_1,24163,AH0,9246,the,574.4089763731571,1872.49189653075,3229.741941948505,589.5577766603097,1881.7831145884384,3459.3973417609304,470.95980082874127,1888.1066105095872,3309.548043595122,0.07000000000016371,DH,S
DCB_se2_ag1_f_01_1,24166,UW1,9247,school,497.29369685880516,866.9146218321034,3064.5206765138246,622.4611593833316,1247.5012139933501,2606.288679895359,622.4611593833316,1247.5012139933501,2606.288679895359,0.07000000000016371,K,L
DCB_se2_ag1_f_01_1,24169,EY1,9248,they,586.1500467323132,2414.665838037588,3129.984892437669,625.4613669907819,2186.6616905385804,3129.210665306011,563.7484493757621,2422.3302024421096,3138.323232511477,0.07999999999992724,DH,D
DCB_se2_ag1_f_01_1,24171,IH1,9249,didn't,576.2921421955589,2306.0006133718366,3064.992340699135,609.4769661857687,2240.537515780272,2934.139897251263,568.6661786240705,2307.41537856201,3070.233101293582,0.03999999999996362,D,N
DCB_se2_ag1_f_01_1,24175,IH1,9250,really,558.053852531767,1744.5184327360448,2628.1865492811567,570.1398825214974,1621.5403958845777,2608.8944154000915,506.40523922819665,1801.7730959677172,2725.754398468845,0.03000000000020009,R,L
DCB_se2_ag1_f_01_1,24177,IY0,9250,really,555.208852597194,2732.484289099331,3092.600142607995,559.2835380703204,2715.360458645885,3046.9138251998015,550.8891355682088,2745.8058954029234,3126.2750868165826,0.04999999999972715,L,K
DCB_se2_ag1_f_01_1,24179,EH1,9251,care,576.9207017537624,2246.969084787284,2617.079955894926,644.45685414871,2123.6448064757046,2621.5699808356035,534.264018145784,2337.1677237081303,2630.0272843757703,0.0500000000001819,K,R
DCB_se2_ag1_f_01_1,24181,AH0,9252,about,506.28093258248845,1636.7621585748655,2725.370499032951,638.6967234697199,1561.4843163707599,2715.7716132674036,468.4487940838929,1665.6899462593772,2747.61554186291,0.03999999999996362,R,B
DCB_se2_ag1_f_01_1,24183,AW1,9252,about,825.0710721118985,1410.1768565291923,2725.3617232242236,828.2682155672112,1410.9064409424113,2674.6366176136044,810.8754535425799,1437.105683685782,2699.2334035943854,0.05999999999994543,B,T
DCB_se2_ag1_f_01_1,24186,EH1,9253,their,596.1328620926608,2228.3812003605703,3168.9664681327185,618.2559229789026,2226.6102241777753,2899.724229528367,607.705690404889,2315.0276414421846,3022.416358869087,0.09000000000014552,DH,R
DCB_se2_ag1_f_01_1,24188,EH2,9254,education,684.7643357325536,2190.4132685790487,2748.7410872930677,720.8807170948196,2219.0489994331156,2644.506711096452,713.1966959393287,2252.7530576428026,2641.921530916018,0.1000000000003638,R,JH
DCB_se2_ag1_f_01_1,24190,AH0,9254,education,482.17835851103695,2354.9114536925254,3022.2766878387583,541.4978776113896,2253.7433271425143,2765.510308562669,478.3329363248677,2371.853052642593,2962.0613443318525,0.04999999999972715,JH,K
DCB_se2_ag1_f_01_1,24192,EY1,9254,education,467.3684335575533,2627.3563537767945,3118.9828511303463,638.4782831027048,2685.3369984818305,2888.616768796413,638.4782831027048,2685.3369984818305,2888.616768796413,0.11000000000012733,K,SH
DCB_se2_ag1_f_01_1,24194,AH0,9254,education,569.0840482902315,1997.897149428894,3214.3901191167515,989.5041719988292,2101.147155008501,3286.8798342779082,989.5041719988292,2101.147155008501,3286.8798342779082,0.03999999999996362,SH,N
DCB_se2_ag1_f_01_1,24197,AY1,9255,like,671.365306909224,2055.8901163206947,2959.758396176625,795.2619208402532,1879.2185078457483,2998.6568210622804,673.44834768075,2056.607928627158,2963.8614867714136,0.03999999999996362,L,K
DCB_se2_ag1_f_01_1,24199,AE1,9256,at,616.3649132858333,2087.0485382976,2753.046915950657,660.2695422131324,2060.9875008386043,2765.400933619949,653.8400822547023,2100.4148785443795,2750.0850957207654,0.03000000000020009,K,T
DCB_se2_ag1_f_01_1,24204,EH1,9260,everyone,816.9551871723505,1790.5580983379034,2185.7317589235686,824.4711125054206,1892.0511254092626,2214.4636547616115,814.1114558789919,2022.3043671418,2426.991747838073,0.07000000000016371,sp,V
DCB_se2_ag1_f_01_1,24207,IY0,9260,everyone,508.0297777332156,1445.7210808761665,2536.422245895934,524.0657986252161,1397.2047873302845,2346.871230405726,504.86127385046404,1511.0387868532628,2259.1154889303557,0.02999999999974534,R,W
DCB_se2_ag1_f_01_1,24209,AH2,9260,everyone,647.284906478872,1420.7789335051368,3009.784047563501,663.1190904182714,1246.9458095318867,2666.480288798683,620.5047363980885,1702.621898152575,3313.9107375838153,0.03999999999996362,W,N
DCB_se2_ag1_f_01_1,24212,EH1,9261,cared,627.2017126194661,2243.2644087064464,2369.19323762545,628.773739610536,2230.40615500868,2425.681943871628,574.2029633143263,2338.9543879882754,2976.0694657639933,0.03999999999996362,K,R
DCB_se2_ag1_f_01_1,24215,AH0,9262,about,582.0514676001624,1721.7356570224285,2719.6375529776883,583.7913787318698,1746.747089147879,2713.0805560291383,519.4090344408673,1863.7513190575307,3055.196159119366,0.02999999999974534,D,B
DCB_se2_ag1_f_01_1,24217,AW1,9262,about,789.8181569844581,1440.57617861517,2472.944316145932,789.4233242887257,1438.6120113530817,2472.011263162834,780.946022022089,1510.3756195588446,2573.688498919936,0.03000000000020009,B,T
DCB_se2_ag1_f_01_1,24220,EH1,9263,their,577.5710147489681,2156.11037585835,3111.2043964043933,630.4819516053469,2168.788556767342,3086.3216227494772,599.2369726831037,2183.598355099176,3089.178752678074,0.04999999999972715,DH,R
DCB_se2_ag1_f_01_1,24222,EH2,9264,education,651.9083369714695,1982.4318184384053,2578.3465399744423,679.5735958080218,2195.946086764833,3269.6301306868036,679.7084832480922,2196.752505018729,3277.260834873202,0.09000000000014552,R,JH
DCB_se2_ag1_f_01_1,24224,AH0,9264,education,542.0076806746731,2190.8294596406668,3521.364105630156,750.535583674171,2245.519298052938,3465.676648607159,750.535583674171,2245.519298052938,3465.676648607159,0.02999999999974534,JH,K
DCB_se2_ag1_f_01_1,24226,EY1,9264,education,543.2054021544767,2256.0438741528474,2947.6008389334916,544.1726508590924,2282.4570783332438,2948.777643522049,508.3273727859586,2430.6545737458714,2929.6018928437156,0.0500000000001819,K,SH
DCB_se2_ag1_f_01_1,24228,AH0,9264,education,456.328892541543,2029.778875531216,2343.7270037154553,642.3068877209976,2274.419890989939,3220.9978001378518,559.8878653182651,2286.4993780424606,2762.6878669123453,0.03000000000020009,SH,N
DCB_se2_ag1_f_01_1,24231,AY1,9266,i,1023.2543261890826,1654.2031178148643,2614.3190742666525,1170.9065032608396,1773.860705718089,2871.973402808471,889.0160100429629,1865.224000350621,2942.526263260322,0.17000000000007276,,W
DCB_se2_ag1_f_01_1,24233,EH1,9267,went,578.3583579196152,1450.8007010803642,3155.7945718651367,606.6649141933639,1197.0270155017006,3197.470038284282,600.0225885404394,2007.0629806907923,3198.0103419434854,0.0500000000001819,W,N
DCB_se2_ag1_f_01_1,24237,IH0,9268,to,551.1520423415583,1719.1881511546094,3276.3264147314417,563.9700543172269,1823.7461101160452,3219.5143554933748,512.8820090388057,1904.774163317363,3210.2833163399855,0.03999999999996362,T,S
DCB_se2_ag1_f_01_1,24240,AH1,9269,study,782.9895183086447,1853.9296184579202,3456.638624506977,797.2650781834875,1839.93561354703,3433.5757334889227,720.9290865584161,1941.1886585725865,3452.23709383841,0.07000000000016371,T,D
DCB_se2_ag1_f_01_1,24242,IY0,9269,study,478.9048539793773,2711.4910409645363,3404.832043323985,596.9909295143431,2664.461810598568,3408.772259583896,502.8459263285974,2723.7566988610615,3425.0177602921276,0.09999999999990905,D,G
DCB_se2_ag1_f_01_1,24245,UW1,9270,groups,524.7967766345766,1109.634630592326,2681.931390831003,579.8620639134398,1138.2035041402748,2646.253923348612,439.98041788004787,1254.3124639475468,2735.7836666036196,0.11000000000012733,R,P
DCB_se2_ag1_f_01_1,24250,EY1,9272,they,691.9663378400289,1646.3176782921169,2359.9193481190414,697.3285930894912,1623.458607192665,2375.8109501365007,645.6652564214766,2217.0483237395915,2528.0151394523787,0.06000000000040018,DH,D
DCB_se2_ag1_f_01_1,24252,OW1,9273,don't,818.0555804989432,1532.2359645383826,3701.6542993791727,817.324420871173,1536.078109795652,3709.8179338942555,717.4392525071754,1696.3245964827172,2065.8679729911305,0.07999999999992724,D,N
DCB_se2_ag1_f_01_1,24256,UW1,9274,do,539.3866554326978,1178.626489853479,1662.2854303270772,674.9906088771315,1826.2647539498055,3384.3833857033824,666.543575167311,1848.4776417625199,3313.0672943269965,0.07999999999992724,D,DH
DCB_se2_ag1_f_01_1,24258,AE1,9275,that,712.002147693381,1950.7239096495323,3240.567919446185,719.8013853769446,1936.6571024992722,3287.1044112966815,698.8841702840527,2024.4466834405002,3182.2208316549686,0.02999999999974534,DH,T
DCB_se2_ag1_f_01_1,24260,AE1,9276,at,735.0107712951379,1976.600917548763,3370.4273989223534,746.7896634428777,2057.2636444129566,3174.402733980383,747.4058569139643,2062.5483468179355,3150.192806821013,0.08000000000038199,T,T
DCB_se2_ag1_f_01_1,24264,EY1,9278,they,538.7532513990152,2236.859834806541,3163.9446427223515,564.2886958218306,2256.776937310173,3255.934268149244,562.8832052634854,2259.332942268924,3255.201146230711,0.03999999999996362,DH,D
DCB_se2_ag1_f_01_1,24266,OW1,9279,don't,704.8165244583444,1394.3074966690956,2704.3375924132934,713.2799495588256,1335.0686881174706,2812.3432210837195,601.9290148240501,1550.9150344564875,2484.582657777189,0.04999999999972715,D,N
DCB_se2_ag1_f_01_1,24269,OW1,9280,go,545.635478932706,1330.6088174306726,3120.6206148145557,548.4616517184551,1355.0352052660448,3116.757618861668,536.6774938797291,1441.345027522492,3085.5529582242457,0.05999999999994543,G,T
DCB_se2_ag1_f_01_1,24271,AH0,9281,to,467.628129019056,1626.4180313050033,2718.5462674144374,486.5200186808385,1564.6824731823485,2821.099368952338,436.1390449770464,1714.4104823708287,2783.3214787188263,0.03999999999996362,T,S
DCB_se2_ag1_f_01_1,24274,AH1,9282,study,611.1709242369435,1748.0142669256636,2242.288783055689,622.6179622487726,1738.56498953797,2343.32639737793,590.9051954340849,1826.0440186494288,2888.7206039707667,0.03999999999996362,T,D
DCB_se2_ag1_f_01_1,24276,IY0,9282,study,419.38170743492947,2163.842666761206,2187.129916594223,592.950983810784,1784.2482341330954,2922.607577470987,432.36042827706467,2150.3701979481766,2442.7628336375346,0.03000000000020009,D,sp
DCB_se2_ag1_f_01_1,24280,UW1,9284,groups,374.24829590779217,1585.158067312668,2795.9892832195164,412.3811477114366,1427.315796918984,2747.4740404297763,375.30636064884976,1581.0051023195263,2796.3919275631238,0.02999999999974534,R,P
DCB_se2_ag1_f_01_1,24286,AH1,9286,the,611.6796672330944,2015.5404043749375,3171.916044811523,658.2239256276383,2017.912852944177,3179.4933246933274,610.6720160218465,2068.293378516849,3120.176474661931,0.13999999999987267,DH,sp
DCB_se2_ag1_f_01_1,24289,AH0,9288,the,612.7306273599294,1578.2150476389909,3080.7955346726744,624.3567852478766,1761.1080298846857,3106.965967758887,535.7035548758168,1875.1554737166089,3121.190949861881,0.18000000000029104,DH,sp
DCB_se2_ag1_f_01_1,24291,EH2,9290,education,680.7320591085147,2145.0335531781116,3244.260203263365,686.0457126634941,2130.071746665529,3398.200511907431,591.3140686765023,2146.3899765389615,3231.887400024707,0.09999999999990905,sp,JH
DCB_se2_ag1_f_01_1,24293,AH0,9290,education,499.33608315860187,2178.470567492225,2957.196448717168,507.5348402132869,2085.00184051474,3303.477542301447,499.3561675579852,2178.3391701258315,2958.76857247834,0.03999999999996362,JH,K
DCB_se2_ag1_f_01_1,24295,EY1,9290,education,552.6113837250962,2508.322129611214,2957.357736960499,556.3106451822136,2493.5074225977355,3017.395208638137,537.1636793648867,2545.105305383605,3046.111106338096,0.09999999999990905,K,SH
DCB_se2_ag1_f_01_1,24297,AH0,9290,education,534.7762038010131,2025.2114312834246,3245.981010365635,563.2836672171669,2066.7111114647737,3023.86697071615,515.9396139808059,2101.351090616981,3331.7690122459558,0.03999999999996362,SH,N
DCB_se2_ag1_f_01_1,24299,IH0,9291,is,577.8251239702362,2069.5803832310617,2996.4343418027283,582.1802947671305,2045.52658525432,2938.7738181576283,568.6890740160995,2147.9625337875495,2239.981881897095,0.0500000000001819,N,Z
DCB_se2_ag1_f_01_1,24302,AY1,9292,kind,751.9844504578958,1599.3546061564266,2536.566876208919,790.7577208624809,1565.6213288709935,2312.553873239145,699.242635212212,2036.067291263898,3006.2158141985774,0.03000000000020009,K,N
DCB_se2_ag1_f_01_1,24304,AH0,9293,of,732.4730286465806,1520.741463508686,1833.0241751907483,771.2772555977858,1545.340796696223,2170.6400456665874,685.1004583556785,1572.1110880866274,2008.9211762357131,0.03000000000020009,N,V
DCB_se2_ag1_f_01_1,24307,AY1,9294,like,696.1756631417812,1860.822432876523,1994.1897334380135,800.5333638009516,1708.1602904594392,2820.3633318591314,583.9343816808557,1998.7851279353085,2423.8658312031903,0.0500000000001819,L,K
DCB_se2_ag1_f_01_1,24311,IY2,9296,mediocre,595.9644960949009,1457.5463125146307,2906.3376531992517,595.5892958490848,1441.94544912707,2893.8710200090154,526.7477861037266,1767.3609288926139,2819.734690080463,0.02999999999974534,M,D
DCB_se2_ag1_f_01_1,24313,IY0,9296,mediocre,572.7083292160719,2797.232426911285,3396.2209023165133,630.5079995558834,1381.980312485404,3014.83800639205,578.1364350471166,2850.3250955932176,3571.5326286241493,0.2300000000000182,D,OW1
DCB_se2_ag1_f_01_1,24314,OW1,9296,mediocre,570.2066233588,1081.6000988499839,3107.4357565481037,638.3228108395134,1247.7518542866112,3083.2511438736365,630.5079995558834,1381.980312485404,3014.83800639205,0.09000000000014552,IY0,K
DCB_se2_ag1_f_01_1,24316,ER0,9296,mediocre,617.5023380725498,1680.806846604246,2426.8685267344476,631.8914578390538,1149.1232527908237,2381.6571663023387,605.7081824959769,1673.4571873498235,2316.5655077547017,0.17000000000007276,K,sp
DCB_se2_ag1_f_01_1,24319,EH1,9298,there,662.102267743606,2270.7640054063727,3000.6047778905736,676.5094804213273,2278.433609649071,3068.7375144155035,664.6240989039111,2299.2856171237104,3051.465152586152,0.13000000000010914,DH,R
DCB_se2_ag1_f_01_1,24323,OW1,9300,so,487.23340846325124,1034.5579049630562,3171.0506885030195,641.0848517265755,1580.111992351932,3090.098180478394,600.9480040515285,1640.2648526920577,3071.9589478650455,0.2699999999999818,S,sp
DCB_se2_ag1_f_01_1,24325,IH0,9302,it,529.1499876872526,1808.2704535248467,2942.6620654011413,589.1992924209085,1884.065245213842,2951.930687473485,523.0695543618954,1946.8300338084596,3054.4938098388257,0.04999999999972715,sp,T
DCB_se2_ag1_f_01_1,24329,AY1,9304,kind,724.7766738467834,1852.1298656803149,2142.3456876895475,728.7020835795379,1939.452722658713,2597.270611850325,727.068835609888,1968.0846111260123,3104.989623585481,0.0500000000001819,K,N
DCB_se2_ag1_f_01_1,24331,AH0,9305,of,664.6198853022523,1643.635435084852,1943.9298293410334,674.8593826129132,1805.7830863226286,1903.0596360815377,674.544804560158,1810.648067735759,1907.4363742261023,0.02999999999974534,N,V
DCB_se2_ag1_f_01_1,24335,IH1,9307,it,513.1220306371158,2254.2880491404067,3043.144014613735,1104.132294833255,1192.0106323825482,2457.5440105354573,528.8213309052791,2258.9449238777984,3012.812026116785,0.13999999999987267,,T
DCB_se2_ag1_f_01_1,24339,AH1,9309,w,539.1519684819403,1923.2757457736561,2977.9086226056597,546.0186465846803,1635.7591949549449,2920.4547501442908,507.9179447939407,2217.7284006641876,3110.7454869885246,0.03999999999996362,D,B
DCB_se2_ag1_f_01_1,24341,AH0,9309,w,532.117809149384,1241.0162894016532,2934.9408130166307,555.9364516767849,1292.384956000639,2916.603025852663,555.9364516767849,1292.384956000639,2916.603025852663,0.03000000000020009,B,L
DCB_se2_ag1_f_01_1,24344,UW0,9309,w,482.3618247924314,1747.4651833413225,3116.474582564068,487.0190534521272,1615.8657913118186,3058.874743461008,483.5067866688835,1769.938883367601,3144.1403249654063,0.03000000000020009,Y,IH0
DCB_se2_ag1_f_01_1,24345,IH0,9310,it,454.8011389038617,1815.2867926117135,3029.5595850130558,555.8789369525651,1988.7300279745107,2997.2682552776,529.3236270897241,2041.9422657063417,3025.97776163505,0.09999999999990905,UW0,T
DCB_se2_ag1_f_01_1,24348,AO1,9311,was,620.3965544559729,1434.6209233716577,2457.6274410473334,630.5691597316087,1332.94883180831,2485.6712337984322,614.2099473306124,1448.9166480293266,2418.9541619848746,0.17000000000007276,W,Z
DCB_se2_ag1_f_01_1,24351,AH1,9312,just,598.0735815203694,1984.562888265677,2845.821965846691,600.3893647042156,2118.3531989194926,2963.067431704337,600.3893647042156,2118.3531989194926,2963.067431704337,0.03000000000020009,JH,S
DCB_se2_ag1_f_01_1,24353,EY1,9313,a,613.4438926739949,2275.0548975435167,3089.115098660971,615.2903148826508,2272.6164618809307,3061.131417933097,588.8238734119998,2283.872007289515,3050.756877769546,0.13000000000010914,S,sp
DCB_se2_ag1_f_01_1,24356,IY1,9315,real,613.4132890108095,1765.4579461763742,2692.1693477160175,636.2074158019102,1803.5202769109242,2529.290338960239,575.3758204489185,2007.2975843172455,2665.5959035369265,0.06000000000040018,R,L
DCB_se2_ag1_f_01_1,24359,AE1,9316,bad,570.6153802341818,2052.2951798388444,2847.088439534583,570.0662673805225,2050.330746652574,2847.5793547762337,525.6219919977242,2081.8319005880576,2869.388505785764,0.02999999999974534,B,D
DCB_se2_ag1_f_01_1,24363,AE0,9317,transition,595.3227271949713,2041.091544249781,3052.6390271545456,598.9086268941676,2040.4825172381097,3064.0149402405395,578.318683229081,2112.302696456883,3254.9377067347955,0.03000000000020009,R,N
DCB_se2_ag1_f_01_1,24366,IH1,9317,transition,595.6085403405555,2187.2969504103653,3179.282671517507,621.1791906407923,2189.483018541554,3151.436099210728,610.9040605800759,2206.013938709965,3268.3181752801347,0.02999999999974534,Z,SH
DCB_se2_ag1_f_01_1,24368,AH0,9317,transition,470.7260343804122,1891.9800651082871,3020.7739647169014,617.8042992136077,2028.1568432230183,3091.7680800369826,617.8042992136077,2028.1568432230183,3091.7680800369826,0.02999999999974534,SH,N
DCB_se2_ag1_f_01_1,24370,AH0,9318,and,716.0946445909951,1154.5607780888135,1830.6876130087019,743.1930125782864,1241.5672049655257,1893.4230749374033,743.1930125782864,1241.5672049655257,1893.4230749374033,0.02999999999974534,N,N
DCB_se2_ag1_f_01_1,24372,AO1,9319,also,729.3207072474451,1239.3468749592387,2221.9674093339763,792.040165875418,1300.5483924599428,1701.1858004361186,793.0255648032785,1304.2031048892518,1701.161097073444,0.03999999999996362,N,L
DCB_se2_ag1_f_01_1,24375,OW0,9319,also,627.8684727232337,1292.5056594257799,3159.674239962022,658.1062905059874,1552.0746740991674,3177.808925044163,658.1062905059874,1552.0746740991674,3177.808925044163,0.09000000000014552,S,sp
DCB_se2_ag1_f_01_1,24378,AY1,9321,like,686.9171056277889,2117.964325897923,3187.148213323079,803.7070855797599,1902.9455151660359,3143.2971528567823,599.6785066476535,2285.1039373473263,3006.5265776558094,0.09000000000014552,L,K
DCB_se2_ag1_f_01_1,24382,AW1,9323,now,731.4391120988673,2022.7975014090598,2570.7418804579415,740.9159781991175,1397.1090058827817,2636.7806296122835,663.6643718835893,2292.0793897837334,2677.6416703892332,0.17000000000007276,N,W
DCB_se2_ag1_f_01_1,24384,IH0,9324,with,593.8941755471656,1285.9761329939615,3138.6121289670505,595.2591193103382,1282.6797903763804,3136.0852074185495,451.5278394503625,1304.876169504364,3072.2761134035723,0.02999999999974534,W,DH
DCB_se2_ag1_f_01_1,24387,IY1,9325,me,596.701684481086,2796.0415061132767,3188.7111205188908,597.03033681096,2790.976239189884,3188.285423834087,580.1055248195071,2969.2883491138186,3345.02446805377,0.09999999999990905,M,G
DCB_se2_ag1_f_01_1,24389,OW1,9326,going,647.3677460211113,1084.5712559974686,2551.3774105126113,697.3457912174946,1095.212329953185,1812.740519788292,669.3603883948136,1134.1729433885587,2125.8238739586563,0.07000000000016371,G,IH0
DCB_se2_ag1_f_01_1,24390,IH0,9326,going,674.8368047918001,1454.7673033909687,2637.5972555038743,713.8601145977514,1208.8661566959433,2125.0488715995266,672.6659833446251,1634.2199264111237,3158.99905011125,0.05999999999994543,OW1,N
DCB_se2_ag1_f_01_1,24392,IH0,9327,into,602.8257155668949,2047.1522245381539,3094.7174195039775,603.2201852670237,2045.5527458583438,3092.94398931742,601.483766096752,2052.5935032122193,3100.7504651305735,0.03000000000020009,N,N
DCB_se2_ag1_f_01_1,24395,UW1,9327,into,493.7181494089407,1390.8226650107836,2761.1117377530086,516.9699603534993,1329.2667768348804,2597.6857673097384,502.6203401904934,1905.582491745848,2865.7481813451404,0.03999999999996362,T,M
DCB_se2_ag1_f_01_1,24397,AY1,9328,my,803.9406738525274,1777.442469349013,2395.2962604167224,828.2637321124237,1704.7781673637685,2346.878464259901,734.7100169688513,1933.824096680772,2896.375272841611,0.09999999999990905,M,S
DCB_se2_ag1_f_01_1,24399,IY1,9329,senior,540.2471418201047,2423.0596809716285,3188.387819413946,561.923000716075,2337.064948615933,3146.477691690874,506.9769973482065,2525.404667497759,3191.6602255034263,0.05999999999994543,S,N
DCB_se2_ag1_f_01_1,24402,ER0,9329,senior,479.0551941047684,2585.0809683555244,3124.7236539454248,533.1880329731423,2564.8986054705088,3143.5909375117544,482.31776697905866,2640.236284126834,3204.0529201772983,0.03999999999996362,Y,Y
DCB_se2_ag1_f_01_1,24404,IH1,9330,year,470.56065924716717,2423.858460885803,2899.1812560087455,542.0908791003205,2378.1684626034103,2825.5426452203546,486.5008882454529,2781.6555083853423,2909.9817349385316,0.13000000000010914,Y,R
DCB_se2_ag1_f_01_1,24407,AY1,9332,i,1074.3085031080673,1647.2650107919844,2346.243356014989,1109.415137709927,1764.7851718721026,2629.975589425468,975.1012063494284,2073.6316719822044,3190.580095570431,0.15000000000009095,,D
DCB_se2_ag1_f_01_1,24409,OW1,9333,don't,775.9572852256857,1377.4165058945616,2513.796504866126,775.8980504736437,1422.0414192346038,2756.0217236754547,724.6172836090368,1740.7979674260328,2900.3424396045098,0.07999999999992724,D,N
DCB_se2_ag1_f_01_1,24412,AE1,9334,have,690.3069796547765,2280.5764900691483,2721.922757327502,763.9182406642592,2245.6085142992683,2256.8444476525724,683.1948206615663,2283.191607761302,2521.563615286285,0.11000000000012733,HH,V
DCB_se2_ag1_f_01_1,24415,OW1,9335,those,585.9746440055262,1129.8615563325689,3307.3990354590183,605.7932028123195,1394.0477789950355,3209.0849433903372,564.0166648980535,1447.6965174212548,3150.5229135447858,0.09999999999990905,DH,Z
DCB_se2_ag1_f_01_1,24419,OW1,9336,programs,593.6482341442712,1131.0596775487115,2720.466800885577,653.4799833731075,1269.9864621259167,2542.8415983071413,651.9389805038096,1285.3951273974271,2551.19430790077,0.09000000000014552,R,G
DCB_se2_ag1_f_01_1,24422,AE2,9336,programs,643.5798485109697,1566.283027788072,2290.6469626554144,690.47919143062,1506.269147553107,2151.9880104819867,630.8702953957403,1584.2895583865286,2327.9979348794363,0.07999999999992724,R,M
DCB_se2_ag1_f_01_1,24426,AY1,9337,like,658.9815835933919,2105.208685056537,3136.5340380075704,752.8924081204099,2018.9188045243336,3109.2696305538548,548.8950122398145,2394.340197957045,3000.6834650765427,0.07000000000016371,L,K
DCB_se2_ag1_f_01_1,24430,IH1,9339,in,550.4252371455146,2308.159122694449,3006.7174488525184,623.3534732096304,1506.4995943495271,2749.1371242007835,544.7949719260603,2406.387209527714,3118.1508310487607,0.07000000000016371,sil,N
DCB_se2_ag1_f_01_1,24433,IY1,9340,dc,530.7230448573163,2803.9853816543887,3265.832231604417,550.0646117580576,2812.5037670091624,2840.028658019288,538.1780060217209,2836.510304009129,2889.9320247366527,0.11000000000012733,D,S
DCB_se2_ag1_f_01_1,24435,IY1,9340,dc,534.2949991545047,2507.5001856203585,3220.064276124906,550.486852431944,2398.487548276336,3170.9556986553835,531.4255119573977,2546.0037294074905,3200.0891670079804,0.0500000000001819,S,DH
DCB_se2_ag1_f_01_1,24437,EY1,9341,they,500.64287516017845,2610.330789345646,2839.887709193973,577.0259336709818,2513.158853410294,3276.263027522571,485.64139778355354,2613.0970361778955,3152.914845918178,0.07999999999992724,DH,HH
DCB_se2_ag1_f_01_1,24439,AE1,9342,have,815.6544533424702,1888.3428175095926,2863.8641464036045,842.2932808030278,1919.1650734494485,2814.3775647911743,839.003864055383,1960.612029410699,2724.9213864301014,0.03999999999996362,HH,V
DCB_se2_ag1_f_01_1,24441,AH0,9343,a,590.977567545898,1512.999244611029,3285.7791728532643,632.7277250524637,1456.2683236743117,3112.957293892735,605.5118127906533,1517.2582396996495,3299.0503195081205,0.05999999999994543,V,L
DCB_se2_ag1_f_01_1,24443,AA1,9344,lot,1007.6712741485271,1843.0557322091406,2453.678509326753,1024.4054759650635,1838.96975361612,2641.841352589519,986.3256292439686,1873.8941205009553,2961.081361547867,0.07000000000016371,L,T
DCB_se2_ag1_f_01_1,24445,AH0,9345,of,656.2133755786757,1722.5990603222558,2376.7768384257183,694.3731818690787,1720.6457518887357,2903.7333987598317,659.558114849322,1795.6747651300711,2880.442052393485,0.03999999999996362,T,V
DCB_se2_ag1_f_01_1,24449,OW1,9346,programs,619.8536211256322,1237.1514636918832,2665.63142177467,642.3604008431156,1286.197958744989,2448.256442090742,642.3604008431156,1286.197958744989,2448.256442090742,0.03999999999996362,R,G
DCB_se2_ag1_f_01_1,24452,AE2,9346,programs,668.2884370848332,1530.9859225860794,2223.1186539140012,668.2668394257,1534.3601490058877,2214.406367296702,662.7377007479555,1559.976616341515,2176.101531178735,0.03999999999996362,R,M
DCB_se2_ag1_f_01_1,24456,EH1,9347,set,700.5137270661454,1909.2982885198148,3141.7841464302323,730.0127546326953,1881.3509201018653,3218.847914573926,689.01892912532,1925.2185198850832,3104.83758537404,0.07000000000016371,S,T
DCB_se2_ag1_f_01_1,24458,AH1,9348,up,703.663609920412,1806.676214952619,3112.654956882355,704.0630000670631,1805.7727276947478,3117.2172395545454,649.0386100711753,1824.2700892411904,2938.7716726503827,0.05999999999994543,T,P
DCB_se2_ag1_f_01_1,24461,ER0,9349,for,507.31690374609997,1512.880104992811,2849.5324771819023,574.1818444277254,1428.8334668702907,2707.3601805610806,429.0984856104635,1752.928140664102,2988.4574668261066,0.06999999999970896,F,CH
DCB_se2_ag1_f_01_1,24463,IH1,9350,children,509.5189262999342,1477.3607260361418,3015.580305102126,531.773752007103,1813.2473404803006,3151.13207675093,531.773752007103,1813.2473404803006,3151.13207675093,0.02999999999974534,CH,L
DCB_se2_ag1_f_01_1,24467,AH0,9350,children,586.0636337663998,1940.7503501822162,2793.855256111184,585.9512165978639,1944.5002422353805,2792.3363672699334,572.3512536612933,2001.4496813733035,2720.549539360444,0.03000000000020009,R,N
DCB_se2_ag1_f_01_1,24470,AE1,9351,can,519.3720253700201,2471.6635149397985,2975.911046647278,552.3249095260884,2539.19173689579,3068.035762372577,467.1789996736,2467.48238017653,2914.1033029201003,0.0500000000001819,K,N
DCB_se2_ag1_f_01_1,24473,AE1,9352,have,744.9997137196576,2106.9803659589243,2990.613196587416,775.0379111095134,2125.646744410635,2849.069513880132,768.8297954103648,2162.182446886172,2906.7837532862936,0.08999999999969077,HH,V
DCB_se2_ag1_f_01_1,24477,AA1,9353,scholarships,869.403274593621,1261.5594654393926,2660.8318065787917,914.169144549313,1291.909810945862,2662.651545832087,806.0264282168699,1460.6676900732782,3141.097990856768,0.17000000000007276,K,L
DCB_se2_ag1_f_01_1,24479,ER0,9353,scholarships,574.9154640194381,2023.382063731872,3048.572754194228,644.572999371755,1908.172427558305,2645.3962713921837,542.1806764028058,2103.206848328065,3216.13197277197,0.05999999999994543,L,SH
DCB_se2_ag1_f_01_1,24481,IH2,9353,scholarships,524.5824548269935,2123.1815169351307,3163.2788615000427,561.6920344333381,2130.250114654803,3020.9214226972654,559.0285945536317,2141.0125737129624,2992.286214422418,0.05999999999994543,SH,P
DCB_se2_ag1_f_01_1,24485,IH1,9355,in,615.4821274118983,2484.8986942318506,2598.5071276606236,1025.3520639526002,2121.536923986531,3180.630966825051,617.8423892044223,2483.4905803106262,2675.7225878752597,0.13000000000010914,,N
DCB_se2_ag1_f_01_1,24488,EH1,9356,maryland,507.2415008033997,2389.3811777211113,2759.731621861692,606.9487456305866,1968.2793683369453,2523.4642380608434,491.7377130409371,2502.3933224670836,2882.8802978202075,0.09999999999990905,M,R
DCB_se2_ag1_f_01_1,24490,AH0,9356,maryland,751.4254710201859,1692.2053901891031,2802.9377122702176,751.2989919607811,1690.3041615345774,2806.2699947160513,748.6481263715094,1694.9073541241564,2718.1025416388816,0.03999999999996362,R,L
DCB_se2_ag1_f_01_1,24492,AH0,9356,maryland,641.9949927335058,2178.671058558944,3207.665515215316,668.2571040797814,1872.8192086775891,3207.04172278245,606.6472785725185,2228.7342420475175,3164.453819749911,0.07000000000016371,L,N
DCB_se2_ag1_f_01_1,24496,EY1,9357,they,630.0977265221768,2038.2496020396795,2707.677388198003,648.7873031621633,2410.5317854096656,3139.8379407728253,648.7051894515205,2409.603568858982,3135.3788616426477,0.07999999999992724,DH,D
DCB_se2_ag1_f_01_1,24498,OW1,9358,don't,707.6255506028904,1324.2040955359553,2916.209966776343,736.9273636529837,1212.3545390971412,2311.2090963028104,608.4487720614223,1667.827397524456,2397.4310398124812,0.0500000000001819,D,N
DCB_se2_ag1_f_01_1,24501,IH1,9359,really,580.6828065421886,1617.3735128170863,2608.6068842894656,586.5463491033386,1593.4981716318914,2603.073468289337,455.66152742114093,1656.1951986840738,2844.1727026882127,0.03999999999996362,R,L
DCB_se2_ag1_f_01_1,24503,IY0,9359,really,499.32513993427574,2678.623304785147,3012.4320263469376,515.8523992685818,2318.9608583368863,2886.6709745392195,490.5186942090941,2706.2469856224006,3048.023036267183,0.07000000000016371,L,HH
DCB_se2_ag1_f_01_1,24505,AE1,9360,have,796.8330801804266,1900.799258708459,2283.992907922338,797.3659292083574,1911.735268573535,2281.3488649644987,752.1503580528993,2305.118092434921,2379.047059490305,0.15000000000009095,HH,V
DCB_se2_ag1_f_01_1,24509,AE1,9362,that,633.7539703381904,2111.412143897203,3244.366167621708,670.7801602078213,2119.8370901337325,3150.9497167059685,646.1743340497892,2175.983232458474,3224.781967157469,0.05999999999994543,DH,T
DCB_se2_ag1_f_01_1,24514,IY1,9364,d,504.42119109090567,2514.519331819275,3021.0276514136394,632.5403109825735,2691.060318904358,2918.5440253722954,500.7855522421553,2936.439763468405,3790.999662159861,0.15999999999985448,D,sp
DCB_se2_ag1_f_01_1,24517,OW1,9366,so,511.1038078456129,1431.6629518641075,3143.5070416494104,646.9680214552952,1594.8630739818325,3134.642666227568,633.8459161198338,1634.9328644517234,3185.1883963185724,0.09999999999990905,S,sp
DCB_se2_ag1_f_01_1,24520,AE1,9368,that,661.2209992788733,1929.4242811609301,3062.1690303172713,664.1903680047019,1937.1045911075257,2967.672411425232,638.5453762190481,1948.961647349203,3101.842124665011,0.02999999999974534,DH,T
DCB_se2_ag1_f_01_1,24524,AY1,9370,why,985.7184637111362,1676.4549997445636,2451.8798003710253,986.5156909173346,1693.4721224348318,2422.599576465798,976.6121791274097,1703.2194157526417,2403.067839505981,0.03999999999996362,W,AY1
DCB_se2_ag1_f_01_1,24525,AY1,9371,i,879.0313189395795,1813.0120113506327,2453.9270065662463,976.6218512229359,1685.1968023390004,2432.874407957905,876.7978336641471,1811.521897604277,2454.570324262582,0.05999999999994543,AY1,S
DCB_se2_ag1_f_01_1,24528,EY1,9372,stay,474.0995914735449,2469.005907017195,3076.6677044190733,616.2951837104265,2230.3954594383645,3073.4310840120033,491.92236019017304,2528.31621761344,3086.0214465666554,0.09999999999990905,T,IH1
DCB_se2_ag1_f_01_1,24529,IH1,9373,in,592.0273044051844,2281.4209686183563,3126.9061167246978,595.6800741891495,2142.7025086881576,2908.2343913978248,544.1890336940467,2458.9043547671163,3175.7013730372655,0.08000000000038199,EY1,N
DCB_se2_ag1_f_01_1,24532,AH0,9374,the,488.53293037206157,1425.3123094199907,2840.383869462525,632.5993332358787,1478.6842434423065,2985.0481771405634,511.20408360695563,1579.2689371793385,3009.568035968499,0.07000000000016371,DH,B
DCB_se2_ag1_f_01_1,24534,OY1,9375,boys,615.519869667517,1586.6893308061715,2810.825712200589,627.0766999868681,1474.814570491443,2837.014848215694,454.78559814878696,2069.0607394496533,2996.506812508604,0.11000000000012733,B,Z
DCB_se2_ag1_f_01_1,24536,AH0,9376,and,469.43915842443266,1727.5783816392093,3319.741332753921,514.3610314144561,1761.4931794060851,3281.3790032452634,436.303798704401,1794.5458551758425,2869.8519393917927,0.05999999999994543,Z,N
DCB_se2_ag1_f_01_1,24539,ER1,9377,girls,691.3092781558086,1558.6587658321673,2493.0344319435735,719.6210235268142,1581.1683766700987,2414.201640033931,576.5504056796495,1673.2340414810287,2353.042948308039,0.07999999999992724,G,L
DCB_se2_ag1_f_01_1,24544,AH1,9378,club,650.1815206763154,1618.0228193322528,3246.008380045154,664.6301555752791,1609.2440332100769,3060.2444274310883,655.2745193487855,1618.1060357907759,3212.7144170614456,0.06999999999970896,L,B
DCB_se2_ag1_f_01_1,24547,IH0,9379,because,516.2161324365629,2618.515988351041,3187.885062908029,520.4564209723003,2716.5219086467337,3176.8390464732474,520.7604536142948,2722.982020116201,3175.5792311674686,0.03999999999996362,B,K
DCB_se2_ag1_f_01_1,24549,AA1,9379,because,673.5603561176301,1796.9048038293047,3148.2031006872753,678.4399919273463,1799.5386957838082,3116.422047607063,565.1827871092094,1982.8657555710531,2794.6694518418485,0.0500000000001819,K,Z
DCB_se2_ag1_f_01_1,24551,AY1,9380,i,966.8089885111402,1664.6706451996292,2312.334650689765,964.4429577805897,1626.6550802065494,2303.9708253997296,747.1545385979542,1916.1931242102664,2314.5101501403924,0.07000000000016371,Z,K
DCB_se2_ag1_f_01_1,24553,AH0,9381,can,550.4147994183478,1665.4044814639142,2372.233037613911,650.0292345941143,2348.853336830153,2800.6604305130727,650.0292345941143,2348.853336830153,2800.6604305130727,0.03000000000020009,K,N
DCB_se2_ag1_f_01_1,24556,IH1,9382,get,475.8725243508135,2353.6985366074646,2876.779288105568,513.0525595705269,2250.5869286533125,2902.2635738503104,460.058869324675,2533.7484471546145,2792.0694834355636,0.03999999999996362,G,T
DCB_se2_ag1_f_01_1,24559,OW1,9383,so,672.4462633838274,1273.395383871317,3155.43534755882,683.4576347253831,1196.1163767662763,3135.283867314758,602.1763192321548,1675.2385841117234,3233.793305672087,0.07999999999992724,S,M
DCB_se2_ag1_f_01_1,24561,EH1,9384,many,531.1018984859819,1713.4134599487602,2878.934602423557,604.4102522171831,1462.0374521433723,2042.9518457797267,513.6121620984678,2136.7248903970685,2700.5553371574583,0.04999999999972715,M,N
DCB_se2_ag1_f_01_1,24563,IY0,9384,many,433.07905703781023,2258.8674594011236,3091.2949848878625,500.96975111824116,2141.3813338421332,2961.8333238205296,466.3456743562701,2325.1805486021335,2998.818645878337,0.04999999999972715,N,S
DCB_se2_ag1_f_01_1,24566,AA1,9385,scholarships,903.8684317895628,1225.9890957572736,2870.469228174656,936.490369070766,1318.0237698897154,2848.089176950375,786.2999995859705,1547.598021830993,2830.4960408551565,0.09999999999990905,K,L
DCB_se2_ag1_f_01_1,24568,ER0,9385,scholarships,553.6088173326698,1727.1627872884337,1798.8155553332542,698.1000347176438,1690.4493118821485,2969.8778729229093,691.4942165055587,1757.9030989232253,3496.8969625087175,0.05999999999994543,L,SH
DCB_se2_ag1_f_01_1,24570,IH2,9385,scholarships,549.1249044171698,2006.1614081940195,3158.081236914029,566.3884983192784,1991.3014253733334,3192.709287341699,494.99663343599684,2018.4180274123362,3292.618464731408,0.07999999999992724,SH,P
DCB_se2_ag1_f_01_1,24576,AH1,9387,from,699.6500478687644,1561.5521913828838,2578.9003042795503,709.0022513049859,1573.5118395414659,2676.958152636445,708.0341707555808,1582.2223961524298,2714.1258538835714,0.02999999999974534,R,M
DCB_se2_ag1_f_01_1,24579,AH0,9388,the,566.5779620654189,1398.0963426381434,2957.7877511007678,598.161528743941,1474.710466700815,2950.4906814124997,528.0033995113346,1606.8399608961445,2929.639177285099,0.05999999999994543,DH,B
DCB_se2_ag1_f_01_1,24581,OY1,9389,boys,592.1396078201257,1517.8052186842683,2995.3051553877617,607.786319953228,896.7936932557119,3198.5351221421015,431.6857346960849,1796.293323839868,3128.796655861028,0.10999999999967258,B,Z
DCB_se2_ag1_f_01_1,24583,AH0,9390,and,524.7345372608697,1679.0128242699127,3501.814212362706,598.875908884824,1857.623958095651,2174.7024138110655,591.7737014529672,1865.19169428598,2137.43307041837,0.03999999999996362,Z,N
DCB_se2_ag1_f_01_1,24586,ER1,9391,girls,751.7460666902198,1527.3948192643886,2527.4901412630315,761.2723239256871,1561.9615450006308,2695.2498479643814,730.9501171801243,1596.9984919122135,2863.1920485035575,0.03999999999996362,G,L
DCB_se2_ag1_f_01_1,24591,AH1,9392,club,667.674734371725,1581.3669814130637,3202.122141189561,681.4809549511195,1584.0165913805795,3220.615213709763,666.7425109260938,1595.5194312801143,3173.5749915781794,0.07000000000016371,L,B
DCB_se2_ag1_f_01_1,24595,AE1,9394,at,719.8545481346046,1936.5560035000794,2704.138883291448,814.0089534818258,1976.9144214643593,3191.585601073368,699.6392667864044,2011.6485156422523,3241.0358442087113,0.05999999999994543,sil,T
DCB_se2_ag1_f_01_1,24599,UW1,9395,school,610.946740549496,958.945337817639,2764.1802042248783,756.5834344055298,823.8132581851784,3255.6831974896136,520.7559108587101,1275.1449415586278,2499.8892220774046,0.11000000000012733,K,L
DCB_se2_ag1_f_01_1,24602,AY1,9397,i,930.3738312873866,1742.5610492499277,2458.5805929728235,940.2869787591545,1674.4237721542843,2390.625021099207,854.2624177986471,2060.8478224639575,2543.905169599018,0.11999999999989086,,K
DCB_se2_ag1_f_01_1,24604,AH0,9398,can,559.6953130892272,2460.762748925028,3440.0870060893394,584.1148058454196,2436.9633772309066,3439.0314552742657,548.2060218678384,2477.5686473305577,3296.0424465136593,0.05999999999994543,K,N
DCB_se2_ag1_f_01_1,24608,AY1,9400,i,1100.8810441553894,1918.4825885122352,2720.5019263208874,1129.9918939331121,1899.5093217022786,2728.3756743426075,906.4662257791393,1995.6314385105459,3143.303111313614,0.1999999999998181,,HH
DCB_se2_ag1_f_01_1,24610,AE1,9401,have,853.8123563629958,1929.1100341560993,3365.295855787308,899.8403924845592,1293.8423222619078,2203.619578814685,847.009554915492,1941.9941585330737,3295.69346932644,0.03999999999996362,HH,V
DCB_se2_ag1_f_01_1,24613,AA1,9402,not,870.3199774598525,1717.6193988360133,2746.3516753595445,920.2441021967094,1713.758486871285,2818.4880748882283,827.5136408227586,1832.5134990147696,2582.8254518025274,0.09999999999990905,N,T
DCB_se2_ag1_f_01_1,24616,ER1,9403,heard,647.9552542405766,1193.2136083580535,1752.3311133700602,731.0522241784305,958.1078992646359,1729.4831997543154,524.4043923230538,1532.634330374812,1844.4805163970693,0.07999999999992724,HH,D
DCB_se2_ag1_f_01_1,24618,AH0,9404,about,601.4905916490587,1188.6518570768937,2208.3722846137653,612.7940564124112,1149.9604473910467,2048.427151714123,575.1608525075015,1927.9365376360327,2601.597562766066,0.0500000000001819,D,B
DCB_se2_ag1_f_01_1,24620,AW1,9404,about,759.0902957845066,1489.5791659998183,2005.6509204128265,789.5602771558803,1371.935714004164,2741.9866254011704,777.0900058718383,1570.0847831166468,2534.878279927978,0.08999999999969077,B,T
DCB_se2_ag1_f_01_1,24625,AH1,9406,one,790.1583352971678,1414.6071181627597,2268.0289074605016,852.7819356778373,998.3817428618515,1266.5928097311712,643.6119938145703,1617.4450807304163,2066.039490007207,0.13000000000010914,W,N
DCB_se2_ag1_f_01_1,24631,AA1,9408,scholarship,793.5998224979729,1484.9986168605183,2599.321403934856,795.3463470243862,1466.122456955965,2547.225163483388,761.730887331898,1542.6721074250963,3176.1121772569395,0.08999999999969077,K,L
DCB_se2_ag1_f_01_1,24633,ER0,9408,scholarship,560.5175482912491,1612.813453281766,2393.2136151875416,694.7877816692493,1674.9608680986037,2149.376824329721,530.2804035508975,1739.3903253718597,2511.682423309514,0.04999999999972715,L,SH
DCB_se2_ag1_f_01_1,24635,IH2,9408,scholarship,573.3123588060328,1904.9104860589373,2973.8373629293233,639.6390686067263,2003.7291669902077,3073.371049226719,639.6390686067263,2003.7291669902077,3073.371049226719,0.08000000000038199,SH,P
DCB_se2_ag1_f_01_1,24637,IH0,9409,in,552.7225861051666,1549.05489545172,2651.9761133917477,621.3595549506716,1484.886164573573,2511.8961757940133,526.475198669518,1863.8788093545727,2777.5012206284728,0.03999999999996362,P,N
DCB_se2_ag1_f_01_1,24640,AY1,9410,my,806.0953190962341,1836.6047177935782,2940.9088463470907,869.9852999224038,1681.0750274595125,2821.831446381365,661.940565465835,1967.3877057221625,3115.8044534023425,0.07999999999992724,M,JH
DCB_se2_ag1_f_01_1,24642,UW1,9411,junior,539.0930379661488,1345.6787957589165,2288.8625585946556,541.22140828114,1611.0178142660363,3000.0064143486657,487.0890967430469,1853.7933943186367,3051.75244197919,0.05999999999994543,JH,N
DCB_se2_ag1_f_01_1,24645,ER0,9411,junior,471.7694995819297,2205.3308003531415,2631.719753323616,541.580259026083,2451.4447378211644,2819.97088967446,541.580259026083,2451.4447378211644,2819.97088967446,0.0500000000001819,Y,Y
DCB_se2_ag1_f_01_1,24647,IH1,9412,year,474.39615065865644,2438.618657418633,2677.123142527964,574.6030745567525,2676.956177445339,2884.781525618177,565.1161527427877,2683.2242138854695,2833.3591604095823,0.13000000000010914,Y,R
DCB_se2_ag1_f_01_1,24651,AH0,9414,and,616.1287822280509,2185.8907301175113,3307.407559831438,689.8603463498009,1651.065306135176,2929.7996742410837,614.5262892771112,2189.4610708863697,3291.7604592098282,0.03999999999996362,sil,N
DCB_se2_ag1_f_01_1,24654,AE1,9415,that,747.5330129538407,1971.9098079640162,3225.4733908435724,749.5178004470354,1975.715432704709,3231.197346161633,695.0564105151414,1999.9102774384855,3248.1587076153924,0.02999999999974534,DH,T
DCB_se2_ag1_f_01_1,24658,AH0,9417,the,538.5729934099481,1782.5523937143769,3172.275227405036,582.8966644624181,1802.6013720169876,3218.83971365507,522.5832353631572,1841.1537352084213,3228.6097359172127,0.05999999999994543,DH,S
DCB_se2_ag1_f_01_1,24660,EY1,9418,same,735.5628369410728,2314.8614068416123,3126.4259844531925,745.9372433741516,2227.266912567868,3109.214417073451,653.0738043856252,2592.8242862600873,2920.029987203062,0.06999999999970896,S,M
DCB_se2_ag1_f_01_1,24663,IH1,9419,thing,596.6408920302484,2219.006228284729,3198.0144313978903,639.8569354311766,2332.1852976065607,3197.8143655543577,623.6498173570661,2426.4892712202354,3123.9418728180367,0.0500000000001819,TH,NG
DCB_se2_ag1_f_01_1,24667,IH0,9421,with,514.6592675776415,1424.0560107577717,2720.492400613658,593.3912921252247,1401.9437585782398,2811.208879079739,476.9587932856448,1610.7236129502442,3039.00728300673,0.09000000000014552,W,TH
DCB_se2_ag1_f_01_1,24670,AH1,9423,um,845.570913012079,1445.9541606874704,1805.501236489299,861.8563505683805,1528.2138482742573,3358.250509814574,756.6382416187524,1722.6616446985092,3183.3302731941376,0.19000000000005457,sp,M
DCB_se2_ag1_f_01_1,24674,AA1,9425,college,921.6372759844088,1415.374754014512,2896.6698373649533,922.4904814113088,1421.8179464035325,3027.505423630325,748.3018973627742,1463.232550534904,3002.7443841362847,0.09999999999990905,K,L
DCB_se2_ag1_f_01_1,24676,IH0,9425,college,544.5100217742022,2040.6042148072386,3354.4321771920154,588.6549809561213,1975.7146500229494,3316.264505042024,558.4413184713152,2053.976321506973,3321.9978968863074,0.07000000000016371,L,JH
DCB_se2_ag1_f_01_1,24679,IH1,9426,visits,513.0986134469019,2169.4390912637814,3226.8141263568796,560.282982775535,1999.196859695232,3196.039199919826,513.5160323535229,2167.2244678730826,3230.1216484008014,0.09000000000014552,V,Z
DCB_se2_ag1_f_01_1,24681,IH0,9426,visits,428.5312349475289,2012.8813450582584,3210.64826941186,541.5822484948716,1993.6213954749621,3149.4726526196346,447.18815233374033,2042.111265442229,3161.683677634923,0.13000000000010914,Z,T
DCB_se2_ag1_f_01_1,24686,IH1,9428,when,635.9547266855594,1901.3673244090528,2910.66170078849,646.5927977847105,2006.2851920865116,3248.8640001651775,644.4182196631335,2042.0526786250653,3280.6502913994836,0.05999999999994543,W,N
DCB_se2_ag1_f_01_1,24690,EH1,9430,when,643.0522937628258,1497.5975075230217,1669.5584254953103,645.0111034759539,1470.2685943713727,1638.1276322516107,574.9215868514636,1582.5592207481284,2616.7578736646433,0.03999999999996362,W,N
DCB_se2_ag1_f_01_1,24692,AY1,9431,i,875.2007769274157,1590.1311453424917,2520.3221883311826,877.7594724492209,1648.5229898388202,2719.6519948813943,822.9823598492021,1719.2557514944922,2802.55215791375,0.05999999999994543,N,W
DCB_se2_ag1_f_01_1,24694,AH0,9432,was,547.6793202651286,1482.1435870589253,3134.4534555888945,730.5941269625947,1453.149314008763,2338.438266837549,721.3814625090547,1651.4496932193147,3121.0901910641373,0.03000000000020009,W,Z
DCB_se2_ag1_f_01_1,24696,AE1,9433,at,596.268990682421,1789.1367530742677,3203.306922884789,661.449253083697,1824.5627499011762,3151.623669497425,661.449253083697,1824.5627499011762,3151.623669497425,0.03000000000020009,Z,T
DCB_se2_ag1_f_01_1,24701,EH1,9437,any,470.1635183299869,2396.3743290894204,2686.6216941498033,694.8560321230486,2006.3420123461574,2688.331609054713,525.967999123123,2690.8617046805693,3292.9051736596057,0.09999999999990905,sp,N
DCB_se2_ag1_f_01_1,24703,IY0,9437,any,499.9476471333975,2405.8380272038744,3120.084298927322,600.1773973217086,1689.3027982905346,3157.5596530177954,516.4129631366842,3113.63985057692,3191.4650697265615,0.05999999999994543,N,K
DCB_se2_ag1_f_01_1,24705,AA1,9438,college,833.6791351253378,1230.3572487599718,3227.070465200411,918.1550662207007,1303.669945827625,3412.1327510578203,763.8146251460837,1574.2165623082108,3419.9994957254576,0.11999999999989086,K,L
DCB_se2_ag1_f_01_1,24707,IH0,9438,college,491.0364063220719,2012.893574521036,3233.4189827428304,684.8945540116466,2106.4982805913874,3413.9401940907155,582.0747426333567,2141.7501771216585,3281.8813064858027,0.07000000000016371,L,JH
DCB_se2_ag1_f_01_1,24711,AE1,9440,that,683.9453480522717,2025.3138796325381,3019.5097010629033,684.1520287559684,2024.004425133057,3021.1787140986557,678.6498448230801,2173.8157198763834,3093.2607439855174,0.0500000000001819,DH,T
DCB_se2_ag1_f_01_1,24714,EY1,9441,came,676.7306986015906,1430.4467167613411,2475.063457902626,728.257920130688,2211.3697114860374,3106.135933352138,709.5625556745091,2385.278460124137,3212.7478159750185,0.09000000000014552,K,M
DCB_se2_ag1_f_01_1,24717,AH0,9442,to,651.0885830025776,1789.7962692013382,3202.01234261845,682.27528731627,1816.921369763309,3212.6317181192203,676.125917538608,1817.9705042032294,3218.922096530961,0.02999999999974534,T,V
DCB_se2_ag1_f_01_1,24719,IH1,9443,visit,516.9431876580545,1960.186859578405,3285.1901948826658,537.6980367429145,1894.9744150217216,3225.6027085253077,518.4547449566269,2013.4706407690376,3280.4649462925254,0.07000000000016371,V,Z
DCB_se2_ag1_f_01_1,24721,IH0,9443,visit,576.9755049396501,2212.932035787066,3043.887625914321,610.5659670717131,2288.0733147454866,3018.6760007998623,588.7637747365904,2356.244445730155,3099.4123020042034,0.03999999999996362,Z,T
DCB_se2_ag1_f_01_1,24724,UW1,9444,you,535.9956057192059,2170.940764301574,2951.1887111168894,610.1627894872487,2751.6714244642526,3307.1666438392945,610.1627894872487,2751.6714244642526,3307.1666438392945,0.0500000000001819,Y,W
DCB_se2_ag1_f_01_1,24726,UH1,9445,would,549.226532820642,1455.9870192492306,3017.2811445689704,565.0639697426407,1550.8910618999307,3018.2815992289507,556.0524385423253,1601.6878798823518,3095.804277482507,0.03000000000020009,W,D
DCB_se2_ag1_f_01_1,24729,IH0,9446,just,476.2852861658874,1797.9511054107836,3211.091204038148,491.81503146400814,1948.8375673510723,3139.3906840445848,487.3023090972006,1962.7281060770083,3220.0687729776837,0.07999999999992724,JH,S
DCB_se2_ag1_f_01_1,24732,AE1,9447,had,824.7658383991077,1934.0395492808566,2477.7769501797547,845.2287136973453,1895.3363896444548,2528.6832171890587,721.3604033894125,2109.5526363150475,2432.3486808350544,0.05999999999994543,HH,D
DCB_se2_ag1_f_01_1,24735,AH0,9448,to,548.1585506675312,2003.3252322019541,3028.5229847527135,588.861716365277,2013.698958026973,3028.662902428582,573.7420512358676,2023.7125658990653,3195.5475041987615,0.05999999999994543,T,S
DCB_se2_ag1_f_01_1,24737,AY1,9449,sign,951.9870009021984,1680.9791023105477,2215.876837549844,963.5753522220792,1699.5823890633571,2575.7363306537727,883.5270214692106,1773.6422422384865,2525.4569941815494,0.08999999999969077,S,N
DCB_se2_ag1_f_01_1,24739,AH1,9450,up,724.6510170782434,1800.6114238361163,3253.7933810975705,725.5114443140363,1787.3149175229337,3257.8232047354018,718.8616008398866,1828.7935946044443,3241.1620188895627,0.0500000000001819,N,P
DCB_se2_ag1_f_01_1,24741,IH0,9451,it,510.96446786578963,1923.7135965680416,2970.2323326972837,544.7219595288649,1742.8674051970343,3124.699623752159,529.2657583203423,2052.4247451295514,3176.847190098839,0.03000000000020009,P,T
DCB_se2_ag1_f_01_1,24744,IH1,9452,didn't,535.7290842038254,2010.9006699753197,3150.0431046802864,543.0500632230686,2014.5619355822407,3152.90588195023,543.1549070790942,2014.7285573534743,3153.8213215754913,0.07999999999992724,D,N
DCB_se2_ag1_f_01_1,24748,AE1,9453,matter,946.0300602079799,1762.5511710835922,2831.581607961924,970.7073228433441,1826.8432948926882,2842.409732180323,971.902318830373,1836.5291437111061,2842.642682447849,0.07000000000016371,M,T
DCB_se2_ag1_f_01_1,24750,ER0,9453,matter,477.5955922401258,1616.3586226378357,3025.7710427174766,633.7178360283915,1732.6109691365948,2843.683908035559,628.2137949846252,1747.181231564064,2892.7703907974114,0.09000000000014552,T,sp
DCB_se2_ag1_f_01_1,24754,AH1,9455,what,739.6849803324772,1404.4471182833508,3318.359603468776,743.4104000203714,1466.1660941597327,3307.7030891942613,699.2924082920206,1541.234052382849,3324.2713616432497,0.0500000000001819,W,T
DCB_se2_ag1_f_01_1,24758,EY1,9456,grade,455.78222227932656,2407.3122604261166,2641.827633675207,606.8608531810228,1597.1922866274367,2173.8099583233407,510.8626371487708,2608.3724020447376,2726.895764741752,0.09000000000014552,R,D
DCB_se2_ag1_f_01_1,24761,UW1,9457,you,517.4494983741097,1503.8158875983252,2855.9801644757013,525.6280200837498,1562.2734675569116,2824.0616173699814,510.1281241827387,2056.240274207753,3003.631615930052,0.0500000000001819,Y,W
DCB_se2_ag1_f_01_1,24763,ER0,9458,were,617.075192553881,1898.6794810374765,2196.5896491405747,638.1087876465004,1777.6572563288914,1885.9919795057137,631.2400711555659,2017.7083672243868,2732.0493930330713,0.06000000000040018,W,IH1
DCB_se2_ag1_f_01_1,24764,IH1,9459,in,603.3473630817139,1887.3579968303848,2227.4417650378605,645.741146764779,2022.671861578146,2680.172238625712,614.937273970039,2225.6562952120635,3134.277696276169,0.06999999999970896,ER0,N
DCB_se2_ag1_f_01_1,24768,AE1,9461,at,722.5905423733244,2171.781947680258,3050.970922733692,786.0549136705517,1600.960949248576,2813.6841197818703,721.927637041393,2394.84797640182,3629.2010791198963,0.07000000000016371,sil,T
DCB_se2_ag1_f_01_1,24774,UW1,9465,you,481.21739442063875,1291.2459861475222,2899.4807083158607,539.3242845617925,1052.7708542920782,2680.6440216410883,480.3753681445374,1475.1540843080516,3152.048325846056,0.04999999999972715,Y,HH
DCB_se2_ag1_f_01_1,24776,AA1,9466,ha,790.57606280378,1609.5566770198416,2218.8351154422985,898.1591394786885,1583.0368836570412,2247.976638387172,811.2285417842769,1644.5743938194582,2246.4970272916844,0.06999999999970896,HH,Y
DCB_se2_ag1_f_01_1,24778,UW1,9467,you,516.0047021566377,1778.121734338457,2405.6292118241977,542.476939995504,1665.9672686655083,2723.474539073252,525.8731841968454,2045.8278288736667,2739.8628876738658,0.07000000000016371,Y,W
DCB_se2_ag1_f_01_1,24780,ER1,9468,were,658.8274698796859,1506.14809698278,2208.3158867278817,669.6319997302115,1379.32568909558,2104.9598194962073,656.0448284170865,1545.5451329208036,2235.0495531388515,0.03999999999996362,W,IH0
DCB_se2_ag1_f_01_1,24781,IH0,9469,in,637.9947675256591,1607.1683542384499,2317.758639309373,658.0420308724283,1580.4008487370327,2234.565422291498,616.69130096772,1895.7637876328197,2334.8124654787794,0.03999999999996362,ER1,N
DCB_se2_ag1_f_01_1,24784,AH0,9470,the,562.0920000124084,1943.8443741189444,3219.7049758760763,609.1759809537494,1658.4490996144855,1977.166834746687,589.5349009210585,1956.192710990806,3416.7635734487512,0.05999999999994543,DH,T
DCB_se2_ag1_f_01_1,24787,EH1,9471,twelfth,709.9269278091203,1218.0410315732988,3108.805244057132,717.6604175582752,1219.6814073697096,3184.622630512882,708.6992672391139,1231.0720686390898,3100.678474222282,0.03999999999996362,W,L
DCB_se2_ag1_f_01_1,24793,EY1,9472,grade,479.2915416756031,1532.6914249872907,2734.7796420433983,632.782685333416,2020.121632063986,2333.995226267113,557.8535646094099,2743.828718697736,3059.0153737094042,0.13999999999987267,R,D
DCB_se2_ag1_f_01_1,24797,UH1,9474,shouldn't,947.5275232608848,2238.3520543600494,3733.9428734500734,1021.9097455845157,2369.5381718028543,3722.558687303954,1005.0653137870672,2396.3923741637773,3806.9734395131763,0.02999999999974534,SH,D
DCB_se2_ag1_f_01_1,24799,AH0,9474,shouldn't,588.0388884384193,2040.9806081005556,2915.190693275451,591.9070196494099,1595.4508132265223,2331.793248977261,587.8471647810288,2043.6030464094206,2764.4737904143058,0.02999999999974534,D,N
DCB_se2_ag1_f_01_1,24803,UW1,9475,you,542.1101396960365,1550.1208290396983,2793.701245887851,714.5444114367843,1289.178722539776,2817.1519264531025,514.9445190073252,2850.7758750986372,2892.00572817039,0.09000000000014552,Y,AO0
DCB_se2_ag1_f_01_1,24804,AO0,9476,already,766.7108079673309,1386.7794073257207,2288.339366488036,774.2084554546922,1331.6764273312742,2394.429013553185,759.5930807652544,1404.2761100359962,2401.5659308368763,0.05999999999994543,UW1,L
DCB_se2_ag1_f_01_1,24807,EH1,9476,already,629.7004574122594,2030.3614330551752,2724.321493064657,669.0362678645932,1616.3082185848884,2578.6950388824052,604.5117039295714,2064.5342170873523,2783.4863437594377,0.0500000000001819,R,D
DCB_se2_ag1_f_01_1,24809,IY0,9476,already,635.4102556898437,2970.6889312137455,3172.3736417725195,632.6258576314575,2964.0065464234394,3197.684471555835,568.328996687861,2909.936759621364,3215.4196264234674,0.11000000000012733,D,N
DCB_se2_ag1_f_01_1,24811,OW1,9477,know,478.47459165900233,921.1190043880215,3250.5890038030107,919.3797077504315,2515.1410082053385,3859.821436947642,914.7459697221573,2472.6448966420926,3729.0977706231006,0.2699999999999818,N,
DCB_se2_ag1_f_01_1,24815,AH1,9479,what,539.9412108294363,1118.5458452778162,3145.2070714043643,541.2744203972456,1103.712332446036,3112.963814175688,490.1096339072004,1180.7970331264069,3143.8026575166023,0.03999999999996362,W,T
DCB_se2_ag1_f_01_1,24818,AA1,9480,colleges,888.6993577089283,1384.0990965192625,3182.800289659031,888.8357125134037,1378.0971008711874,3163.2542412742046,720.2511098271758,1556.4357782164657,2363.6339933514614,0.09000000000014552,K,L
DCB_se2_ag1_f_01_1,24820,IH0,9480,colleges,508.0611159418418,1791.2302825248653,1979.9482842124248,641.4086925890994,1816.3055798402452,3271.683657923522,633.9174205504617,1808.3834639236845,3268.405039917898,0.0500000000001819,L,JH
DCB_se2_ag1_f_01_1,24822,IH0,9480,colleges,523.7030020729086,2002.1444680896554,3409.646516423444,529.0149215632262,2004.3894699965508,3314.8532769985113,514.9432087368198,2108.1092425358934,3248.5803266645735,0.0500000000001819,JH,Z
DCB_se2_ag1_f_01_1,24825,UW1,9481,you,546.1640519334253,1403.8481110868593,2826.956616520574,614.8115802665427,1725.7247536774062,3024.7937605512366,503.8078416986634,2046.0701937842343,2880.545108175314,0.10999999999967258,Y,HH
DCB_se2_ag1_f_01_1,24827,AE1,9482,have,715.1113283513621,1588.7750895668858,2012.6204373236317,720.5536577270096,1388.5377430328122,2041.014993053295,684.1924934684577,1995.1929427831828,2102.5788485580197,0.05999999999994543,HH,V
DCB_se2_ag1_f_01_1,24829,IH0,9483,in,651.4315781001784,1929.8634163817146,3038.468179423816,680.7736317673587,1936.1441434041876,3115.6714985220005,668.828972243795,1952.7533792678373,3085.202492695962,0.05999999999994543,V,N
DCB_se2_ag1_f_01_1,24833,AY1,9485,mind,881.6915240479053,1565.4752184360275,1799.882310705639,888.3681729838977,1542.3916706755113,1744.230058150073,865.5778431949395,1582.4377681452374,1730.9497484796925,0.17000000000007276,M,N
DCB_se2_ag1_f_01_1,24837,AY1,9486,by,861.1321854825248,1634.9459277719438,2990.500537221004,870.6925745945289,1568.6957433925627,2990.469545135651,856.473028962064,1645.0741350035075,3101.3697471292185,0.1000000000003638,B,DH
DCB_se2_ag1_f_01_1,24839,AH0,9487,the,512.3897302646764,1616.2807452898526,3166.8963744370826,774.1280212926727,1692.613762593273,3152.0722562563833,770.8721253116856,1733.4654784205343,3110.1934912478946,0.06999999999970896,DH,T
DCB_se2_ag1_f_01_1,24842,EH1,9488,twelfth,720.904261489554,1269.806619568475,3221.0165015447787,721.3777238048452,1265.4002996799056,3165.598805487255,721.1019419521995,1270.5800163842464,3218.9076847478277,0.0500000000001819,W,L
DCB_se2_ag1_f_01_1,24848,EY1,9489,grade,554.8099902880733,1724.1649523643378,2659.245736422578,645.584089536855,1367.1126515393682,2236.3926193953903,523.1753292590375,2663.931852865331,2930.2410178504842,0.1799999999998363,R,D
DCB_se2_ag1_f_01_1,24852,IH1,9491,it,595.7350912997892,2102.8387962962556,3035.8935658324604,768.2818051595087,1978.155069557927,3107.702431577403,466.451867894336,2239.680507256827,3080.884946184413,0.07000000000016371,sil,T
DCB_se2_ag1_f_01_1,24855,IH1,9492,did,474.652511094901,2297.7240978818645,3142.242659912413,546.8156418000725,2178.152120144224,3067.6164277240273,431.62752176723865,2417.5658621018442,3287.0162065633835,0.06999999999970896,D,D
DCB_se2_ag1_f_01_1,24859,IH1,9494,did,476.23580917842355,2210.4015748838397,2993.979743975775,502.735517353185,2146.434659592135,3003.8722873238817,493.77546041295625,2254.926582249091,2997.8115607247564,0.0500000000001819,D,D
DCB_se2_ag1_f_01_1,24862,AA1,9495,not,934.0049519158033,1970.772907777332,2803.916756148001,938.5143359611455,1917.0218971473125,2983.563580430087,854.6947140786407,1993.096662640207,3197.8038806480467,0.09999999999990905,N,T
DCB_se2_ag1_f_01_1,24865,EY1,9496,make,509.4711987798401,2527.5672664238127,3206.752933352957,588.1245787699686,2196.3001231951275,3020.428402070665,451.5889644727154,2724.189129032629,2893.8842331621754,0.05999999999994543,M,K
DCB_se2_ag1_f_01_1,24868,EH1,9497,sense,508.4955484395361,1912.8566980763567,2895.1611371110057,510.3453111710767,1913.0489430464525,2906.4070142288533,501.1771124483514,1927.1917384046521,2788.5035348985084,0.03000000000020009,S,N
DCB_se2_ag1_f_01_1,24872,IH0,9498,to,479.44971818559,1812.6554392396565,3072.9358891820693,528.502169502788,1900.304845970174,3335.1032785678894,416.69343418703,1922.7444992435344,3064.1288366900294,0.02999999999974534,T,sp
DCB_se2_ag1_f_01_1,24875,IY1,9500,me,485.15024302848013,1718.550175516567,3000.6128685822982,530.3630198640898,1883.1418686174643,2985.4083518542816,529.0669138791135,1878.7211337340734,2985.9466639434677,0.02999999999974534,M,sp
DCB_se2_ag1_f_01_1,24877,AE1,9502,at,883.1842103775831,1833.7105893005275,2725.752410180321,881.3981511068314,1820.7628974858987,2724.569466504072,826.2682800714366,2191.5281547714217,2363.7599794027165,0.0500000000001819,sp,T
DCB_se2_ag1_f_01_1,24880,AO1,9504,all,788.1909410308779,1028.263702967449,2894.1933686097987,1121.0095311995317,2294.852215882088,3040.5299516220152,1121.0095311995317,2294.852215882088,3040.5299516220152,0.07000000000016371,sp,L
DCB_se2_ag1_f_01_1,24884,AY1,9506,my,863.1848849383647,2173.8775474955078,3107.557878428228,987.6788524646313,1885.8647266442933,3275.1980445931213,784.1468494662671,2192.0806867150427,3296.727556276298,0.17000000000007276,M,sp
DCB_se2_ag1_f_01_1,24887,AE1,9508,sat,642.8957686488292,2137.0162174982634,3146.50347136259,660.4578637754441,2102.8585254374652,3072.305709377574,623.5964049935006,2149.4401288741237,3184.031050462337,0.02999999999974534,S,T
DCB_se2_ag1_f_01_1,24890,EH1,9509,yes,675.362099907967,1909.6149562746684,2887.132496858703,716.646638575014,1929.0352399097953,2509.2655735367234,542.3017293112013,2383.4962435209623,3089.081815799462,0.09000000000014552,Y,S
DCB_se2_ag1_f_01_1,24892,AY1,9510,i,670.6348494460934,1523.2378433423464,2694.849924716304,759.3031491369337,1490.874185386619,2677.2116176756163,605.9460731380542,2151.234669545828,2760.2824824372206,0.24000000000023647,S,sp
DCB_se2_ag1_f_01_1,24895,AE1,9512,have,747.704827151731,1714.7164139762206,2420.8539331072143,759.6589504938097,1761.9244723296827,2430.905975062552,759.328638365834,1777.5645533419404,2435.0739631077126,0.02999999999974534,HH,V
DCB_se2_ag1_f_01_1,24898,AY1,9514,i,954.5216923717358,1669.8337866127417,2122.7859880400406,1001.9798163768559,1116.903966221635,1803.8858141607825,993.5388655758624,1914.1144803746251,2681.7958281222086,0.11999999999989086,sp,HH
DCB_se2_ag1_f_01_1,24900,AE1,9515,have,888.9411504960408,1851.0103440699888,2678.9667456743414,916.3579411107918,1868.429496133624,2604.350722470485,908.9999226587894,1863.9191729469153,2633.4722440155324,0.03000000000020009,HH,V
DCB_se2_ag1_f_01_1,24903,AH0,9516,to,416.77344137927105,1717.5207938283577,2882.2372854393766,873.778767730081,1784.8017189954076,3772.939922170581,492.6462203235762,1830.8414841171075,3068.43012343557,0.03999999999996362,T,T
DCB_se2_ag1_f_01_1,24905,EY1,9517,take,567.7107861345049,2352.2694545956756,2706.5481759279514,583.9259352014981,2263.697736133411,2847.443893971971,478.7564160300417,2420.966783093761,2726.0834740287737,0.05999999999994543,T,K
DCB_se2_ag1_f_01_1,24907,IH1,9518,it,464.9030699404989,2430.477721323816,3091.9994915197835,532.1793168054745,2193.357806770952,2892.770032814273,446.84025112202414,2465.6187516353984,2867.9110386656735,0.03000000000020009,K,T
DCB_se2_ag1_f_01_1,24909,AH0,9519,again,461.34494065858263,2466.010345450167,2983.958754492471,492.605771012071,2290.9210624037823,3015.0667485401837,414.0040586300394,2631.2908881630447,2757.8594914740925,0.05999999999994543,T,G
DCB_se2_ag1_f_01_1,24911,EH1,9519,again,528.7500652940691,2270.938232185736,2962.022669067839,557.1797317773629,2219.9449423487954,3043.765217807623,472.7317378622179,2504.582705464239,2917.4533431644886,0.05999999999994543,G,N
DCB_se2_ag1_f_01_1,24915,AE1,9521,and,626.641565446591,2240.4722642795728,3267.9682340228683,633.9038618462462,2241.038525800228,3264.8147263073492,622.6614796689714,2253.953034505856,3232.8493851929666,0.03000000000020009,sil,N
DCB_se2_ag1_f_01_1,24918,AE1,9522,that,683.3324614772806,2084.0827588567136,3091.0708796261156,686.6821818867046,2070.2572636897085,3151.310815922232,684.5086359151962,2083.849267529326,3104.9158965967827,0.0500000000001819,DH,T
DCB_se2_ag1_f_01_1,24922,IH0,9524,because,522.7140047305244,2739.1780077423464,3131.7912526702617,522.7078313252164,2743.9515115572526,3128.543049547418,491.4545459226877,2926.043727237749,3022.018965261108,0.07999999999992724,B,K
DCB_se2_ag1_f_01_1,24924,AH1,9524,because,614.9231262872495,1821.9126281086449,3295.7532399758547,616.3226663910764,1916.764518651218,3331.6221250743365,616.0439827965121,1914.773816635727,3330.507240812136,0.07000000000016371,K,Z
DCB_se2_ag1_f_01_1,24927,AE1,9526,and,553.9508434833531,2312.630542005998,3067.1378262547987,821.0477098039058,1905.6982581507982,3243.3401549384903,572.5954593411343,2381.4996987457134,2574.748142667286,0.09999999999990905,sp,N
DCB_se2_ag1_f_01_1,24930,EH1,9527,then,530.7701986247016,1931.8938030475065,2263.991170178305,573.0526891194497,2176.1579537709144,3209.933739241087,527.1400970040089,2261.2624649698273,2743.1757544708607,0.07000000000016371,DH,N
DCB_se2_ag1_f_01_1,24934,AE1,9529,that,756.1211333869311,1958.4321910840865,2595.7937683148366,759.0182413959027,2021.4386787855321,3172.626594544078,759.0182413959027,2021.4386787855321,3172.626594544078,0.03999999999996362,DH,T
DCB_se2_ag1_f_01_1,24937,AO1,9531,also,707.2415181539586,1065.8956854478909,3622.040179328832,787.258543273381,1516.907526713241,3157.7049748961485,787.258543273381,1516.907526713241,3157.7049748961485,0.15000000000009095,S,L
DCB_se2_ag1_f_01_1,24940,OW0,9531,also,674.3137401511513,1217.6076167732442,3623.9006122616047,685.2513249777084,1145.9161906927786,3649.5466182950304,577.2407391094785,1332.522965884523,3657.770560474559,0.09000000000014552,S,W
DCB_se2_ag1_f_01_1,24942,EH1,9532,where,667.1474994709891,1386.0888160321751,3299.509405597094,701.5460497384404,1706.5036662302912,3383.4838870942617,701.5460497384404,1706.5036662302912,3383.4838870942617,0.03999999999996362,W,R
DCB_se2_ag1_f_01_1,24944,AY1,9533,i,854.1563200021778,1427.7733072897765,1908.8729394978293,890.2202732084519,1581.7598704377233,2206.102062845254,844.587759577071,1609.8558363626712,2251.301890339752,0.07000000000016371,R,W
DCB_se2_ag1_f_01_1,24946,AH0,9534,was,509.23629935224636,1514.699335744399,3512.1657387955643,573.81824861414,1500.0149489059706,3312.8144111798124,517.7319833338557,1519.65738732326,3284.755262486854,0.03999999999996362,W,Z
DCB_se2_ag1_f_01_1,24948,AE1,9535,at,652.1560446235648,1433.1753389600215,3182.513372088587,663.1439828817879,1863.7743142665254,3040.2297032635,649.2636236422319,1932.3411339311283,3323.8282652100793,0.07999999999992724,Z,T
DCB_se2_ag1_f_01_1,24951,AO1,9536,fault,629.9603256246282,1039.1987559838908,3335.2895403508846,634.39168553391,1040.1542122066949,3305.1148549258014,590.2760451094141,1059.6697129156867,3214.2852111825828,0.1000000000003638,F,L
DCB_se2_ag1_f_01_1,24954,AE1,9537,at,667.1080033226062,2127.852319883388,3214.6945945718066,661.2811924349977,2185.48575909443,3228.696898135449,660.8402585202534,2184.776104993815,3228.4563114664056,0.08999999999969077,T,T
DCB_se2_ag1_f_01_1,24959,IH0,9539,because,485.85396614087375,2811.967107412172,3243.270512062629,494.46062317733396,2661.3526120943643,3071.2307431260756,481.91865568031943,2819.046448241386,3252.1173172783306,0.07999999999992724,B,K
DCB_se2_ag1_f_01_1,24961,AH1,9539,because,675.3427508702467,1498.612841973635,3399.7816113969907,675.1407271571034,1498.476152431347,3407.8924727301214,622.4544372649041,1723.9263934908238,3379.0912904041834,0.21000000000003638,K,Z
DCB_se2_ag1_f_01_1,24963,AH1,9540,um,797.3709541547719,1374.619585511145,2007.3611468787683,854.4580023885511,1473.7019325513338,2178.102609043536,568.9375064275014,1661.9792442598068,2737.6884080520294,0.20999999999958163,Z,M
DCB_se2_ag1_f_01_1,24967,AY1,9542,my,1008.7842245906531,1767.5837610505998,1909.5882818926227,1009.2951999080383,1824.7843760731296,3052.559687835241,903.6262480545231,1839.2883645023476,3048.8952694450645,0.3200000000001637,M,
DCB_se2_ag1_f_01_1,24971,EY1,9544,they,541.275064778857,2586.3980133111168,3304.453031388995,606.682221833831,2767.714783420756,3273.3091124798566,607.5594374410994,2768.216388459435,3271.4684881866933,0.10999999999967258,DH,S
DCB_se2_ag1_f_01_1,24973,EH1,9545,set,704.1939390776171,2248.2721378475812,3192.8075931009753,723.8591773755736,2235.4017925679946,3217.6922640308494,693.1785233970986,2251.75513089103,3187.904129236009,0.11999999999989086,S,T
DCB_se2_ag1_f_01_1,24976,IY1,9546,me,526.4579940632077,1319.823919245858,3159.92293860309,659.1824909284592,1898.3262199811024,2719.1994323005306,640.6179378709527,3126.760584898114,3752.396439113068,0.15999999999985448,M,AH1
DCB_se2_ag1_f_01_1,24977,AH1,9547,up,795.4786166570738,1463.6768641248646,1649.7870466536638,804.6569320982368,1577.4989595875538,3242.789959811942,651.2063634397109,1807.6236093045468,2586.2630775220155,0.16000000000030923,IY1,P
DCB_se2_ag1_f_01_1,24981,AH0,9549,to,697.9799680431673,1981.718360557082,3274.7232205558366,814.9861947305671,2125.6116918888893,3480.8963899511505,807.1442305939349,2129.8368207976287,3482.744284352898,0.06999999999970896,T,HH
DCB_se2_ag1_f_01_1,24983,AE1,9550,have,752.847234813161,2230.09459945341,3454.564626190674,818.8843195070982,2251.66596054407,3398.4051364226048,752.6521663435993,2237.141408837998,3451.7391006457583,0.1799999999998363,HH,V
DCB_se2_ag1_f_01_1,24987,AY1,9552,my,789.052229648281,2178.564632527244,3565.1482729353697,1008.184267919133,1929.5017050049566,3141.2031089573607,499.2788946011945,2584.7650288784407,2991.4633400273656,0.5900000000001455,M,sp
DCB_se2_ag1_f_01_1,24990,AE1,9554,sat,478.54373693701,2941.483517684156,3438.069971392225,492.63928557614696,2720.336148282395,2962.7094790429314,477.3847771423308,2941.0077190389147,3465.7706684245322,0.03000000000020009,S,T
DCB_se2_ag1_f_01_1,24994,EH1,9555,prep,830.7707530011277,1798.4989151958396,2686.5571663518363,829.8855373652917,1797.7037815471872,2691.5351867456848,718.3718453714172,1813.5102698676233,2804.0581719509364,0.03999999999996362,R,P
DCB_se2_ag1_f_01_1,24998,AE1,9556,class,628.3963855542725,2187.1875430592663,3259.076909658031,643.2104097773473,2061.129692578248,3200.76143494395,627.117908564304,2254.924304112552,3319.98512257261,0.09000000000014552,L,S
DCB_se2_ag1_f_01_1,25001,AE1,9558,after,1139.2463866275962,1956.4025094790422,2553.790064244099,1174.8602921131292,2016.4925714583655,2970.4614609333744,1023.7558981706537,2168.2899911585296,2630.180810253874,0.21000000000003638,sp,F
DCB_se2_ag1_f_01_1,25004,ER0,9558,after,632.562504083959,1447.5071533839198,2006.6864543893914,912.1269482064815,1669.8868194423574,2767.6540676347477,550.5744411789152,1785.8066833081402,2339.241708478914,0.1799999999998363,T,AY1
DCB_se2_ag1_f_01_1,25005,AY1,9559,i,1031.0953919973113,1840.9389058793956,2480.8803962837474,1034.5624795362244,1784.6556331640663,2459.2699149275586,726.755477489072,2057.021375795728,3172.466630195488,0.17000000000007276,ER0,T
DCB_se2_ag1_f_01_1,25007,UH1,9560,took,576.2555362024483,1636.6359475536271,3269.2812133933085,707.9888595433744,1777.9340737924995,3031.392465216841,707.9888595433744,1777.9340737924995,3031.392465216841,0.08999999999969077,T,K
DCB_se2_ag1_f_01_1,25011,AY1,9562,my,850.831098964975,1328.4498699520452,2202.902299207405,913.748507210268,2048.9541538419858,3286.0281870436165,631.879813017841,2197.743456218504,3422.2753014352147,0.2600000000002183,M,sp
DCB_se2_ag1_f_01_1,25014,AE1,9564,sat,515.4786631202868,1621.3146088313551,2603.1110250159145,550.8493252409944,1658.247128967128,2815.1214013813947,503.37981472052985,2427.683636466862,3287.275208393508,0.02999999999974534,S,T
DCB_se2_ag1_f_01_1,25017,AY1,9566,i,890.3110876338783,1864.7445525845721,3053.532720063876,893.9166676404399,1800.4733928601677,3129.9179557170437,754.6824924072446,2047.12007980883,3245.1112294737427,0.11000000000012733,sp,T
DCB_se2_ag1_f_01_1,25019,UH1,9567,took,575.0239498803368,1053.2028996860008,1834.8543543563167,665.0048723026232,1947.744388057514,3248.947810123538,665.0048723026232,1947.744388057514,3248.947810123538,0.0500000000001819,T,K
DCB_se2_ag1_f_01_1,25022,AY1,9568,my,706.8569733594027,1937.9845503663628,2939.9235748836186,911.7706144269265,1660.6916043660362,2218.603021019575,678.4757696856251,2123.585711287021,3217.2903986869374,0.23999999999978172,M,sp
DCB_se2_ag1_f_01_1,25025,AE1,9570,sat,476.3488883550057,2322.7117159281192,3170.1336193204324,545.6314396388068,2369.280367279426,3150.6651861888454,480.72671341700004,2359.3295351006336,3169.878518272368,0.0500000000001819,S,T
DCB_se2_ag1_f_01_1,25028,IH1,9572,in,539.2388317513276,2027.0033652459456,2553.0496967497356,845.4800083795035,2280.396918675949,2455.025584704827,547.7124605098436,2527.077368719496,3090.7109460911224,0.1000000000003638,sp,N
DCB_se2_ag1_f_01_1,25031,AH0,9573,the,552.1110329732161,1473.268232697505,2711.7039650277816,651.0385327753384,1762.951315794884,2717.462251552811,647.6161837721303,1814.4054017866818,2759.944903718033,0.07999999999992724,DH,F
DCB_se2_ag1_f_01_1,25033,ER1,9574,first,662.2096533073722,1428.7901948968906,1807.1700589515335,681.3244782098365,1248.5634915492733,1591.2049376897928,575.8746515934797,1557.4171098644106,2437.685732446669,0.07999999999992724,F,S
DCB_se2_ag1_f_01_1,25037,AH0,9575,semester,642.651876198227,1697.328949346453,1829.7117489007749,650.9771849550158,1679.968628317948,1917.4291397696984,538.9117608955937,1777.948015000095,3015.5327072397977,0.05999999999994543,S,M
DCB_se2_ag1_f_01_1,25039,EH1,9575,semester,818.3515977314396,1804.4821500542862,2040.8504319310678,831.253352600338,1914.8200890150558,3069.755104950851,811.261677428179,2023.850498576648,3270.6196778337535,0.14000000000032742,M,S
DCB_se2_ag1_f_01_1,25042,ER0,9575,semester,588.4589243442023,1703.6693324728753,2211.242736115407,725.6014883716441,1773.2553786169342,2471.9202658566687,614.842394122259,1937.0294951048925,2214.5164234170143,0.13000000000010914,T,
DCB_se2_ag1_f_01_1,25044,AH1,9577,of,723.7896135845956,1650.2640107078269,3150.3923351392154,943.0718082527198,2062.381487386561,3091.2214439396657,931.8462246362019,2063.8258403393734,3035.42822425156,0.10999999999967258,,V
DCB_se2_ag1_f_01_1,25048,UW1,9578,school,506.1812630627393,1104.34824858101,3313.364197911175,513.2789381968929,1090.3146516055886,3321.7907266187945,426.5822108554619,1708.6317025252094,3194.8143668485363,0.07999999999992724,K,L
DCB_se2_ag1_f_01_1,25051,AE1,9580,and,561.0747603661721,2071.58793917847,2633.396338751769,691.1147601007361,1970.9546186400478,2339.7306258669987,575.7629333379539,2432.9898364296428,3197.487585730375,0.05999999999994543,sp,N
DCB_se2_ag1_f_01_1,25054,EH1,9581,then,618.3191580307606,1842.6279007350709,3222.1250424992922,661.689738548445,1820.7122021283044,3245.154149210206,608.4178300380783,1844.3659701703154,3268.624782766323,0.03000000000020009,DH,N
DCB_se2_ag1_f_01_1,25056,AY1,9582,i,867.2261477335512,2018.0782332668202,3010.5450905091893,902.2732246109867,1914.9211629186482,2817.0908871160314,866.233907952469,2018.135439436831,3014.4686229084086,0.08999999999969077,N,T
DCB_se2_ag1_f_01_1,25058,UH1,9583,took,531.0952913174052,1821.1562299833438,3444.008409861644,712.6880186020419,1915.8514825595016,3129.2972896688657,712.6880186020419,1915.8514825595016,3129.2972896688657,0.04999999999972715,T,K
DCB_se2_ag1_f_01_1,25061,AY1,9584,my,839.5860153013492,1766.2694904955983,2066.0689524192944,874.711755914254,1997.1089831200345,3000.1128654889685,753.5012977975429,2119.846210351217,3377.364705823134,0.33999999999969077,M,sp
DCB_se2_ag1_f_01_1,25064,AE1,9586,sat,497.9862704319594,2400.466197187742,3054.4934156622435,564.537579478539,2305.099396557829,3027.908521961564,515.5273515311702,2417.403465533768,3074.761829540218,0.03999999999996362,S,T
DCB_se2_ag1_f_01_1,25069,EH1,9588,prep,745.0662052922513,1731.8802866707558,2334.704963994251,774.7241093572078,1634.040573085752,2187.541470695338,762.4845038938175,1742.554034760464,2314.4245183612993,0.05999999999994543,R,P
DCB_se2_ag1_f_01_1,25073,AE1,9589,class,600.1186311334725,2039.8420495151786,3080.657182701701,640.682681719026,2034.3769017694704,3134.0925683755254,607.5751566514764,2060.798118882978,3102.259442803695,0.05999999999994543,L,S
DCB_se2_ag1_f_01_1,25075,IH0,9590,in,543.8876308990308,1969.744350221351,3101.5792008878348,625.7768544407667,2009.9567006481795,3378.4364234957843,538.8591328598579,2023.8132100095213,3127.338602204932,0.05999999999994543,S,N
DCB_se2_ag1_f_01_1,25078,AH0,9591,the,521.9636588013428,1905.926841785448,3251.2012113527376,624.4782918505954,1894.421159190288,3509.2903718398097,525.2964014789799,1924.619242534245,3335.248523718096,0.04999999999972715,DH,S
DCB_se2_ag1_f_01_1,25080,EH1,9592,second,815.2941392074314,1973.9805037186673,2656.650629280641,847.0243202504862,1947.9896729994778,2502.305469118021,813.9953135638542,2051.773026187012,2745.0148176882412,0.08000000000038199,S,K
DCB_se2_ag1_f_01_1,25082,AH0,9592,second,540.160736325364,2196.9191267293913,2826.1631454572534,694.4576252522082,2224.163234419267,2873.1853572998584,694.4576252522082,2224.163234419267,2873.1853572998584,0.02999999999974534,K,N
DCB_se2_ag1_f_01_1,25086,AH0,9593,semester,645.33868016858,1638.0025104906808,3020.026271532662,872.5090703913534,1780.093078884791,2804.299786730394,872.5090703913534,1780.093078884791,2804.299786730394,0.05999999999994543,S,M
DCB_se2_ag1_f_01_1,25088,EH1,9593,semester,740.5560961118906,1904.7603881223743,2994.6059024470396,742.2088530739078,1873.941478117965,3052.402250719683,740.2206764332159,1933.1632108298006,3182.756691029989,0.09000000000014552,M,S
DCB_se2_ag1_f_01_1,25091,ER0,9593,semester,567.0649109471202,1882.4742828482877,2740.9164068168643,570.8912567415923,1869.4064544555945,2754.1174244574263,557.518446000148,1893.1129747941613,2288.4398391304794,0.03999999999996362,T,AH0
DCB_se2_ag1_f_01_1,25092,AH0,9594,of,573.3346625002984,1854.520177488631,2772.2810414447727,588.6800855524848,1862.328464395186,2690.087714463799,552.3674365642513,1905.2176321593604,2722.07489290283,0.03000000000020009,ER0,V
DCB_se2_ag1_f_01_1,25096,UW1,9595,school,465.3290791407092,1140.132824747954,3103.8921396759783,694.3023947914846,1353.7214864078028,2741.020199580891,694.3023947914846,1353.7214864078028,2741.020199580891,0.0500000000001819,K,L
DCB_se2_ag1_f_01_1,25101,AE1,9597,that,729.6099264569759,2118.9797637637744,3523.0434339000744,727.8168425546011,2105.001257949669,3525.353338440917,726.9157150909809,2097.671416928996,3526.0005021461407,0.03999999999996362,DH,T
DCB_se2_ag1_f_01_1,25104,AH1,9598,doesn't,645.8010958669203,1270.544674173363,1942.7699298816472,672.3821044951769,811.8421705766883,1920.5968862354034,544.950613404256,1813.886902982188,3655.9801175328585,0.05999999999994543,D,Z
DCB_se2_ag1_f_01_1,25106,AH0,9598,doesn't,506.22293265974685,1848.094344220503,3457.0705149848554,629.3190787414367,1819.2101569130984,3418.062998280733,542.1466343505589,1875.2073228725606,3469.2731112597316,0.05999999999994543,Z,N
DCB_se2_ag1_f_01_1,25110,EY1,9599,make,537.375168149911,2187.0003872099937,2549.9690240166974,605.738354373217,2308.531755702427,2680.568319316105,529.4804813359966,2518.601753923294,2611.054734736912,0.06999999999970896,M,K
DCB_se2_ag1_f_01_1,25114,AE1,9601,that,635.0234497098076,1785.6246586173388,2109.3358013342186,637.0187124698896,1798.1631684637896,2111.231835427052,622.5165507176674,2022.8739116701827,2948.294296905245,0.0500000000001819,DH,T
DCB_se2_ag1_f_01_1,25117,AH1,9602,doesn't,685.5252711897288,1811.8516635313722,3565.9814506550547,688.1320853983067,1796.401054886239,3516.5466477370896,678.6149092208432,1897.0151596658663,3622.8424191394442,0.06999999999970896,D,Z
DCB_se2_ag1_f_01_1,25119,AH0,9602,doesn't,449.59485355233943,1914.4777353734894,3083.166209182007,473.09458166187125,1756.233521393336,3190.6505206327515,459.65446076391885,1938.928539205764,3009.1739458801576,0.02999999999974534,Z,N
DCB_se2_ag1_f_01_1,25123,EY1,9603,make,538.1444674846982,2473.9508850237216,3297.930062385943,630.8093237808864,2178.974882648377,3330.2805870305106,481.7497049497672,2595.0797847224517,2953.570340775848,0.07000000000016371,M,K
DCB_se2_ag1_f_01_1,25126,EH1,9604,sense,655.1932739347624,2044.198539744402,3223.8656685387173,660.5135135013878,2039.6647926024236,3229.27553961269,636.8005308951922,2045.1924606198959,3220.3601081609686,0.0500000000001819,S,N
DCB_se2_ag1_f_01_1,25129,AE1,9605,at,663.8466190904151,2037.3871204980503,3383.7877294544887,722.7427510253315,1415.237711390558,2034.1336149625151,675.4288290907112,2012.5818989558504,3298.0223324834915,0.05999999999994543,S,T
DCB_se2_ag1_f_01_1,25131,AO1,9606,all,678.186124229363,1046.2541813288221,3654.9796169141737,762.5012522709826,1343.1964827766658,3344.3405416243877,762.0902370073173,1351.563231206293,3350.407714505627,0.1799999999998363,T,L
DCB_se2_ag1_f_01_1,25134,AY1,9608,i,1039.7130450770837,1779.5788587495606,2116.543205335354,1098.761722376382,2087.6694227786115,3260.8511356943804,716.9731466716829,2107.5034773707953,3146.275787035878,0.20000000000027285,,AE1
DCB_se2_ag1_f_01_1,25135,AE1,9609,and,685.8822664196591,2232.344213387568,3089.91277584864,728.8890528853505,1945.7595656678154,3056.895541097933,608.4988332439483,2395.6065709033096,3043.208432913754,0.07999999999992724,AY1,N
DCB_se2_ag1_f_01_1,25139,EH1,9610,then,600.0146103708037,1801.7732182446387,2267.6457284704493,620.6492743190578,2094.189535399985,2253.3886476325238,498.3666809935127,2182.5433637398714,2852.083634557253,0.0500000000001819,DH,N
DCB_se2_ag1_f_01_1,25142,AY1,9612,i,1006.600633851594,1594.3099561453957,2331.9298761812024,1081.0735149559432,1802.4458116814899,2196.514165827648,964.4582595912168,2079.205825977478,2565.0528161231896,0.2199999999997999,sp,W
DCB_se2_ag1_f_01_1,25144,UH1,9613,would,553.4991747227225,1215.5181696408818,3005.899416752199,621.8418290351267,1493.1574103536705,3089.886833229494,621.8418290351267,1493.1574103536705,3089.886833229494,0.02999999999974534,W,D
DCB_se2_ag1_f_01_1,25147,AE1,9614,have,585.1404296425668,1508.342258254471,3074.854212409014,609.7255121917955,1577.7451787650582,3106.2526893697122,606.0282505446619,1608.4036027678276,3125.8511785826763,0.03000000000020009,HH,V
DCB_se2_ag1_f_01_1,25150,OW1,9615,known,743.2780164387812,1366.9108906496485,1505.802096559309,785.4859522952175,1484.175167838469,3935.089873143959,684.3309064380691,1703.735018971679,2698.5573026299326,0.17000000000007276,N,N
DCB_se2_ag1_f_01_1,25155,EY1,9617,maybe,571.9746488253385,2530.4028143709916,3032.8267283729833,618.4025622545472,2653.414029979013,2884.652530103438,551.0026747393385,2781.217337047541,3201.961173442218,0.13999999999987267,M,B
DCB_se2_ag1_f_01_1,25157,IY0,9617,maybe,582.4808035252669,3051.813782810251,3845.4408420514883,581.6200776657065,3146.3351372721977,3797.231542611346,525.8621228697026,3187.4237084371803,3402.5957289159214,0.15999999999985448,B,
DCB_se2_ag1_f_01_1,25159,IH1,9619,if,477.69194996018905,2477.27398798038,3274.3219786456266,904.1076965968778,1966.7198613687358,3195.577251452461,569.4078256091026,2618.327962585213,3366.1554490977182,0.12000000000034561,,F
DCB_se2_ag1_f_01_1,25165,UH1,9623,coulda,632.2978010230662,1750.6594946919972,3241.1211868746104,637.0338921183785,1810.9082625329504,3257.1107993160417,635.0273211510378,1785.3822694862029,3250.336374699133,0.03000000000020009,K,D
DCB_se2_ag1_f_01_1,25167,AH0,9623,coulda,473.92826998291946,1994.36631498166,3063.480066615076,561.3973709794907,1930.870216679054,3156.33771225214,475.5769036177962,2013.1940659976444,2820.8230456550414,0.04999999999972715,D,G
DCB_se2_ag1_f_01_1,25169,AA1,9624,got,830.432364583645,1855.9197602352463,2852.002901078094,857.4329526156035,1824.6217755041503,2687.6210866489196,699.3802506521959,1940.6102089982146,3319.82221255537,0.06999999999970896,G,T
DCB_se2_ag1_f_01_1,25171,AH0,9625,a,795.895115484912,1859.9875396170323,3010.5445835457563,1005.2911644673236,1917.3839360376776,3070.7862433764853,813.4639770529079,1914.3011297281616,3059.895100024034,0.05999999999994543,T,HH
DCB_se2_ag1_f_01_1,25173,AY1,9626,higher,881.8354443182615,1620.707706438385,2704.2203399308423,1059.6847574088083,1690.9790677302049,2422.476923907955,647.6805863149233,1993.8385859534221,3117.8899229228273,0.1299999999996544,HH,ER0
DCB_se2_ag1_f_01_1,25174,ER0,9626,higher,620.5770485602268,1839.875626263672,2977.547499897756,642.7966462616347,1977.472911924441,2680.5567624355394,637.8966955802175,2067.978478345303,3218.526955094919,0.09000000000014552,AY1,S
DCB_se2_ag1_f_01_1,25177,AO1,9627,score,563.9634371241684,877.064273430767,3204.573403442037,740.079206208672,1111.235458076658,2667.1666332988175,740.079206208672,1111.235458076658,2667.1666332988175,0.15000000000009095,K,R
DCB_se2_ag1_f_01_1,25179,AA1,9628,on,682.8543500074284,1894.6573659615176,2355.5797283035727,718.7240730998642,1929.6487900993452,2642.7219920532607,703.7221564273715,1953.3062724336003,2543.051635613308,0.03000000000020009,R,N
DCB_se2_ag1_f_01_1,25182,ER0,9629,her,606.46516197386,1915.6104976819363,3164.3695200672023,641.9137693729717,2156.1532435712493,3063.7201865003312,636.4092075240949,2174.2022120334086,2991.4334744948787,0.04999999999972715,HH,S
DCB_se2_ag1_f_01_1,25184,AE1,9630,sat,493.6445330062875,2273.2155736182794,2940.946361780471,494.9024503632256,2266.7373066434357,2971.8219147543887,462.6987995474313,2419.3424256087096,2858.2022678986823,0.02999999999974534,S,T
DCB_se2_ag1_f_01_1,25187,IH1,9632,if,564.286433179865,2680.800396918441,3018.4753749727724,978.5017113653624,2384.5830956276645,2640.8870900824213,553.5834522051014,2740.445687233869,2962.0790648620396,0.11000000000012733,sp,F
DCB_se2_ag1_f_01_1,25189,AY1,9633,i,845.0480107793651,1660.5016230509925,2519.5319985854007,860.5281624416695,1638.4848035047694,2472.2191730206796,688.6859902895178,1702.9669579010022,2749.4809181468695,0.05999999999994543,F,D
DCB_se2_ag1_f_01_1,25191,IH1,9634,didn't,558.84473813167,2188.9759994912442,2804.156133272072,607.9444213791434,2157.3171963151244,2385.516328753295,585.742969722158,2209.658708204704,3213.092636041425,0.04999999999972715,D,N
DCB_se2_ag1_f_01_1,25195,OW1,9635,know,672.8173572772737,1121.1611178115281,3441.8912841340884,901.0811364005145,1657.135397529405,2977.996470413696,661.7665670681251,1676.2890218844889,2427.150274587041,0.14000000000032742,N,AY1
DCB_se2_ag1_f_01_1,25196,AY1,9636,i,912.7209176650198,1920.3667345422634,3060.859126399337,989.5615148852249,1790.5011272622828,2737.8305822773136,685.33589425424,2123.812106399182,3097.2378175579056,0.1299999999996544,OW1,sp
DCB_se2_ag1_f_01_1,25200,UH1,9638,shouldn't,499.05182951873775,2138.6492980123858,3253.1162340066717,616.0229286868004,1975.7328892957348,3181.15020404535,541.9993269131518,2291.6266504196324,3316.67204463721,0.13999999999987267,SH,D
DCB_se2_ag1_f_01_1,25202,AH0,9638,shouldn't,602.093489542113,1913.6628854300757,3110.8222462464055,601.3059290990658,1918.4024069674936,3114.6102071287164,529.3210602113825,2003.677707899204,3121.4803886980126,0.0500000000001819,D,N
DCB_se2_ag1_f_01_1,25205,AE1,9639,answer,656.3195391755711,1851.2622026419697,2316.8955717496456,780.3911478756064,2161.9842553884155,2853.881129668203,706.7923365718494,2262.2965186370106,3112.472512780212,0.13000000000010914,T,N
DCB_se2_ag1_f_01_1,25208,ER0,9639,answer,628.9021027800374,1379.1385077848447,2226.9656058883393,649.2254775977312,1647.9696027855002,2306.3816631590403,630.9972237764732,1698.1539770946297,2346.5192918691155,0.07000000000016371,S,AO1
DCB_se2_ag1_f_01_1,25209,AO1,9640,all,651.6428541579256,1123.487523741771,2810.0463663435266,669.8642137192381,1014.4556582381663,2938.556030011287,643.9888168677967,1192.8606614645512,2441.909191725249,0.0500000000001819,ER0,L
DCB_se2_ag1_f_01_1,25211,AH0,9641,of,557.5008694093023,1680.3229895944248,2854.71736717941,572.5392587206709,1715.5245288460999,2811.552064657303,553.2508205498077,1757.779152310485,2807.5915171470956,0.03000000000020009,L,V
DCB_se2_ag1_f_01_1,25214,AH0,9642,the,467.1469359621796,1668.4687402614466,3053.00460104098,544.5353277199996,1747.1285753895525,3049.9191081239405,527.73122252562,1759.4530999855722,3088.32513543134,0.07000000000016371,DH,K
DCB_se2_ag1_f_01_1,25217,EH1,9643,questions,706.5915029003347,1738.9035997149385,1890.4394352834856,756.687570338136,1891.827066512233,3285.2070044970205,676.5522924682351,1856.9431859027784,3171.9027560608656,0.08999999999969077,W,S
DCB_se2_ag1_f_01_1,25220,AH0,9643,questions,589.0864977453721,2011.7388271932816,3467.3202641708795,615.7209065836788,1861.053131231484,2755.4723740453474,548.9355844352294,2019.333643785318,3520.0483986140866,0.06999999999970896,CH,N
DCB_se2_ag1_f_01_1,25225,AO1,9645,on,593.8636198095379,1420.3261604688796,3637.16283620808,827.642961648195,1507.2106080236335,2611.929321067902,638.4153954987648,1586.8643430854277,3554.262324045707,0.09000000000014552,sil,N
DCB_se2_ag1_f_01_1,25228,AH1,9646,the,803.7891889432169,1620.1357900964297,2300.4905848686512,806.7359062191316,1853.2268435802791,2912.886902910084,687.8363343110492,2101.936328766409,3459.923002135011,0.15999999999985448,DH,S
DCB_se2_ag1_f_01_1,25230,AE1,9647,sat,541.5038976117056,2297.5666500647435,2861.565748077774,812.0321494522054,1715.1881397011614,2439.1359982026715,554.2422306669383,2329.735989695227,2964.645873407723,0.05999999999994543,S,T
DCB_se2_ag1_f_01_1,25234,AY1,9649,i,999.0341521483705,1976.0145511690757,3097.0889181549633,1074.4335860316871,2121.7753457969948,3210.09419603228,476.9133589175739,2146.4233906273666,3346.0994393271512,0.1799999999998363,,AE1
DCB_se2_ag1_f_01_1,25235,AE1,9650,answered,785.5070828652256,2113.0014395779876,3095.197564284089,814.5429895546328,2127.0603353001165,3116.5863555925785,740.5432928246307,2204.821418233825,3309.52124055099,0.03999999999996362,AY1,N
DCB_se2_ag1_f_01_1,25238,ER0,9650,answered,584.4382376073139,1711.9503003430711,3013.2675926863344,688.2887066378951,1623.7075378545446,3178.01088060147,518.3314419093348,1774.3997946322636,3058.762323449476,0.03000000000020009,S,D
DCB_se2_ag1_f_01_1,25240,AO1,9651,all,708.514783201319,1174.9135500745565,3279.867516798847,761.7000925344894,1367.616152861271,3082.784208667364,723.6915749610845,1381.565336726762,3025.629608265005,0.09000000000014552,D,L
DCB_se2_ag1_f_01_1,25242,AH0,9652,of,627.708354641776,1734.532242845683,3295.8452188458195,648.6320738683321,1729.159136311931,3312.550406788323,636.323348582345,1737.245934909346,3284.800238219985,0.02999999999974534,L,V
DCB_se2_ag1_f_01_1,25245,AH0,9653,the,594.5099751690186,1899.8990562580511,3288.6333662895663,638.4524840238715,1852.0540525140025,3245.3769293480736,532.276863816989,1950.9727914153336,3079.193400817315,0.07000000000016371,DH,K
DCB_se2_ag1_f_01_1,25248,EH1,9654,questions,712.1804244863335,1799.4969144676775,2940.0659855866033,816.2441645608426,1848.156553652481,3036.4984741789453,682.5038626452915,1891.3184703033987,2816.4455421974144,0.07999999999992724,W,S
DCB_se2_ag1_f_01_1,25251,AH0,9654,questions,516.9575010183805,1910.8493668676742,3112.888622029362,672.0438618428894,1656.7036219776692,2983.107377114594,515.0131543331686,1913.9182473709438,3092.697019901848,0.02999999999974534,CH,N
DCB_se2_ag1_f_01_1,25255,AY1,9656,i,686.4279046411255,1034.5834001186413,2280.53576029128,817.5195902706319,1718.1804841331736,2374.3099539542663,822.2580493201917,2076.4831538734425,2948.9943781068787,0.03999999999996362,sp,S
DCB_se2_ag1_f_01_1,25258,IH1,9657,still,645.8842417033736,1886.2790883849236,3131.2544903396424,647.975784925873,1601.0080002393224,3175.1835335038313,642.4206877555612,1917.9482924652284,3086.890876262061,0.0500000000001819,T,L
DCB_se2_ag1_f_01_1,25261,AA1,9658,got,774.8979317848537,1814.3736741749365,3230.515276990786,833.9934388905842,1873.4612610883657,2818.4967795618622,834.3638907856546,1875.0079413266135,2944.2275819734227,0.03000000000020009,G,T
DCB_se2_ag1_f_01_1,25263,AH0,9659,a,505.90036883052085,1604.3883285062227,2947.249651229386,729.3437384431493,1863.9921177364276,3127.174667904138,589.1999843607997,2045.8330170086779,3090.495479806201,0.08000000000038199,T,sp
DCB_se2_ag1_f_01_1,25266,UH1,9661,good,502.58258046233846,1566.8351169117104,2422.644665989098,528.3464889850743,1796.5055674521714,3268.093604341566,528.3464889850743,1796.5055674521714,3268.093604341566,0.07000000000016371,G,D
DCB_se2_ag1_f_01_1,25270,AO1,9662,score,529.6043840162855,922.1321817552143,3108.148044002947,611.100443274704,994.2603516596765,2571.9217066335405,592.6284063280743,1270.6310358325682,2440.2545059620406,0.17000000000007276,K,R
DCB_se2_ag1_f_01_1,25274,AY1,9664,i,919.2776384918038,1745.6935230363988,2402.3403853442433,949.9168233058424,1884.284675276559,3268.9160822457075,651.93133927787,2053.7058126802854,3296.551156653388,0.13000000000010914,,G
DCB_se2_ag1_f_01_1,25276,AA1,9665,got,816.7761877214541,1839.176881983113,2943.2422149020535,820.3430459396774,1853.8520329729724,2924.9866034965276,777.6089819795345,1930.9591458763775,3112.025780007306,0.04999999999972715,G,T
DCB_se2_ag1_f_01_1,25278,AH0,9666,a,660.2479396651178,1711.3844925720412,3227.567662567057,700.4058507769247,1695.399316998159,3243.295150991418,644.0321324082893,1822.0390255079437,3209.8364834171634,0.06999999999970896,T,AH1
DCB_se2_ag1_f_01_1,25279,AH1,9667,uh,668.1965010711037,1485.388483654276,3386.196755958727,714.707393565585,1384.7034181624788,3236.949491714967,683.5050381094202,1618.7751224074777,3206.7678575161026,0.27000000000043656,AH0,sp
DCB_se2_ag1_f_01_1,25281,AY1,9669,i,920.912321576796,1650.0084204117884,2576.093027714042,946.0474208916139,1690.2206401507124,2861.54993390261,863.4810428067753,1892.9349497155788,2944.134281066991,0.11999999999989086,sp,G
DCB_se2_ag1_f_01_1,25283,AA1,9670,got,772.9143612754798,1682.0895736213527,3042.3724003008197,785.1051968931124,1766.6441282245748,3013.877800043092,721.3602442213981,1833.9266553224807,2640.753250545571,0.03999999999996362,G,T
DCB_se2_ag1_f_01_1,25285,AH0,9671,a,644.2962948978503,1375.8391762573315,3094.543626826876,685.516132821658,1631.2638197316357,3123.481076265708,652.3241778383049,1805.1464009886536,2560.3932246272702,0.09999999999990905,T,F
DCB_se2_ag1_f_01_1,25287,AO1,9672,fourteen,521.5734325655721,944.649951132415,3205.7181987795693,622.3605555359239,1128.1967707302097,3162.6038272644864,622.3605555359239,1128.1967707302097,3162.6038272644864,0.02999999999974534,F,R
DCB_se2_ag1_f_01_1,25290,IY1,9672,fourteen,537.8044230296879,2648.5516737347934,3174.006397318435,575.1783562593099,1909.0951721870579,2730.557424175144,539.488471727503,2868.1019494342354,2994.2221775174844,0.08999999999969077,T,N
DCB_se2_ag1_f_01_1,25293,IH1,9673,fifty,506.7347850991312,2253.2338064582564,3042.128153777665,520.9210973177771,2179.5502773560256,2962.601141604687,502.4427180567196,2253.2193238734912,3036.2670409002344,0.06999999999970896,F,F
DCB_se2_ag1_f_01_1,25296,IY0,9673,fifty,429.30096377004963,2219.3930794211587,3046.1084873929735,549.4511733353065,1548.255465913205,2844.7717536530376,491.83215694153387,2911.587198386904,3216.4696574582017,0.09000000000014552,T,
DCB_se2_ag1_f_01_1,25299,AE1,9675,and,629.8566451642238,2842.0107945227523,3388.21939472126,918.310280721435,1923.9876307808051,3272.140096046291,628.9599618150173,2869.6833543230614,3398.617422687066,0.05999999999994543,sil,N
DCB_se2_ag1_f_01_1,25302,AE1,9676,that,696.3407132076276,2167.7490120518933,2307.8490218120596,761.3408365392485,2070.5770976228496,2578.9889107978784,687.3167632099677,2185.3164693574836,2208.194048885556,0.07000000000016371,DH,T
DCB_se2_ag1_f_01_1,25306,EY1,9678,basically,500.0239921433825,2368.038565529634,3274.488855915138,556.0691863524509,2254.397848781818,3220.6219977012447,443.1026793185102,2375.270249449643,3122.8513766029473,0.09000000000014552,B,S
DCB_se2_ag1_f_01_1,25308,IH0,9678,basically,501.39867117590427,1655.2452818726201,2919.404147863996,529.6192146849575,1705.6359019589174,2325.120280889415,491.7530866789738,1896.2759220424525,2866.959655060792,0.03000000000020009,S,K
DCB_se2_ag1_f_01_1,25311,IY0,9678,basically,534.7707815306244,1357.4832333726295,2714.285105120477,535.8399593182406,1427.0202044447333,2692.3718213809866,500.928549272038,2111.9378234311544,2804.90951368275,0.02999999999974534,L,W
DCB_se2_ag1_f_01_1,25313,AH1,9679,what,576.583524271461,1402.7883285855305,3288.661213006904,575.5313982673865,1403.2393690347212,3294.215338435898,572.22167952633,1404.6582266828364,3311.687193471637,0.03999999999996362,W,T
DCB_se2_ag1_f_01_1,25316,AH0,9681,a,735.5736430015096,1691.5162416870214,3037.888482552724,800.0373199785104,1904.4346960602584,3142.323998428086,581.2169070476484,2049.042138770513,2234.9249439942264,0.17000000000007276,sp,AE1
DCB_se2_ag1_f_01_1,25317,AE1,9682,average,776.1375381688853,2201.338692778839,3134.958492800466,821.7932851612069,2045.7892456034558,3166.15858061139,694.8272467256612,2237.918295903956,2892.8220627189876,0.25,AH0,V
DCB_se2_ag1_f_01_1,25320,IH0,9682,average,565.1853712665634,1705.3103355227352,2367.5135804603888,600.1491558050071,1663.6692221258627,1983.1721013339923,562.8658889322336,1847.4738418136305,2683.5394710979344,0.03999999999996362,R,JH
DCB_se2_ag1_f_01_1,25324,AO1,9683,score,545.6050217353437,810.0972834887932,3023.692342860032,545.9476402312099,811.3928960849785,3019.754248273842,515.422164433883,911.1919407151693,2685.1472439595914,0.1000000000003638,K,R
DCB_se2_ag1_f_01_1,25327,IH0,9684,with,468.6325987977803,1179.1083954105095,2484.4617108180505,529.0176254711798,1091.388567303651,1979.7180651430679,478.19721272345345,1191.7793460794128,2486.8488275262375,0.05999999999994543,W,TH
DCB_se2_ag1_f_01_1,25330,IY1,9685,people,561.7784466806779,2716.6588407364075,2905.7308805612615,580.0547878994229,2752.8640439434675,3044.236887550321,568.5619270975513,2770.6093406257837,3184.6339423966792,0.07000000000016371,P,P
DCB_se2_ag1_f_01_1,25332,AH0,9685,people,564.8626372768547,1606.4920318773975,2941.0440080200488,800.8152071957468,2068.881613067199,2648.4059640640658,577.1850371735452,2178.220797042613,3301.682421388946,0.03999999999996362,P,L
DCB_se2_ag1_f_01_1,25335,AA1,9686,not,831.2408904571696,1952.7556068601768,2673.9482194060874,881.1391212027524,2096.959379135668,2871.9325835622876,878.856312613735,2129.9230097700374,2666.6139160561197,0.07999999999992724,N,T
DCB_se2_ag1_f_01_1,25339,EH1,9688,checking,672.2903998600304,1974.7654639756252,2709.9503645479313,699.1966902846714,2206.778061201588,2716.2897203966163,699.1064431097278,2206.8749529089473,2721.107443059233,0.07999999999992724,CH,K
DCB_se2_ag1_f_01_1,25341,IH0,9688,checking,631.6083464228097,2186.560473050021,3110.199977402088,689.8266278313095,2105.9566529217764,2840.554707028587,582.8204870200871,2216.598966196243,2932.7891046569925,0.03000000000020009,K,NG
DCB_se2_ag1_f_01_1,25343,AO1,9689,all,687.6366694261135,1204.2071256690142,1826.2524837930282,706.4947310536019,1207.7133798458262,1584.6455824705995,451.3768669315056,1530.8820540679073,2715.9458884837236,0.07999999999992724,NG,L
DCB_se2_ag1_f_01_1,25346,AH0,9690,the,508.0756916754039,1089.3727464295598,2888.2111882014237,528.2304443347772,1130.7962757833814,2931.59225386446,500.88983248533907,1474.1576350194027,2589.3316383021115,0.03999999999996362,DH,B
DCB_se2_ag1_f_01_1,25348,AH1,9691,bubbles,812.9833193838024,1547.5001219305336,3344.5669932766164,824.9448383704575,1501.8526422773746,3329.8139628180556,801.046091396878,1549.5513235232702,3364.8131497291674,0.09999999999990905,B,B
DCB_se2_ag1_f_01_1,25350,AH0,9691,bubbles,618.6032498616407,1311.6205306028862,3366.1788061401066,703.9490082228486,1400.5780949776174,3421.265021707304,660.5482194838098,1435.862377078812,3381.172453820972,0.03000000000020009,B,L
DCB_se2_ag1_f_01_1,25355,OW1,9693,so,536.5900095287536,1160.5904502285823,3375.303624364298,1005.7152010371107,1566.6643161274858,2500.1285747021725,998.2294269096709,1645.2754920219022,2380.486761519371,0.19000000000005457,S,AY1
DCB_se2_ag1_f_01_1,25356,AY1,9694,i,960.0943659818918,1676.3490506810065,2995.662201688768,1015.2463985088191,1690.5630878609684,2788.9048410652936,996.468675704501,1695.8221430176293,2822.0819421975084,0.05999999999994543,OW1,P
DCB_se2_ag1_f_01_1,25359,AA1,9695,probably,834.9319986029843,1658.7468066750591,2486.899001812425,909.247901795694,1619.050518152846,2574.097421946094,860.109925977623,1682.750480438355,2543.3640582883772,0.03999999999996362,R,B
DCB_se2_ag1_f_01_1,25362,IY0,9695,probably,533.983750727958,1729.2437605470504,2780.233657338249,598.8214396714767,1656.2362249378514,3006.13063616915,549.0211132798297,1818.938945140108,2473.722681303554,0.02999999999974534,L,K
DCB_se2_ag1_f_01_1,25364,UH1,9696,coulda,564.678478186975,1579.5928513329286,3155.196778724866,578.4784609092766,1741.3124099426993,2262.6702308886656,551.5033902100182,1882.786730892105,2811.675531464032,0.04000000000041837,K,D
DCB_se2_ag1_f_01_1,25366,AH0,9696,coulda,507.85458128204976,1645.4275100659675,3292.3326620134835,553.5850257898322,1648.4421337729666,2709.120246344843,499.16742530675253,1710.080142123579,3247.754538771176,0.0500000000001819,D,G
DCB_se2_ag1_f_01_1,25368,AA1,9697,got,832.7947613807919,1419.7289100758603,1976.1088790813756,909.9975918234314,1694.331531238524,2414.31748322399,725.0201252548939,1794.9464556548107,3180.720469805611,0.0500000000001819,G,T
DCB_se2_ag1_f_01_1,25371,EY1,9698,way,562.1858341258719,1931.5600593209413,2951.203942768542,641.2413685649622,1738.2349583301125,3127.0518487247477,520.5016726072487,2741.7030154911486,3232.609169369377,0.13000000000010914,W,HH
DCB_se2_ag1_f_01_1,25373,AY1,9699,higher,1015.8603940659309,1702.1278028839797,2076.4698682950475,1110.381802587018,1587.4771210061704,1823.5188664286557,500.80923377086276,2066.2283857069456,2309.7645639826424,0.21000000000003638,HH,ER0
DCB_se2_ag1_f_01_1,25374,ER0,9699,higher,603.9220955395873,1651.4018765430685,2117.98189449656,624.8991331162405,1853.6563296299262,2889.6645603449447,513.8074702884975,2104.2742301019653,2948.577425114169,0.2300000000000182,AY1,
DCB_se2_ag1_f_01_1,25376,IH1,9701,if,610.1648276932428,2305.5750682085763,2722.891219293125,1108.1804530081133,2009.0306460389572,3496.5944056190974,582.0552917658468,2316.1089837552095,3347.1558172369173,0.11999999999989086,,F
DCB_se2_ag1_f_01_1,25378,AY1,9702,i,699.1966817702703,1265.2211220244944,2504.462871565569,708.7521539883227,1295.328525595403,2481.1279403376166,686.1798922831955,1343.3056897341148,2360.177155691993,0.05999999999994543,F,W
DCB_se2_ag1_f_01_1,25380,UH1,9703,would,603.0502460664688,1412.8482967349842,3086.2787668741694,603.768266666228,1457.2947568171062,3084.5798303842757,592.329991729624,1548.1312905737022,3072.0471876374227,0.02999999999974534,W,D
DCB_se2_ag1_f_01_1,25383,AE1,9704,have,481.0908030599573,1585.6971033555408,2954.5383504100337,503.8141514255141,1481.5738376260372,2998.19752306864,468.18603205334375,1595.1858631351151,2982.091665686983,0.02999999999974534,HH,V
DCB_se2_ag1_f_01_1,25386,OW1,9705,known,766.5566736304716,1149.809024274628,1867.5021302883067,777.6327909955409,1149.4730095830246,1808.6526437137331,688.8031633448896,1629.2537181614027,2375.9308368204015,0.16000000000030923,N,N
DCB_se2_ag1_f_01_1,25390,AA1,9707,not,859.4819690908897,2012.0635531755986,2311.016075222015,921.0061811200197,1961.2144978553933,2897.8450609181555,797.3189975194902,2134.5495965263444,2976.2674852601945,0.07000000000016371,N,T
DCB_se2_ag1_f_01_1,25393,IH0,9708,to,494.4450368112361,2040.999970519403,3055.3964715547872,499.2160163480616,2069.0693325948905,3113.258699394051,490.1002466152409,2069.614187469851,3102.656495139307,0.03999999999996362,T,CH
DCB_se2_ag1_f_01_1,25395,EH1,9709,check,803.5092638166425,2001.0521529291234,2411.4746958260575,814.1692919767754,2001.683087038551,2389.544921217391,631.144124791906,2093.4532846716916,3135.315559053922,0.2800000000002001,CH,K
DCB_se2_ag1_f_01_1,25397,AH0,9710,a,463.01561478357496,1810.7592236121773,3034.947398014008,625.8846970408907,1834.6069152032303,2934.4101485129395,589.8531997531038,1925.4799491062554,2973.1139877590012,0.14000000000032742,K,sp
DCB_se2_ag1_f_01_1,25400,AY1,9712,right,737.3579989903208,1858.5194087768937,2532.9436659389717,775.2209061156973,1800.9219827128775,2324.7900090575245,671.2011382904313,2146.618336609625,3137.397529751431,0.08999999999969077,R,T
DCB_se2_ag1_f_01_1,25403,AY1,9714,i'm,645.1091897297681,1438.2052777590343,2712.207790083324,645.7129116995703,1420.8613450971181,2721.6790238477056,642.8499690613868,1546.5681437173978,2649.0507721966687,0.02999999999974534,sp,M
DCB_se2_ag1_f_01_1,25406,AY1,9716,i'm,783.9910721546306,2098.65399267542,2658.3842193803794,811.5342778757705,2393.9727538073957,2727.303841612376,813.6297088008615,2416.788634011247,2733.6069196456574,0.03999999999996362,sp,M
DCB_se2_ag1_f_01_1,25409,EY1,9717,taking,611.2421369484673,2139.4886706579887,3129.521392605352,623.0450285250955,2172.7903664321443,3256.866128539358,499.014996044563,2413.387288803415,3153.3287723484227,0.04999999999972715,T,K
DCB_se2_ag1_f_01_1,25411,IH0,9717,taking,539.2942123348039,2201.239927157863,2792.9233199834275,575.6340401754798,2134.211878624702,2961.1270072277825,541.7694640794501,2205.8171199576236,2773.0157837112943,0.02999999999974534,K,NG
DCB_se2_ag1_f_01_1,25413,IH1,9718,it,658.1760623040564,2064.525270415115,3344.3481613111007,664.1702459179114,2057.0356684183953,3318.329092259245,641.0658868396954,2068.8384089989454,3260.2832591031192,0.02999999999974534,NG,T
DCB_se2_ag1_f_01_1,25415,IH0,9719,in,537.9462575131743,1801.045184862301,3132.32462620585,621.0967933546282,1855.1289097119165,3188.7418739591044,621.0967933546282,1855.1289097119165,3188.7418739591044,0.03000000000020009,T,N
DCB_se2_ag1_f_01_1,25417,AA0,9720,oc-,863.270376800472,1284.4980996385564,2411.266199850683,916.1793798224872,1383.3986166780053,2564.0821958928627,870.0458852735723,1513.1770146759125,2359.3307678667366,0.09999999999990905,N,K
DCB_se2_ag1_f_01_1,25420,IH0,9722,in,645.724301791793,1522.4200653150872,3072.8251601383085,789.2076110296036,1473.706262036526,2841.6641652084427,620.217682166852,2074.351088723233,3085.562298776134,0.11000000000012733,sp,N
DCB_se2_ag1_f_01_1,25422,AA0,9723,october,829.6268725412475,1419.281491912109,2622.2262223910884,876.9356027515033,1303.9789859866578,2223.598041481381,809.471001909163,1588.3508773757933,2542.118905033593,0.0500000000001819,N,K
DCB_se2_ag1_f_01_1,25425,OW1,9723,october,498.874334133705,959.1527281094925,3254.674777962937,665.5835385178772,1120.2422115426923,2980.3350671694498,658.0546199698209,1135.4510017494802,2938.792784824137,0.10999999999967258,T,B
DCB_se2_ag1_f_01_1,25427,ER0,9723,october,531.6945435613559,1468.5128637149298,1929.649705640134,546.3899442916388,1551.8668363274396,2075.550004451237,478.95431233992855,1683.318170632158,2195.35283960182,0.07000000000016371,B,sp
DCB_se2_ag1_f_01_1,25430,AE1,9725,yeah,668.4770710217538,1685.0668215169783,2584.541386133418,708.075447722067,1838.9953705856651,2833.0687211364298,596.9515299625343,2228.6266152313324,3066.0320687234102,0.08999999999969077,Y,sp
DCB_se2_ag1_f_01_1,25435,AE1,9729,that,725.916185588966,2027.9751384522046,3039.2136882916716,725.9138653960609,2027.8482121739812,3039.272346872607,723.1031371552497,2036.223739264694,3037.917269700772,0.05999999999994543,DH,T
DCB_se2_ag1_f_01_1,25439,AY1,9732,i,1055.797730875208,1571.9761194212049,2405.010731605437,1090.6274693834114,1576.4232320161798,2462.4842871964674,807.0213395228731,1986.774278933213,2471.7391426149698,0.13000000000010914,sp,K
DCB_se2_ag1_f_01_1,25441,AE1,9733,can,610.1185007889696,2069.563756254228,3035.2079858819393,802.6192316654067,1047.4935876230838,2254.874112112178,663.930521610081,2147.7138861782405,2824.2861601324958,0.04999999999972715,K,N
DCB_se2_ag1_f_01_1,25444,AY1,9735,i,1002.108583285081,1607.3279903155967,2464.3574121973497,1014.5736585096978,1730.5739114960131,2515.182186775108,938.2512603003831,1897.318550519349,2449.580016677593,0.13000000000010914,sp,K
DCB_se2_ag1_f_01_1,25446,AH0,9736,can,611.6914342039355,2021.8944465966877,2683.2253739737853,646.3390157138375,2164.561660644731,2695.9088712881626,621.5360012738325,2209.8674444249377,2859.3886309053487,0.03999999999996362,K,N
DCB_se2_ag1_f_01_1,25449,EH1,9737,res-,606.0996729766276,1513.9854530198786,2521.1866230922374,606.1195371220687,1514.1054289559263,2520.130910965394,606.3683180096267,1515.6080216521082,2506.909048454267,0.03000000000020009,R,S
DCB_se2_ag1_f_01_1,25453,IH0,9739,report,498.14812293150976,1411.9068089445416,2575.1324456771367,609.4602269668055,1476.8315704186925,2420.2184334164235,609.1364445276795,1477.806513855045,2418.8473801982946,0.04999999999972715,R,P
DCB_se2_ag1_f_01_1,25455,AO1,9739,report,630.667543891129,968.6469522215345,2408.4214881907196,713.7051336553642,1135.0179120915964,2551.265829912448,713.7051336553642,1135.0179120915964,2551.265829912448,0.03999999999996362,P,R
DCB_se2_ag1_f_01_1,25459,IY1,9741,either,547.7903552310523,2722.9562163062014,2832.2034077550893,612.8143192716343,1607.3374211109444,2851.914592433918,546.408212676125,2777.188205584325,3111.423479067167,0.17000000000007276,sp,DH
DCB_se2_ag1_f_01_1,25461,ER0,9741,either,533.1442328437066,1628.6916606928987,2889.27569806674,607.3217388685264,1920.9841789907218,1946.2872933880376,607.2044563663493,1933.1459887823491,1963.709363508484,0.08999999999969077,DH,S
DCB_se2_ag1_f_01_1,25464,AO1,9742,score,489.7539644689423,812.330150915654,3202.133941720624,639.3015108898024,1061.9071609807677,2462.694890703825,612.9898683379312,1162.8781216783707,2430.1873253026156,0.15999999999985448,K,R
DCB_se2_ag1_f_01_1,25468,AY1,9744,i,746.54418460902,1690.7964032867374,2759.825850872372,846.7239738260557,1745.6203015353055,2952.0945329852693,847.2266797310893,1751.6636026311191,2904.2505210398776,0.09000000000014552,sil,sp
DCB_se2_ag1_f_01_1,25471,IY1,9746,feel,631.188671671328,1595.9360059549401,3262.3896758187993,666.7979411424565,1710.1764560833597,2553.511076425848,666.7979411424565,1710.1764560833597,2553.511076425848,0.02999999999974534,F,L
DCB_se2_ag1_f_01_1,25474,AY1,9747,like,767.3130345685495,1836.1452801151054,2885.5198007987383,791.9600464443578,1790.0868988156815,2819.3007609241145,705.9270091640602,1872.7795244809613,3155.103651828378,0.03999999999996362,L,K
DCB_se2_ag1_f_01_1,25477,AH0,9749,and,579.1554157564666,1753.9254073300556,3317.544485933563,579.9069316364483,1756.3189791629898,3304.8983647226387,574.2194837501684,1785.237614491201,3090.745936002846,0.02999999999974534,sp,N
DCB_se2_ag1_f_01_1,25480,AE1,9750,that,916.1355708615421,1843.3451356210119,2606.380595331826,918.2266577054353,1843.2140219221842,2672.9897083389756,913.8111020643496,1843.4908826533263,2532.3373745799213,0.03999999999996362,DH,T
DCB_se2_ag1_f_01_1,25483,AO1,9752,also,712.3482917790952,1165.205037500137,2640.134467407497,736.0816012895064,1265.9729286012578,2574.707797055651,633.428156519536,1556.1774007729416,2930.2098762676537,0.13000000000010914,S,L
DCB_se2_ag1_f_01_1,25486,OW0,9752,also,648.3249378307456,1115.6820021129524,3410.013042603817,663.9498705100336,1297.5461012117278,3395.949438036273,663.6068580885515,1296.865548187069,3399.7436505176306,0.07000000000016371,S,W
DCB_se2_ag1_f_01_1,25488,EH1,9753,where,648.7829978863393,1424.260638816676,3091.8176197788966,671.5937474755068,1512.123136040901,3070.4672157695077,665.0938354723992,1512.9924185294196,3042.089850873696,0.03000000000020009,W,R
DCB_se2_ag1_f_01_1,25490,AY1,9754,i'm,805.5200190908085,1483.613249905225,1608.5695180302787,896.0490532074348,1414.7486413703484,1752.0963857729994,849.8032669759793,1501.1736576030291,1858.0429488089949,0.07000000000016371,R,M
DCB_se2_ag1_f_01_1,25493,AY1,9755,kind,876.1877214708531,1755.2130604517388,2923.8118187795308,883.9725510105513,1753.7138058469948,2776.085055849345,836.7086845897682,1809.1335705800832,2347.747572726774,0.09999999999990905,K,N
DCB_se2_ag1_f_01_1,25495,AH0,9756,of,685.8111676940312,1853.5663778955848,3257.988941783107,684.9267903629676,1854.3677750247834,3261.072943824164,665.1095846482019,1866.0345310248892,3289.9994979257513,0.04999999999972715,N,V
DCB_se2_ag1_f_01_1,25498,ER1,9757,nervous,639.8105271295154,1660.7205365464386,2050.9569586339676,703.7718074361212,1949.9101543935365,2472.4249777473083,696.5197596873384,1957.0241928547148,2238.8833515864935,0.13000000000010914,N,V
DCB_se2_ag1_f_01_1,25500,AH0,9757,nervous,493.0517158058448,1768.8536422957357,2928.8917151005626,581.3184360974178,1833.1286018116737,2998.2285885238234,478.620376720451,1889.0695844677098,3164.5867134320933,0.0500000000001819,V,S
DCB_se2_ag1_f_01_1,25502,AE1,9758,at,779.7404987405315,2002.9999449940763,2981.3064888003246,886.8941993255364,2020.7840540193272,2953.100643335293,846.1878402819344,2036.2806320213872,3007.935626159674,0.03000000000020009,S,T
DCB_se2_ag1_f_01_1,25504,AY1,9759,i,896.6420897842746,1743.5818305581417,2684.120988221589,1050.1970908067533,1901.813360073048,2552.3693339900933,878.2078583971665,2061.0504749921383,2351.6650446103386,0.1499999999996362,T,F
DCB_se2_ag1_f_01_1,25506,IY1,9760,feel,655.7517518809667,1626.582099888626,3148.84580860495,858.6696598755748,1826.1911795188405,2467.1596860136515,858.6696598755748,1826.1911795188405,2467.1596860136515,0.03000000000020009,F,L
DCB_se2_ag1_f_01_1,25509,AY1,9761,like,748.0875730235838,2009.0663894368668,3283.69766889837,799.0820676443985,1869.8264859735912,3206.3259375364523,672.7161248854644,2143.558285802103,2475.9236939388247,0.04999999999972715,L,K
DCB_se2_ag1_f_01_1,25513,AA1,9763,cause,519.0499622749687,1667.6835901777467,3270.1853803353165,618.3969918514854,1722.6592492196173,2858.4496809007105,502.78878833739157,1739.076766341704,3153.8329231172097,0.03999999999996362,K,Z
DCB_se2_ag1_f_01_1,25515,AH0,9764,a,667.5141610660045,1594.7108821570012,2457.370294447714,671.5570741208285,1605.59177664812,2005.4321911592697,538.3409061863291,1629.8596258768403,2960.866887187848,0.0500000000001819,Z,L
DCB_se2_ag1_f_01_1,25517,AA1,9765,lot,939.5532994769266,1830.3939464726177,2366.8929795566264,949.4704005614955,1763.6298974979757,2279.1943440349564,919.7147569507382,1902.7952367367782,2759.1023442854025,0.04999999999972715,L,T
DCB_se2_ag1_f_01_1,25519,AH0,9766,of,614.1401312268829,1426.5804888555817,2286.99529299619,888.6504369399094,955.441436666335,1785.5034252723349,639.1760869119933,1712.9119602999767,2885.1066271762015,0.02999999999974534,T,V
DCB_se2_ag1_f_01_1,25522,IY1,9767,people,525.3915517303025,2986.4228856635236,3045.200982443422,660.9091118390133,2271.6880564415897,3159.988007922014,527.9745417228629,2910.388877209409,3046.945305897536,0.05999999999994543,P,P
DCB_se2_ag1_f_01_1,25524,AH0,9767,people,432.27726453045824,1133.1041813261168,3022.170984191077,528.1798903639339,1789.9762228127454,3176.062615430958,480.91730358224345,1941.4239687717286,3110.977808276266,0.03999999999996362,P,L
DCB_se2_ag1_f_01_1,25527,EH1,9768,tell,634.6290539524811,1802.1284751102385,3265.3908775297114,703.1223623153895,1623.6780206263493,3050.1467497689446,534.3155544636567,2030.2679689203908,3291.232777269256,0.04999999999972715,T,L
DCB_se2_ag1_f_01_1,25530,IY1,9769,me,516.1331440735636,839.4069104987036,3026.569006391929,517.9553106704466,656.8277643155163,3026.501673207855,497.101732102867,1987.3185839914627,2988.9840343446067,0.03000000000020009,M,Y
DCB_se2_ag1_f_01_1,25532,UH1,9770,you're,521.117589664358,1835.9647060167667,2396.7595758018315,541.4469651614455,1592.7828604634303,2114.0900286427627,505.9214086794318,2099.707487773131,2417.25445770744,0.0500000000001819,Y,R
DCB_se2_ag1_f_01_1,25534,OW2,9771,okay,542.2863730711126,1373.9153070295795,2998.4039305104584,701.4505036601522,1443.3387111416398,2457.782639146093,642.2998193844757,1528.3750174111524,3180.653701479578,0.11000000000012733,R,K
DCB_se2_ag1_f_01_1,25536,EY1,9771,okay,693.9747393667204,2319.313978405301,3236.5411485556615,701.7889560849893,1591.205550305528,2873.94908806524,565.1570024199677,2742.637194173818,3640.8398607089616,0.09999999999990905,K,Y
DCB_se2_ag1_f_01_1,25538,UH1,9772,you're,500.53783295989473,1577.540726443326,2439.368310187834,500.86424359621543,1612.323481576885,2461.3710408986385,499.9977340759604,1919.9271938938753,1984.3361795431588,0.03000000000020009,Y,R
DCB_se2_ag1_f_01_1,25541,AH1,9773,gonna,593.3595827169943,1389.8669225552237,3192.7004120835313,692.0431834015295,1539.5755557686662,3379.432030832032,681.6348452162075,1602.5523804175411,3414.9224937097983,0.04999999999972715,G,N
DCB_se2_ag1_f_01_1,25543,AH0,9773,gonna,484.6423820083954,1567.9982183642587,3034.9730221406658,618.1457080583373,1638.5891616257677,3137.551031724108,538.2344196219786,1604.7004448831526,1966.2010031332388,0.03999999999996362,N,B
DCB_se2_ag1_f_01_1,25545,IY0,9774,be,490.7870892977035,1423.1795948069519,2333.2547059582457,632.7532304790676,1598.4458392663928,3168.723695127182,485.5417624551643,1945.369138834175,2468.5456596650265,0.08999999999969077,B,OW2
DCB_se2_ag1_f_01_1,25546,OW2,9775,okay,603.9344123298052,1108.7353030246993,2949.1806910648806,632.5020001714514,1404.1636010544796,3266.7341065909204,435.19721292726365,1481.7231815679866,2813.3658402331544,0.0500000000001819,IY0,K
DCB_se2_ag1_f_01_1,25548,EY1,9775,okay,619.5079920783547,2457.5325257782815,3115.670229276216,658.6039295395573,2337.770152415239,3226.171131095487,559.3247834635828,2714.2388579491435,3058.0456150493706,0.09000000000014552,K,K
DCB_se2_ag1_f_01_1,25550,AA1,9776,cause,503.6755989483997,2297.3343126860373,3300.0871313861694,556.8551572658612,2224.721715279222,3075.5330139328535,499.72776350077993,2306.074250821097,3289.4011891086802,0.03000000000020009,K,Z
DCB_se2_ag1_f_01_1,25553,UH1,9777,you're,508.9418680405991,1956.1921482469509,3114.941934074252,594.3151065273753,984.0555367965449,2647.0232639104197,490.41016881013405,2156.5630866161864,3244.04935321548,0.02999999999974534,Y,R
DCB_se2_ag1_f_01_1,25557,UW1,9779,you,529.87085464988,2077.1532881263643,3039.067903405161,564.4172760346188,1597.8538990936502,2450.4889548542974,546.4303852738423,2225.3521449779146,2990.5268402260535,0.09000000000014552,Y,HH
DCB_se2_ag1_f_01_1,25559,AE1,9780,have,765.8683388015835,1998.8562777628904,2481.725269794803,774.701893179479,2077.563442568699,2606.209533341712,774.6092704348023,2081.910874529202,2606.9835918569206,0.0500000000001819,HH,V
DCB_se2_ag1_f_01_1,25562,AY1,9781,like,715.4866483548412,1562.4136250318954,1883.3905952993089,764.0706854724173,1157.2988188308154,1848.3072738852015,650.4208114969504,1911.609202453288,2682.637509119114,0.04999999999972715,L,K
DCB_se2_ag1_f_01_1,25565,UW1,9782,youth,536.1113036763626,1674.9163485601268,3103.724883021878,586.0712610976112,2356.7880585414814,2901.91488432371,586.0712610976112,2356.7880585414814,2901.91488432371,0.08999999999969077,Y,TH
DCB_se2_ag1_f_01_1,25567,AH0,9783,of,506.355471049631,2036.6467573537295,3076.44351600218,652.8057433429724,1887.132261747689,2819.064053287232,477.7283448139772,2060.810311380815,3110.403362443824,0.02999999999974534,TH,V
DCB_se2_ag1_f_01_1,25570,IY0,9784,the,542.4616494056799,2593.33458578251,3091.354015527701,588.396450046709,2765.003695677639,3106.252866162885,583.3610522018967,2776.084550139118,3127.910025402481,0.07000000000016371,DH,Y
DCB_se2_ag1_f_01_1,25572,IH1,9785,year,498.7722731158869,2460.75101651624,2799.2417228334266,573.3731019933966,2707.6337359213003,3120.3252234696183,570.102771115762,2799.8310911541525,3088.3297494509616,0.09999999999990905,Y,R
DCB_se2_ag1_f_01_1,25576,AE1,9786,status,668.8381368785048,2242.8486630220195,3111.3383524847077,671.320078759209,1586.5269789111737,2278.319387256187,666.9870303317263,2258.4850276787743,3118.077107918772,0.09000000000014552,T,T
DCB_se2_ag1_f_01_1,25578,AH0,9786,status,616.0241661584187,2208.738095525653,3194.0958006314872,618.094189592009,2203.50083164438,3212.6474585398223,587.1641806444748,2330.193954784723,3494.6215525175207,0.03999999999996362,T,S
DCB_se2_ag1_f_01_1,25581,UW1,9787,you,515.8526684942232,1649.8884067486636,3242.399653763927,518.6782896625942,1582.4706115455838,3235.385123931521,512.6715347300843,1671.5274141560055,3263.4541695296657,0.02999999999974534,Y,HH
DCB_se2_ag1_f_01_1,25583,AE1,9788,have,738.0181470803035,1609.7812142536998,3016.1900658514915,747.3705350260235,1604.2202421680536,2873.4586804941346,717.2635580335951,1661.2475332462798,2904.198855497506,0.03999999999996362,HH,V
DCB_se2_ag1_f_01_1,25586,AY1,9789,like,807.381686684216,1770.9364439010649,3137.732214933993,811.4550093203854,1763.8105551369106,3166.3118638314663,806.1557661429043,1822.1612062694073,3143.268363560125,0.02999999999974534,L,K
DCB_se2_ag1_f_01_1,25589,AH0,9791,a,702.673782205712,1325.433286083992,3059.60537283586,934.957163702581,2036.3006921309707,2959.613727793643,878.4232826619975,2128.783208949053,2922.7777490755266,0.07999999999992724,sp,L
DCB_se2_ag1_f_01_1,25591,AA1,9792,lot,851.3724378726216,1628.4596032354682,2629.2884261176264,897.8048891901183,1692.6216896665176,2993.506521667303,821.363901485431,1781.688954133663,3147.0240558397827,0.0500000000001819,L,T
DCB_se2_ag1_f_01_1,25593,AH0,9793,of,641.4631778429083,1841.928878117439,2067.766105088148,659.4157855339071,1620.7211170632886,2176.084226011402,645.5112158408364,1831.119143984494,2356.5317147508717,0.03000000000020009,T,V
DCB_se2_ag1_f_01_1,25596,AH0,9794,community,533.4769488656029,1481.4442705801907,2420.7048154849986,756.0683372248715,1904.9720156857977,3067.1660665319405,677.5885984080722,1935.2636724365661,3091.3753533774675,0.03000000000020009,K,M
DCB_se2_ag1_f_01_1,25599,UW1,9794,community,604.6025196098296,1901.8870219017354,3085.0703174729133,624.5581160724271,1887.1369149867335,3047.686080392716,592.5779418519206,1951.8325743979199,3118.0097291200605,0.02999999999974534,Y,N
DCB_se2_ag1_f_01_1,25601,IH0,9794,community,593.9529671490095,1854.0350962969544,3024.476228755879,598.571524205039,1852.7975944078803,3191.1921629742906,582.8769058466954,1872.3173953148494,3054.2533878846284,0.02999999999974534,N,T
DCB_se2_ag1_f_01_1,25603,IY0,9794,community,563.2780113357503,2455.5810653171743,3047.3932162762007,563.1121743528228,2468.133829027959,3053.741476115688,560.2132700008249,2493.0208971877196,3051.7795354126406,0.05999999999994543,T,S
DCB_se2_ag1_f_01_1,25605,ER1,9795,service,635.1509077732861,1728.7134333093463,2255.8461996830038,640.6275207747258,1788.0673720490133,2432.180394766384,640.6275207747258,1788.0673720490133,2432.180394766384,0.05999999999994543,S,V
DCB_se2_ag1_f_01_1,25607,IH0,9795,service,574.2899396535499,2148.107381993146,2871.0651177299887,583.8245254872866,1914.5783318488955,2240.8697437543146,573.1081828798401,2209.420038222857,2871.4982495417034,0.05999999999994543,V,S
DCB_se2_ag1_f_01_1,25609,AH0,9796,and,490.16315521049756,1930.4974317887331,2947.070860525741,575.9507464561018,1924.9729760958146,2952.2660651016995,501.6243575297102,1931.4013070672454,2963.0929018159413,0.03000000000020009,S,N
DCB_se2_ag1_f_01_1,25613,IH0,9797,this,609.7731914376039,1937.65790205103,2968.3423672514905,615.1660609100529,1996.6286523562937,2972.896381206964,585.9045313302887,2041.7992460353769,2988.079898285001,0.07999999999992724,DH,S
DCB_se2_ag1_f_01_1,25616,AE1,9798,that,687.3026637180566,1903.4438028694,3002.014104639266,687.4200263458875,1894.583790151937,2999.2412770389924,692.1999432593198,2052.08187714703,2958.933861963512,0.03000000000020009,DH,T
DCB_se2_ag1_f_01_1,25618,AH0,9799,and,588.4960313131759,1833.9635972411886,2835.171873557947,650.7962809969343,1842.5882205192572,2890.1023410795497,608.6844484309502,1841.8533433027349,2837.298523604788,0.03000000000020009,T,N
DCB_se2_ag1_f_01_1,25621,AH0,9800,the,555.9200460074569,1779.848134032834,2951.5182934516884,637.3522292303205,1788.5968131539857,2909.2656787644164,561.5293501367433,1811.6320541749544,3242.514163502286,0.0500000000001819,DH,TH
DCB_se2_ag1_f_01_1,25623,ER1,9801,third,650.4590473950902,1823.3077507136431,2498.7950015967995,654.2713402038073,1822.6020237923804,2558.2080492591494,648.6403352250121,1855.6792008354525,2442.1281419222623,0.02999999999974534,TH,D
DCB_se2_ag1_f_01_1,25626,AY1,9803,i'm,777.1932948042192,1615.854522355578,3326.586462066929,969.3485409135303,1716.6622336678802,2926.887733697597,795.2678215564306,1744.7211642623008,3099.193953024322,0.11000000000012733,,M
DCB_se2_ag1_f_01_1,25629,AY1,9804,like,741.2962222790192,1687.3561035392006,2948.2035873661475,754.7621862756073,1657.8762310311133,2717.725594617102,677.2202110436338,1867.0272987367946,3218.048553376893,0.03999999999996362,L,K
DCB_se2_ag1_f_01_1,25632,AH1,9805,but,605.6892590253649,1655.874016585111,2805.1511629737533,606.277277256442,1676.8176427997591,2757.2947901118882,581.4241364070448,1944.5243839669936,3271.372750744652,0.02999999999974534,B,T
DCB_se2_ag1_f_01_1,25635,AO2,9806,y'all,800.3056515094979,1623.7435004189915,2950.682431159603,942.125041603161,1502.2300835924277,2429.228282464506,697.2113458415929,1732.5842803760968,3095.137194049436,0.2699999999999818,Y,L
DCB_se2_ag1_f_01_1,25638,UW1,9807,you,507.6263932330387,1986.786323955665,2991.6110589822447,576.6705237564688,2736.182466297308,3532.1703264188486,576.6705237564688,2736.182466297308,3532.1703264188486,0.06999999999970896,Y,HH
DCB_se2_ag1_f_01_1,25640,AE1,9808,has,824.6182909883083,1656.8359427911887,2788.4791754738376,859.2374169116365,1784.9012931510204,2839.7178113918635,851.0721605328883,1796.4499429117802,2876.875295788483,0.08000000000038199,HH,Z
DCB_se2_ag1_f_01_1,25644,UW1,9810,you,453.19383511364106,2115.8610543039604,2755.363779524615,515.6048142170175,2153.598285101344,3075.289419200396,506.0182846986015,2681.027348523854,2913.9782235347325,0.0500000000001819,Y,HH
DCB_se2_ag1_f_01_1,25646,AE1,9811,have,799.0174300291013,1640.3053318006212,2488.2594240214544,798.5234893537917,1617.6550417760527,2388.184698580268,752.0049744533038,1684.6755807571064,2954.0922335906166,0.03000000000020009,HH,V
DCB_se2_ag1_f_01_1,25649,AH0,9812,to,612.9869288020622,1372.566190225573,2904.1055910205228,679.5415940929825,1376.8746646524849,2827.81142658251,619.0581922851055,1651.2200705606922,2605.690220501293,0.03999999999996362,T,AO1
DCB_se2_ag1_f_01_1,25650,AO1,9813,also,672.6576930954767,1108.5887856624354,3179.9908637738968,685.6447726031035,1232.1651234905619,2954.06074980089,673.5798231305423,1382.8347069003337,2906.347512902975,0.1000000000003638,AH0,L
DCB_se2_ag1_f_01_1,25653,OW0,9813,also,606.8004194322752,1151.4487573957515,3269.450494673485,622.1237420975644,1207.610816149818,3524.6481402801114,605.3816863722566,1263.62796526832,3635.12320354089,0.05999999999994543,S,F
DCB_se2_ag1_f_01_1,25655,AE1,9814,factor,919.5981058329651,1689.63111267647,2350.984031897933,934.2512736729406,1718.955663143766,2141.610619124043,912.2138069617395,1751.5712603154402,2075.7445661963266,0.07000000000016371,F,K
DCB_se2_ag1_f_01_1,25658,ER0,9814,factor,597.692641911176,1329.9828404027219,1806.9947278003988,659.8731264146305,1401.042856861834,1937.3273486095356,606.9623424850301,1823.305784507898,2152.4819981034702,0.08999999999969077,T,IH0
DCB_se2_ag1_f_01_1,25659,IH0,9815,in,716.3904123073785,1423.697642981635,2028.221858606317,732.4193990710334,1417.1662165680007,2057.1579508034565,675.1385750549283,1429.2697431004253,1987.4845497305014,0.03000000000020009,ER0,N
DCB_se2_ag1_f_01_1,25662,AY1,9816,my,894.1042986273778,1515.886117448454,2314.999789673012,975.135037087651,1765.2588245385743,2423.1737942449436,617.7516577983179,1915.218246464855,2431.5587685390674,0.07999999999992724,M,G
DCB_se2_ag1_f_01_1,25665,EY1,9817,grades,486.5735441034981,2092.021019733693,2748.1762549641967,543.7165653001779,2100.5496662468204,2135.817349806811,530.6184886307327,2201.379219142297,2796.165255240021,0.07000000000016371,R,D
DCB_se2_ag1_f_01_1,25671,AY1,9819,my,818.0586327759585,1719.0126813216318,2904.533971209268,841.062039095778,1703.8760222345566,2819.713780402196,790.0748186146047,1722.3953867227003,2922.403457733473,0.05999999999994543,M,G
DCB_se2_ag1_f_01_1,25674,EY1,9820,grades,528.9283517146508,1976.6364448765958,2540.836482576535,538.1395912368682,2006.4073386450782,2462.6643237451494,521.2325956282508,2280.5773232256583,2950.1252609602498,0.08000000000038199,R,D
DCB_se2_ag1_f_01_1,25677,ER0,9821,are,743.7466141412107,1623.0415504859197,2516.1874336125493,745.7603971226009,1605.7987053862682,2511.98608774589,732.1429264386556,1651.6905440119854,2522.7114064641664,0.11000000000012733,Z,OW2
DCB_se2_ag1_f_01_1,25678,OW2,9822,okay,644.1182104893448,1127.1846271812199,3072.2439448475257,701.8369489272645,1462.1348022338495,2969.9286885991014,688.7939392101134,1642.4003028798459,2867.151053064168,0.13999999999987267,ER0,K
DCB_se2_ag1_f_01_1,25680,EY1,9822,okay,541.7441888313402,2455.7066613568095,3269.6415619653667,667.5113965184487,2262.080912136246,3140.665188747327,535.6311011548327,2464.515438056235,3298.0798396419154,0.07000000000016371,K,AY1
DCB_se2_ag1_f_01_1,25681,AY1,9823,i,820.8030401263766,1959.6894265234673,2732.6883481311515,927.4799273906738,2008.3836474438806,2629.1510515919185,702.348479313435,2289.197156317917,3075.290384485602,0.05999999999994543,EY1,HH
DCB_se2_ag1_f_01_1,25683,AE1,9824,have,754.7646729425818,1625.9754797225976,2256.9876154713074,793.3768694191999,1251.1188403250499,2190.882790452633,748.7436960498768,1849.711689004486,2628.814452305526,0.03999999999996362,HH,V
DCB_se2_ag1_f_01_1,25686,AY1,9825,like,698.1728519511801,2082.084383158317,3133.4062301066447,758.4817491909788,1897.0098010703982,2931.7937594883515,566.3541065443817,2390.0889138473926,2996.6894419899754,0.07999999999992724,L,K
DCB_se2_ag1_f_01_1,25689,AY1,9827,i,874.2353969227304,1712.9291090509064,2138.09273669807,1005.8866746694974,1956.5715242667786,2531.2811954763188,783.2294129888808,2074.0006073294117,2870.1419832829456,0.11000000000012733,,HH
DCB_se2_ag1_f_01_1,25691,AE1,9828,have,754.6720166458774,1925.1038824262114,2864.4049678796655,863.4385162691018,2006.1961711304616,2791.767592190225,863.4385162691018,2006.1961711304616,2791.767592190225,0.03999999999996362,HH,V
DCB_se2_ag1_f_01_1,25693,AH0,9829,a,668.664614444987,1881.3176941240797,2958.9955220266274,721.0415815028568,1925.995032392337,2911.471156245472,719.0896609588154,1946.1747288491695,2937.261478251055,0.03999999999996362,V,sp
DCB_se2_ag1_f_01_1,25697,IY1,9831,three,533.5075546903951,1997.2754675266917,2563.2330264920847,558.0494311411941,2070.846077468868,2580.871413009542,486.9714090527742,2263.627949264958,2512.3567663979798,0.07999999999992724,R,P
DCB_se2_ag1_f_01_1,25699,OY1,9832,point,699.0484623174702,1192.3141762495832,2409.6502258258215,700.3839772983209,1198.8647406228001,2415.538125796097,682.4851840997849,1442.4739692961443,2504.1803515036027,0.07000000000016371,P,N
DCB_se2_ag1_f_01_1,25702,AY1,9833,i'm,832.3713946250973,1461.4937483478775,2248.501294493542,880.2695554419903,1462.3481866384532,2344.1715720803304,847.7654988022665,1483.7070636316855,2157.9930043417803,0.0500000000001819,T,M
DCB_se2_ag1_f_01_1,25707,IY1,9835,three,504.8553659308761,1839.633620155138,2389.558895662685,517.2488551362687,2147.4427156022703,2550.900079672727,516.8304534638912,2147.147886422979,2534.061752965835,0.07000000000016371,R,P
DCB_se2_ag1_f_01_1,25709,OY1,9836,point,645.2423007151068,1390.7683482545995,2726.060287008509,658.906889995239,1046.4661224779838,3070.612886692447,632.6868454311424,1810.4049077509053,2711.4916594083047,0.09000000000014552,P,N
DCB_se2_ag1_f_01_1,25712,OW1,9837,oh,595.6115281172423,1409.081369995072,3242.9875732157893,642.7820804448063,1598.769882387898,3157.402713611282,642.7820804448063,1598.769882387898,3157.402713611282,0.07000000000016371,T,S
DCB_se2_ag1_f_01_1,25715,UW1,9838,student,522.2494350537293,1654.1395302569797,3079.5903621131333,543.7375089041333,1610.7735220053542,3369.3079374345166,505.61371085284685,1846.1415733978893,3095.86630675207,0.05999999999994543,T,D
DCB_se2_ag1_f_01_1,25717,AH0,9838,student,529.683606061303,2062.121998039668,2700.6840858073847,567.630727145141,2068.4480322137238,2728.325297167147,521.2704797526143,2072.2629623606117,2721.9204431252097,0.02999999999974534,D,N
DCB_se2_ag1_f_01_1,25723,AW1,9840,now,678.5788408376224,1977.4502449899394,2130.573318397665,681.823473026346,1903.65450585603,2639.2656294384933,643.747549291436,2307.437191212659,2737.9091416825536,0.09999999999990905,N,B
DCB_se2_ag1_f_01_1,25725,IH0,9841,because,539.1926284562827,2751.574431419477,3226.2618149876894,540.7438637571287,2774.195901409818,3201.853538550902,529.1684416031585,2786.469653168749,3207.1356445546235,0.05999999999994543,B,K
DCB_se2_ag1_f_01_1,25727,AH0,9841,because,643.7875090074743,1967.421049210513,3004.077154330419,723.4302270646605,2277.443553361982,3228.874012059327,723.4302270646605,2277.443553361982,3228.874012059327,0.07999999999992724,K,Z
DCB_se2_ag1_f_01_1,25729,AY1,9842,i,900.3771630277587,1549.753513463546,2234.3665599052247,901.3237742340409,1481.5210469260055,2194.49215614159,667.3052842036138,1810.890409224406,2802.7642387151755,0.06000000000040018,Z,M
DCB_se2_ag1_f_01_1,25731,EH1,9843,messed,756.5927761826737,2045.858748782335,3059.582172985061,775.6441616573784,1945.9239000225016,3159.350057003004,713.2311682875251,2074.8616684245644,3060.9354506816326,0.09999999999990905,M,S
DCB_se2_ag1_f_01_1,25734,AH1,9844,up,666.41958789931,1689.9928802717425,3138.4711324692244,671.3950814862634,1793.0787599833845,3135.346992452596,669.3675440967495,1841.8240814803578,3037.3615259054495,0.04999999999972715,T,P
DCB_se2_ag1_f_01_1,25737,AY1,9845,my,761.6220935311295,1097.6934940343067,2096.536435886742,827.659963351954,1226.6738378255748,1817.8685386966267,647.1035348856244,1894.4998231009442,3400.991953396218,0.1000000000003638,M,T
DCB_se2_ag1_f_01_1,25739,EH1,9846,tenth,669.7036446985139,2089.459395228285,3230.4395519795926,671.7679838701191,2098.6206884421067,3267.0866631697672,662.509013066222,2108.383512489454,3459.886170899572,0.03999999999996362,T,N
DCB_se2_ag1_f_01_1,25745,EY1,9848,grade,509.9887052347982,2564.6700866598476,2948.830120679193,589.2541009990539,1203.7832070264856,2191.2431762213246,510.2624512288857,2977.990360026674,3018.8479759885627,0.12000000000034561,R,D
DCB_se2_ag1_f_01_1,25748,IH1,9849,year,521.9289071276855,2506.176816163695,2956.1155837498422,650.3963544064195,1729.5979684017539,2421.9076710340937,570.35401021801,2921.8575857378464,3067.296970702396,0.18000000000029104,Y,R
DCB_se2_ag1_f_01_1,25752,AE1,9851,and,675.6398125846166,2446.1811371614654,3101.0459364524186,972.8558000314947,2126.206004395614,2255.1898367409017,677.4776107690739,2447.1152352200006,3099.917925917871,0.05999999999994543,sil,N
DCB_se2_ag1_f_01_1,25755,AW1,9852,now,856.6726068468342,1481.2125121419863,2285.9920341351103,956.4113855090961,1727.0906447007214,2948.8280398036695,941.2822733876029,2130.389131427581,3031.59920111023,0.15000000000009095,N,AY1
DCB_se2_ag1_f_01_1,25756,AY1,9853,i,985.0226232010058,1767.8772820603497,2894.4403645987886,994.2072950105448,1790.4494830250123,2898.636301397221,935.2953376219613,1841.5360681381303,2203.379622190022,0.05999999999994543,AW1,HH
DCB_se2_ag1_f_01_1,25758,AE1,9854,have,961.8021630653355,1828.090035850304,2593.9759445513796,1029.7909703324337,1961.1400927488894,2129.972946688155,1029.7909703324337,1961.1400927488894,2129.972946688155,0.03999999999996362,HH,V
DCB_se2_ag1_f_01_1,25761,AH0,9855,to,590.3101108800956,1747.1463484949459,3150.525063317809,621.8816043796809,1879.1016830898013,3132.6331744725476,621.8816043796809,1879.1016830898013,3132.6331744725476,0.07000000000016371,T,M
DCB_se2_ag1_f_01_1,25763,EY1,9856,make,624.384088734611,2477.8745761324444,2923.191694586024,647.147549656495,2390.1950968418782,3303.8237633227545,592.8026657370475,2620.224812200128,3144.2865362332714,0.09999999999990905,M,K
DCB_se2_ag1_f_01_1,25765,AH1,9857,up,739.802500568528,1671.3076412513947,2992.1808843595077,743.358084027237,1721.4794389106773,2991.7289215028686,670.4915083388851,1902.2770178485878,2686.4372402655376,0.05999999999994543,K,P
DCB_se2_ag1_f_01_1,25768,ER0,9858,for,622.6774267020908,1668.7337941609062,3145.073055644773,657.7780955711936,1504.3773138424006,3013.7408613546977,607.0505681447997,1770.2407460487482,3175.818021720509,0.07000000000016371,F,DH
DCB_se2_ag1_f_01_1,25770,AE1,9859,that,778.9031712827401,2129.402610830279,3234.471600447221,791.8891617469291,2156.5551316988062,3105.693489443797,629.0860269814808,2170.8656908441826,3248.269644427179,0.09000000000014552,DH,T
DCB_se2_ag1_f_01_1,25773,AY1,9860,my,934.3396685391168,2080.6402875470194,2836.7606232155435,974.6373119852476,1921.8553274945975,2815.130241016378,932.9879707150618,2079.416270212403,2836.513178810276,0.21000000000003638,M,sp
DCB_se2_ag1_f_01_1,25775,IH0,9862,eleventh,679.1093845096681,1710.5429226872316,3182.2232457436676,706.9316735984054,1836.8226161459024,3159.5288865757475,687.7080143788994,1858.8020327972647,3141.452964114749,0.0500000000001819,sp,L
DCB_se2_ag1_f_01_1,25777,EH1,9862,eleventh,739.9236988544885,1781.949665674527,3337.248563639586,746.3603711504288,1758.5666838025154,3339.547171363095,699.7560941101459,1793.302470683828,3296.6430314243876,0.05999999999994543,L,V
DCB_se2_ag1_f_01_1,25779,AH0,9862,eleventh,574.4603189944736,1660.6062828990366,3197.991108732082,646.2550958432524,1682.9244039925936,3405.3791944190825,587.2395996818778,1705.6214301708812,3394.0286017243516,0.02999999999974534,V,N
DCB_se2_ag1_f_01_1,25782,AH0,9863,and,610.3533845034665,1938.713771337336,3043.0054398214406,620.1263779859737,1956.8099475979357,3067.606365722132,619.044225955382,1959.1169904653043,3068.674057394058,0.02999999999974534,TH,N
DCB_se2_ag1_f_01_1,25786,EH1,9864,twelfth,760.9335718399285,1270.481289624697,3327.282934263938,764.9558365542447,1261.4768957059696,3387.1880647633975,741.7931703591527,1276.2343245241036,3319.013487560985,0.04999999999972715,W,L
DCB_se2_ag1_f_01_1,25792,EY1,9865,grade,543.8873037051012,2417.2317834288733,2639.655382956584,608.1669933142193,1869.7754318775783,2378.264971949301,540.9066310919587,2690.1991426146897,2959.0284171108283,0.09999999999990905,R,D
DCB_se2_ag1_f_01_1,25795,IH1,9866,year,581.4579797080769,2539.1240220564973,3391.438838014907,605.6870233642202,1427.5526372853183,2455.512447405826,446.11413378236654,2821.4944770852426,2915.2992856609076,0.07999999999992724,Y,R
DCB_se2_ag1_f_01_1,25800,EH1,9868,well,562.1390044897923,1203.0028983398663,3084.355226759211,569.8866191565282,1176.9324556026809,3038.422094216171,567.5238015158545,1475.9263156833515,3143.1689523885652,0.03999999999996362,W,L
DCB_se2_ag1_f_01_1,25803,AH0,9869,the,519.1640479889464,1703.1395575979925,3046.8568369815134,557.2437757597935,1770.8808807535022,3116.85320658952,535.7326215746293,1827.2758032557774,3114.9199530027217,0.05999999999994543,DH,B
DCB_se2_ag1_f_01_1,25805,IH0,9870,beginning,465.82721998631934,2461.866967217068,3005.208816804725,526.7119194555339,2508.6368935511996,2930.1486043456903,523.8696140968658,2520.803988915024,2944.7697231927227,0.0500000000001819,B,G
DCB_se2_ag1_f_01_1,25807,IH1,9870,beginning,515.7568695775761,2387.46690226167,2984.4327119654376,617.223443736828,2211.8384612353993,3130.711664137908,488.98027379173254,2662.3579096452704,3144.7648493866154,0.05999999999994543,G,N
DCB_se2_ag1_f_01_1,25809,IH0,9870,beginning,661.7937839016348,1785.8174513411418,3334.0148225016474,693.3449161928618,1752.2908238671478,3284.1893571636574,646.2460726846728,1791.7848451027141,3337.3927211374416,0.02999999999974534,N,NG
DCB_se2_ag1_f_01_1,25811,AH0,9871,of,693.7490684367046,1704.8810905803098,3250.680063988239,693.5411164121558,1715.7175921391777,3263.1647415121256,689.3837949109554,1714.6366485356866,3292.729711088475,0.02999999999974534,NG,V
DCB_se2_ag1_f_01_1,25814,AY1,9872,my,758.0175011687506,1620.0252878234612,2968.1509359691668,807.315586482757,1751.3309493412205,2981.7198684411474,730.9116591541451,1775.8305820809676,3548.9241034989,0.05999999999994543,M,T
DCB_se2_ag1_f_01_1,25817,EH1,9873,twelfth,601.5519985967718,1316.2682358294087,2986.115970663941,621.3427353005417,1367.7900845081688,3179.223776967743,621.3427353005417,1367.7900845081688,3179.223776967743,0.03000000000020009,W,L
DCB_se2_ag1_f_01_1,25823,EY1,9874,grade,494.2325991772317,2516.2975697313573,2980.651471437769,635.5790109522359,2754.303554567211,3167.887028708124,579.15322397141,2770.984345585282,3101.0557525840854,0.09999999999990905,R,D
DCB_se2_ag1_f_01_1,25826,IH1,9875,year,519.5957804310822,2380.504676541069,2783.067487987865,540.0524168001244,2310.9785763916657,2648.4097407488352,489.03640482698745,2558.1664609632835,2794.4160384399215,0.05999999999994543,Y,R
DCB_se2_ag1_f_01_1,25831,AH0,9877,to,581.1418059514754,1560.1510088669322,2626.5328548203183,604.3177991808247,1815.345689770686,2996.729666546582,582.3276426600958,1932.0321396750703,3189.0722154777072,0.03999999999996362,T,M
DCB_se2_ag1_f_01_1,25833,EY1,9878,make,603.3343763570668,2216.0767826437877,2807.880442471528,615.7329715612132,2214.4905606637994,2983.298604122746,565.2610807360312,2521.9523528857558,2991.553583178988,0.03999999999996362,M,K
DCB_se2_ag1_f_01_1,25836,UH1,9879,sure,558.3124921651392,1695.7812410044805,3034.6329383324205,610.8836405410747,1736.7306816397804,2998.659573143244,549.2828480871451,1996.0473419138225,3139.5548800820093,0.03000000000020009,SH,R
DCB_se2_ag1_f_01_1,25839,AE1,9880,that,830.7034640379547,1834.0194178122235,2967.0238634573325,960.9834480578006,1971.4237011917855,2442.9541728227427,952.7352325938544,2075.3723414532424,2609.436413021545,0.06999999999970896,DH,T
DCB_se2_ag1_f_01_1,25841,AY1,9881,i,1045.5220426168546,1675.6511119692086,2426.604810652545,1071.1089514474227,1870.8154011906158,2267.1834046313243,1058.8732510873426,1919.7422006265112,2430.503330347085,0.07999999999992724,T,K
DCB_se2_ag1_f_01_1,25843,AH0,9882,can,563.3944041086023,2498.0794795925194,2863.8552810908322,964.6485927321173,2344.543415827611,2840.783506213237,616.8238760902282,2517.9647741080153,2927.8642155142807,0.03999999999996362,K,N
DCB_se2_ag1_f_01_1,25846,IH1,9883,get,466.54868173371716,2516.789890924533,3189.523384277464,550.5897168970665,2388.488835226205,3175.8775083436117,437.9643907556185,2699.6374878670977,3029.8488176541427,0.03999999999996362,G,T
DCB_se2_ag1_f_01_1,25848,IH0,9884,into,552.2898838778863,2212.751966180041,3277.24085224037,566.1390964125011,2201.389647303629,3261.891294355801,550.4541268958193,2213.465792547468,3254.01528888772,0.05999999999994543,T,N
DCB_se2_ag1_f_01_1,25851,UW1,9884,into,477.11530435199506,1008.5239874378162,3414.3684699966825,710.5865622034311,1737.900912396441,2998.0123859902965,710.5865622034311,1737.900912396441,2998.0123859902965,0.15999999999985448,T,AH0
DCB_se2_ag1_f_01_1,25852,AH0,9885,a,478.68136771775517,1470.9420794091711,3152.3578609831593,592.0578174533548,1595.0993091718783,3253.574240048217,592.0578174533548,1595.0993091718783,3253.574240048217,0.04000000000041837,UW1,S
DCB_se2_ag1_f_01_1,25855,UW1,9886,school,571.7952341336288,869.9365999478343,3152.393013290612,791.9532580728684,1212.2117983493692,2751.667744224143,791.9532580728684,1212.2117983493692,2751.667744224143,0.20000000000027285,K,L
DCB_se2_ag1_f_01_1,25858,AH2,9888,unintelligible,642.2667240977925,1512.0662596982986,2652.6134736116182,709.1288814467077,1418.705987405055,2579.758464004404,448.3610110808583,1807.7237450588873,2451.9776277140695,0.07999999999992724,sp,N
DCB_se2_ag1_f_01_1,25860,IH0,9888,unintelligible,527.0335927605578,2004.5538833712508,2884.8245386118497,571.8661674917366,2045.2520005728463,2472.8986557693834,543.5821134419728,2019.5763004026971,2732.7751853836944,0.02999999999974534,N,N
DCB_se2_ag1_f_01_1,25863,EH1,9888,unintelligible,385.9849284345336,1588.1870968643368,2668.4689266885575,497.3882281667018,2331.0022374771156,3420.7401168698566,468.11710248125945,2614.895294619722,3679.7259167181282,0.03000000000020009,T,L
DCB_se2_ag1_f_01_1,25865,AH0,9888,unintelligible,386.1172417281148,2612.4627018656456,2855.135108771394,401.7058377347507,2529.4805723954146,3078.686499264645,384.179943616804,2613.2470391048028,2841.8534958161326,0.03000000000020009,L,JH
DCB_se2_ag1_f_01_1,25867,AH0,9888,unintelligible,567.2297542426401,2188.9719162518154,2704.2716158662865,649.8055325542819,2413.3939432317097,3108.8223055729068,577.3909935707087,2458.9413304805735,3105.9407265802947,0.03000000000020009,JH,B
DCB_se2_ag1_f_01_1,25869,AH0,9888,unintelligible,417.99264327306054,1753.7663790926176,2752.2174449305166,620.5933786105035,2023.4277374360765,2673.2077227955283,620.5933786105035,2023.4277374360765,2673.2077227955283,0.03999999999996362,B,L
DCB_se2_ag1_f_01_1,25873,AH1,9890,the,569.9879286263567,1497.5346371436513,3145.5698044577703,681.3675294475562,1550.9317987303127,3264.9725392492505,536.6782737906508,1763.0620415745514,2924.429958640033,0.11000000000012733,DH,S
DCB_se2_ag1_f_01_1,25876,UW1,9891,school,488.46427679940564,1116.3731836804989,2912.2114637813565,507.8217990273259,1259.1346545458796,2855.951478661828,483.8713777480063,1374.8844566933747,2892.0247857806894,0.09000000000014552,K,L
DCB_se2_ag1_f_01_1,25881,EH1,9893,temple,699.5807156080223,1404.0223708821557,2711.733587077467,787.3040441378038,1244.964552576692,2684.902270989713,614.8170975693373,1609.6892273681726,2810.2213330335057,0.0500000000001819,T,M
DCB_se2_ag1_f_01_1,25884,AH0,9893,temple,737.1557931548641,1480.1726582993278,3134.67290404723,814.460835835086,1596.5497254756299,3025.9712572022618,814.460835835086,1596.5497254756299,3025.9712572022618,0.03000000000020009,P,L
DCB_se2_ag1_f_01_1,25887,UW2,9894,university,582.7236250454414,1470.8171511338062,2871.8155255130564,637.0949985291231,1542.8283112257136,2936.716513744398,598.0592003869157,1565.7551297927334,2944.249698412335,0.04999999999972715,Y,N
DCB_se2_ag1_f_01_1,25889,AH0,9894,university,609.0062321396615,1502.2204687153896,2565.7188025562423,611.7214552783465,1523.7268143879346,2575.7266915379755,559.7987299672664,1582.8490053676717,2755.2670613407577,0.03000000000020009,N,V
DCB_se2_ag1_f_01_1,25891,ER1,9894,university,652.093546789981,1595.926446951289,2113.961302347561,688.5484246526877,1539.8458939333009,2067.336508353198,653.8363094761983,1874.5290370071107,2142.903642425004,0.09999999999990905,V,S
DCB_se2_ag1_f_01_1,25893,AH0,9894,university,542.458800868532,1840.3644568684495,2481.8755043127335,556.5287415779117,1816.5863094293156,2527.3593768990468,543.0294662459808,1842.339156585992,2486.8175772024847,0.03999999999996362,S,T
DCB_se2_ag1_f_01_1,25895,IY0,9894,university,430.72193512099153,988.2660320054671,2683.3008934444597,493.4091404100514,1125.8101750296012,2389.6516925067003,456.2446834807294,1517.8925269584297,2369.5558312443663,0.10999999999967258,T,sp
DCB_se2_ag1_f_01_1,25898,EH1,9896,temple,665.2821670665901,2040.8167359884694,2468.041743457387,760.8388736121913,1994.2697726172469,2567.4089514760194,702.5891457643345,2048.554134692297,2482.225498445102,0.03999999999996362,T,M
DCB_se2_ag1_f_01_1,25901,AH0,9896,temple,841.5518851543958,1896.6067605287642,2524.8467354886625,871.1545355571388,1897.2318211443953,2620.2996444686946,784.3870546785271,1895.399723873479,2340.5203563963896,0.03000000000020009,P,L
DCB_se2_ag1_f_01_1,25904,UW2,9897,university,521.3167455409392,1933.1335783650031,2701.4456496925454,549.2556326540667,1724.307959850207,2562.530953539997,450.8297060363563,2306.254383385087,2593.6835988828766,0.05999999999994543,Y,N
DCB_se2_ag1_f_01_1,25906,AH0,9897,university,521.825146977219,1391.64442788067,2340.5195573490123,523.1352780949632,1373.7858664922019,2349.7522918893733,498.23804211809875,1654.426246770843,2399.8604815450794,0.03000000000020009,N,V
DCB_se2_ag1_f_01_1,25908,ER1,9897,university,710.154998092278,1750.4552003393164,2266.378968393179,722.8056142034944,1640.14665323335,2221.706936910433,719.878728089239,2112.6807680759807,3067.006671261881,0.0500000000001819,V,S
DCB_se2_ag1_f_01_1,25910,AH0,9897,university,1201.7642938293468,1452.1818667043026,2806.7075477155913,1200.1107727825126,1439.4294316661712,2814.123164144245,678.3087006939691,1554.763446219074,2454.9653466591258,0.03000000000020009,S,T
DCB_se2_ag1_f_01_1,25912,IY0,9897,university,611.268939039255,1691.365901617436,2986.756873790858,979.0212749309889,1746.3647161604863,3140.791205718169,824.9838602475136,1756.2995431777622,3077.0912165192817,0.03000000000020009,T,AA1
DCB_se2_ag1_f_01_1,25913,AA1,9898,ah,520.7212043301779,1229.9088884097246,3085.613709647162,1072.5154941159012,1184.9152942488158,3456.2163740468945,979.0212749309889,1746.3647161604863,3140.791205718169,0.25,IY0,sp
DCB_se2_ag1_f_01_1,25921,AY1,9904,right,801.849856560459,1990.592037123774,2366.345063152786,885.8476095556706,1617.3631381259029,2144.284747098913,515.0134355870547,2456.588728163116,2693.2992406698195,0.15000000000009095,R,T
DCB_se2_ag1_f_01_1,25925,AH1,9906,yup,730.1475212803122,1689.8284057386695,2870.4163779691066,752.7894746919868,1602.4418173724548,2864.208704218492,603.7071229066737,1983.175570030059,2878.098936992664,0.13000000000010914,Y,P
DCB_se2_ag1_f_01_1,25930,OW1,9908,so,606.398392223896,1213.5786205892919,2978.9958283426963,657.0940753370403,1724.368602527945,2884.404710668453,648.6468067681377,1735.8172882341785,2911.090945235687,0.2899999999999636,S,
DCB_se2_ag1_f_01_1,25934,EH1,9910,yes,879.153924709894,2009.605394064633,2967.6112618568027,911.1072993422302,2059.5955134300493,2979.6322895860603,581.988222044162,2362.745095040254,3124.950495106886,0.1799999999998363,Y,S
DCB_se2_ag1_f_01_1,25937,AH1,9912,um,746.3777096706777,1635.6796100585054,2649.759491482332,840.1906817399653,1591.8215230425913,2654.620544050694,513.9483332448596,1813.3595929936203,2273.6205867287076,0.169999999999618,sp,M
DCB_se2_ag1_f_01_1,25940,UW2,9913,university,519.8790097908827,2011.8483988475282,3008.743560004005,538.2747570865379,1905.0538208374396,3012.6068536766784,521.8211852516191,2322.0545708486725,2949.855290703922,0.03999999999996362,Y,N
DCB_se2_ag1_f_01_1,25942,AH0,9913,university,518.6016387905998,1527.9469886447002,2630.3904849945707,531.0650726485185,1612.8521609374066,2810.3130900888527,531.0650726485185,1612.8521609374066,2810.3130900888527,0.03000000000020009,N,V
DCB_se2_ag1_f_01_1,25944,ER1,9913,university,658.470532299723,1615.9415457412501,2282.787768644201,658.4688731770759,1616.879016925387,2283.2467959128717,593.9127070677763,1805.4538352478755,2553.3805466765616,0.07000000000016371,V,S
DCB_se2_ag1_f_01_1,25946,AH0,9913,university,529.250255534602,2011.2675224279642,2649.182121527359,533.8589394141346,2010.6301674887804,2684.447325353054,530.5214786439118,2011.3084526029343,2648.2221768924755,0.03000000000020009,S,T
DCB_se2_ag1_f_01_1,25948,IY0,9913,university,456.2603401497411,2372.5943076185963,3029.4743226821747,554.1956078044559,2291.150905976756,3049.015443759158,466.63099149286967,2394.300808983798,3010.3657986739886,0.03999999999996362,T,AH0
DCB_se2_ag1_f_01_1,25949,AH0,9914,of,612.3514902933805,2017.9541403174887,3014.7871327231956,617.5898596780319,1929.1443968495737,2941.164725343242,554.1956078044559,2291.150905976756,3049.015443759158,0.03999999999996362,IY0,V
DCB_se2_ag1_f_01_1,25952,AO1,9915,north,631.2243118166558,1261.9529366637232,3188.4140196925478,647.6437641216587,1133.9484343469321,3105.226143038324,485.9541263659046,1569.2118247554254,2629.117587396656,0.06000000000040018,N,R
DCB_se2_ag1_f_01_1,25956,EH2,9916,carolina,552.2677056694316,1823.8122373573112,2297.1413836956062,622.1723698934901,1792.7632849819927,2134.748098376634,596.7557434718723,1909.250188320904,2748.1125232332247,0.03000000000020009,K,R
DCB_se2_ag1_f_01_1,25958,AH0,9916,carolina,611.4348901421986,1743.8320234767025,2872.8738063549595,623.9013406478181,1735.583490977246,2672.456725754246,613.9392231354976,1743.3047723462707,2857.4937343939705,0.03999999999996362,R,L
DCB_se2_ag1_f_01_1,25960,AY1,9916,carolina,861.2411188253297,1760.6163385719713,2847.6507949449756,884.3251419445105,1744.4682363337781,2803.06716746841,825.1906096984899,1812.1431684487263,1931.865553909209,0.07999999999992724,L,N
DCB_se2_ag1_f_01_1,25962,AH0,9916,carolina,603.5516572685905,2089.095004394185,2398.7553637185997,678.5870437123402,1734.2897037587215,3365.0257278129,601.4839530210216,2094.4080545378642,2557.0827916773396,0.07000000000016371,N,G
DCB_se2_ag1_f_01_1,25965,IY1,9917,greensboro,563.6890952975454,953.8811859799,2286.53251500838,599.008476711593,1447.5524142007175,2540.227431644468,595.7733612110002,2141.4951958640077,3046.431105923294,0.03000000000020009,R,N
DCB_se2_ag1_f_01_1,25969,ER0,9917,greensboro,611.4035569931435,1578.0732796013754,2359.1433887260787,616.7095634404614,1604.9878122538203,2430.7799091278625,614.7930074874312,1631.080688590977,2449.21426252526,0.02999999999974534,B,R
DCB_se2_ag1_f_01_1,25971,OW0,9917,greensboro,622.856081579103,1456.03385868762,2369.5491338437655,638.7086313307052,1619.270242355036,2277.582303805146,638.2608935876342,1617.7772872824053,2273.1970544391725,0.11000000000012733,R,sp
DCB_se2_ag1_f_01_1,25974,AE1,9919,that,724.0019579673159,1940.3409671757704,2283.146420831281,730.5836843071199,1892.4570867496714,1995.35534627384,727.9317460165298,1959.9007852620223,2126.821565270261,0.04000000000041837,DH,T
DCB_se2_ag1_f_01_1,25976,EH1,9920,s,833.7221061601414,1804.3121814790934,2815.6913973843753,912.7596417417348,1788.100166003508,2712.4292888226487,820.497423223354,1956.840711581271,3081.3584334516563,0.22000000000025466,T,S
DCB_se2_ag1_f_01_1,25979,AY1,9921,my,899.2549727276859,1593.2526383002596,2798.3666864466795,946.0441713256517,1594.1145840645302,2895.8971768986335,885.8754493964357,1624.5882426606738,2776.018265052413,0.06999999999970896,M,DH
DCB_se2_ag1_f_01_1,25981,AE1,9922,that,714.156983478511,1952.0581752337473,2826.949761708852,731.2637479466812,1800.303293400559,2950.7062801719076,689.7626870930937,2002.6907003513204,2845.5582790492545,0.03000000000020009,DH,T
DCB_se2_ag1_f_01_1,25983,EH1,9923,s,809.8028032853981,1716.407832034022,2893.948327401717,1030.1359192923378,2333.658505065978,3582.350295436376,1048.1723607579117,2418.5815186755035,3601.6314805510647,0.36000000000012733,T,S
DCB_se2_ag1_f_01_1,25987,AY1,9925,my,641.5216824236406,1871.3906860172237,2581.733739060962,653.6289824481638,1909.4488893702846,2579.890569761051,599.0889745216966,1934.0797587171169,2668.5076460785913,0.03000000000020009,M,Z
DCB_se2_ag1_f_01_1,25991,AE1,9928,that,680.3011468020214,1968.7263540010774,2821.4440156629344,679.9276134650833,1969.1960207094144,2819.7492465648756,668.2994851460777,2001.5063456923162,2805.6503915399467,0.02999999999974534,DH,T
DCB_se2_ag1_f_01_1,25995,AY1,9930,my,835.9587883897235,1636.4884435438503,1821.645730962876,968.3333296791477,1857.0529812800219,3096.5439621220494,945.6493221005574,1860.7572692721776,3095.9009223899816,0.11000000000012733,M,S
DCB_se2_ag1_f_01_1,25997,EH1,9931,second,720.1991744311331,1942.0205212903334,1968.0579725776745,769.8682110906387,1755.8971453101335,2879.9542223011517,672.4573005569248,1953.3438978373904,2150.72032053392,0.1000000000003638,S,K
DCB_se2_ag1_f_01_1,25999,AH0,9931,second,598.8582035446127,2423.753054900221,2904.2364628152836,655.441441984094,2353.386219135507,2911.6386970974886,577.5170976316607,2449.1825103353576,2895.1443554612156,0.03999999999996362,K,N
DCB_se2_ag1_f_01_1,26004,AE1,9933,that,616.668281315628,2023.8605812660826,2978.3670850159533,659.1473390720059,2030.2841615807374,3023.074682354497,595.2971649638529,2064.3331860031058,2891.400328328236,0.02999999999974534,DH,T
DCB_se2_ag1_f_01_1,26008,AY1,9935,my,805.764925790364,1257.137049802254,2204.4450088367653,834.8941574092484,1660.1376226953407,2043.1942148910287,705.6985753127261,1979.6900602986507,2892.132118640548,0.09999999999990905,M,S
DCB_se2_ag1_f_01_1,26010,EH1,9936,second,706.94978976945,1847.6982604654154,2643.484001101424,706.9368595699079,1845.0937065211335,2640.6360785991524,631.9753695768107,2109.3839482441795,2604.6810772308963,0.07000000000016371,S,K
DCB_se2_ag1_f_01_1,26012,AH0,9936,second,683.2066525676019,2264.278265738648,2852.8988346528645,688.247634755187,2207.5410925657793,2736.081838256477,578.4245320361392,2349.765751698658,2847.5822233294407,0.05999999999994543,K,N
DCB_se2_ag1_f_01_1,26016,OY1,9937,choice,590.275177819765,1867.4160081298203,2373.66423378648,640.9310362143149,1458.9121568653882,3015.3712679018904,577.4133772180215,2418.7043410938895,2903.575322027963,0.1799999999998363,CH,S
DCB_se2_ag1_f_01_1,26019,AE1,9939,and,623.4480842635629,2018.3137874324598,2943.9837437126157,784.3545198400202,1724.6081776870938,2978.2561917086778,627.7911905976841,2453.8977485587047,3286.2180315980336,0.06999999999970896,sp,N
DCB_se2_ag1_f_01_1,26022,EH1,9940,then,616.2626985358304,1598.9645179064328,2227.539406189205,663.8609175177339,1656.9065295590879,2103.8537449934392,541.3790773165958,2208.969627697505,3003.387387060745,0.05999999999994543,DH,N
DCB_se2_ag1_f_01_1,26025,AY1,9941,like,869.7765102634334,1719.6722722777063,2626.849753459475,977.2896689653952,1693.2951519536186,2246.5159894718977,713.4528652442474,1943.191096980759,2939.616836110164,0.15000000000009095,L,K
DCB_se2_ag1_f_01_1,26028,AY1,9942,my,1001.6352946914943,1653.0123130529928,2612.440925747088,1054.2581851069926,1722.4636742013154,2677.17960806886,1044.7710132876655,1732.0472604401014,2654.902353045309,0.25,M,sp
DCB_se2_ag1_f_01_1,26031,EY1,9944,way,510.51535834284465,2080.675034949833,2863.6258218868293,707.7891403455134,2782.181911142693,3870.2623053961497,519.7348484811737,2902.114642598939,3232.0006349438545,0.38999999999987267,W,sp
DCB_se2_ag1_f_01_1,26034,EY1,9946,way,542.8578106556416,2717.399572578822,2966.3186586455618,650.3749094221275,1897.7535107636438,2857.634971075904,554.4764352639853,2764.6818275415517,3111.0670736433167,0.25,W,B
DCB_se2_ag1_f_01_1,26036,AE1,9947,back,920.2944968509782,1866.1018690202823,2456.7529105811095,937.6020496328191,1858.5963373502107,2494.425021405397,793.2848760823507,1954.2488765635762,2743.660201697511,0.09000000000014552,B,K
DCB_se2_ag1_f_01_1,26038,AH1,9948,up,621.7401360074969,1596.7639680413515,2939.7624765257992,624.3997550013761,1563.3043756786144,2930.711798679526,622.3341670847996,1626.602350258016,2986.88683310054,0.06999999999970896,K,P
DCB_se2_ag1_f_01_1,26042,UW1,9949,schools,509.9319446542011,1134.0616029080395,2870.2954242901455,588.4507488425974,1607.7347138843606,2705.1980079795803,484.46722022827527,2004.7322913250648,3038.844855802967,0.09999999999990905,K,L
DCB_se2_ag1_f_01_1,26045,IH0,9950,is,504.5269797778184,1550.863536023569,2848.0934229757677,513.4646466183518,1576.7379508693612,2946.3521650680445,513.1423602715381,1576.2694646901841,2941.5186043641493,0.08999999999969077,Z,Z
DCB_se2_ag1_f_01_1,26049,AY1,9952,like,935.5684605310514,1760.1798041473958,2515.45486328569,959.1210323746029,1573.4249539811217,2355.4339007722688,830.5975511421473,1884.5380640698606,2493.3135496481127,0.09999999999990905,L,K
DCB_se2_ag1_f_01_1,26053,AO1,9954,morgan,577.5540338689568,871.8480980988916,2226.3262580781693,768.517325279777,807.6643185826684,3063.06822168032,600.3004266665075,1142.4434901634434,2109.206641302818,0.08000000000038199,M,R
DCB_se2_ag1_f_01_1,26056,AH0,9954,morgan,618.8153195656654,2330.985008874233,2848.1320497436877,664.1298851688273,2214.132502284065,3059.266700699201,499.36144329526263,2405.1133547719746,2821.201561111069,0.07000000000016371,G,N
DCB_se2_ag1_f_01_1,26060,AE1,9956,and,530.9617141121264,2405.354283872896,2635.4762536450608,1017.7991241412822,1944.5620742990714,3109.9029619798016,569.6646678183658,2491.9374984014116,2684.2299442931176,0.06999999999970896,sil,N
DCB_se2_ag1_f_01_1,26063,EH1,9957,then,593.0214039443955,2182.011035699771,2952.338977959632,631.8693176291732,2145.0022413804236,3218.2426723195767,618.4427049714359,2281.5962731583318,3181.880331164898,0.07999999999992724,DH,N
DCB_se2_ag1_f_01_1,26066,AY1,9958,like,819.8705101173209,1877.9514817000156,3001.520882140645,886.760155921927,1875.6310469532993,3031.412772299265,687.6099636971513,2288.317229891558,2856.5449882156686,0.07999999999992724,L,K
DCB_se2_ag1_f_01_1,26069,UW2,9959,university,537.6200095666707,1774.74790810836,2977.060333986526,564.9604642507703,1654.6116956885214,2907.0863382545826,496.6388819269206,2083.5208329360225,2907.103857917639,0.03000000000020009,Y,N
DCB_se2_ag1_f_01_1,26071,AH0,9959,university,622.2857240561377,1612.4244579864383,2821.962065912843,626.1329360109883,1627.0516585250327,2841.368361918265,573.3669583281202,1663.5782092542597,2923.060506489165,0.02999999999974534,N,V
DCB_se2_ag1_f_01_1,26073,ER1,9959,university,620.9144508102268,1599.3003945197836,2203.705211864977,657.9533329857352,1585.8582293856975,2237.527750524123,609.5718177118471,1631.4834362984652,2137.762512320024,0.05999999999994543,V,S
DCB_se2_ag1_f_01_1,26075,AH0,9959,university,656.8871314219257,1291.56644458489,2669.2426700141577,878.7643809231342,1509.1654674032507,2897.9516104856484,772.1245124732548,1557.051707874746,2594.2667119692296,0.13999999999987267,S,T
DCB_se2_ag1_f_01_1,26077,IY0,9959,university,579.0661923346352,2202.376347847225,2614.253147800113,607.5442123987359,1961.988513908279,2749.2844119015635,556.5894204444155,2396.5702442294473,2598.710817296704,0.0500000000001819,T,AH0
DCB_se2_ag1_f_01_1,26078,AH0,9960,of,565.6537955876784,1814.9999957929795,2885.943298111331,625.6080405792615,1901.2245096097888,2811.037203191761,526.1332520169673,2088.7982015942343,2808.4845656048537,0.04999999999972715,IY0,V
DCB_se2_ag1_f_01_1,26081,EH1,9961,del,740.0234934784177,1419.4667170321554,2380.240555028875,733.54849840182,1394.3923730696329,2433.171095016917,678.2425704093772,1685.5300106038467,2846.2712646579394,0.03000000000020009,D,L
DCB_se2_ag1_f_01_1,26083,AE1,9962,and,655.3907796256947,2400.1541152287245,3017.1184409912494,748.1647934197596,2434.222010145664,3002.4278590115923,623.1430341855528,2493.479698477181,2937.6906843665147,0.07999999999992724,L,N
DCB_se2_ag1_f_01_1,26086,AY1,9963,like,888.1250665895238,1122.2660079398208,2947.636034420777,1059.3038646519626,1665.635871060819,2973.3963541277676,1008.8352711676092,1776.7599768751543,3021.839144550929,0.07000000000016371,L,K
DCB_se2_ag1_f_01_1,26089,EH1,9964,del,616.82078337096,1955.6946326782866,3036.942371151063,653.8726229692834,1879.6291532748603,2917.746652246641,511.70957139166666,2035.6461759997646,2861.768868266322,0.0500000000001819,D,L
DCB_se2_ag1_f_01_1,26093,EH1,9966,delaware,751.9553297881451,1889.9803974386948,2515.4776434341006,856.7883368067171,1887.9971244359667,2632.4684575780075,770.0835951221584,1983.6785113811247,2368.7512157065194,0.18000000000029104,D,L
DCB_se2_ag1_f_01_1,26095,AH0,9966,delaware,577.8564047249718,1298.2049086845172,2929.6465092360304,593.1711434612816,1354.2928356485756,2923.9070293465256,536.8498401358324,1446.0856068182215,2803.6336941980294,0.05999999999994543,L,W
DCB_se2_ag1_f_01_1,26097,EH2,9966,delaware,561.7582135353792,1786.9108865317864,2804.5364881227356,562.1445613369319,1795.5344236621552,2797.9631472380256,552.8211396730278,2035.017358635213,3032.8611033561706,0.03000000000020009,W,R
DCB_se2_ag1_f_01_1,26103,AY1,9970,right,702.6416329307901,1963.2735545679197,2339.4182168505386,883.5555122837795,1602.9773658258243,2122.083224356732,519.8099323922725,2157.91961561574,2562.6339476481508,0.11999999999989086,R,T
DCB_se2_ag1_f_01_1,26108,AA1,9972,cause,480.12075958621006,1844.2561206112985,2521.6020807391,739.7177224067345,1879.7181025122095,2490.181607097405,488.3079628667624,2200.244766295111,3094.487146822191,0.09999999999990905,K,Z
DCB_se2_ag1_f_01_1,26110,IH0,9973,it,442.9013927846779,1655.291760433624,2700.7234348810575,453.34161555001685,1789.165294275732,2808.5664443848996,453.34161555001685,1789.165294275732,2808.5664443848996,0.03999999999996362,Z,T
DCB_se2_ag1_f_01_1,26114,IH0,9976,it,520.0200309846695,1872.7150951368712,2899.2900259259227,548.5176540412002,1669.4119652801041,2829.7452996791944,524.0613265096985,1888.5204281609024,2919.289186493075,0.03000000000020009,sp,T
DCB_se2_ag1_f_01_1,26118,AH1,9978,something,785.0893145328757,1583.7219315850095,2805.81912556891,864.743714601802,1532.8945669704524,2853.100720971629,589.3849521266264,1660.689393220173,2771.798720970023,0.06000000000040018,S,M
DCB_se2_ag1_f_01_1,26121,IH0,9978,something,470.96377165605907,1442.978366585686,2480.85184424301,1050.9976731376173,1712.7063692287716,3154.915609091109,1050.9976731376173,1712.7063692287716,3154.915609091109,0.03000000000020009,TH,NG
DCB_se2_ag1_f_01_1,26123,IH0,9979,it,548.4076992202694,2160.668374737089,2990.891173827898,589.4703828964396,2169.6976551599337,3030.3700683682296,588.2606879025117,2173.2375866295,3021.15896012719,0.11000000000012733,NG,T
DCB_se2_ag1_f_01_1,26126,AA1,9980,got,806.0349957456233,1954.856403637319,3074.7255618865884,850.7299045327043,1961.2937742318313,3019.4175077194436,666.6750467637398,2082.0806491983026,3084.3436998760485,0.0500000000001819,G,T
DCB_se2_ag1_f_01_1,26130,AH1,9982,something,691.8334543637867,1461.353757127105,2732.778840013328,704.7669890820038,1416.6391040754515,2773.6756986158994,681.3236656168951,1537.006450757082,2720.034286188116,0.05999999999994543,S,M
DCB_se2_ag1_f_01_1,26133,IH0,9982,something,499.00795162680936,2257.482362034751,3036.918318810134,528.8715698497525,2410.7504117012,3033.8658483661084,528.8715698497525,2410.7504117012,3033.8658483661084,0.03000000000020009,TH,NG
DCB_se2_ag1_f_01_1,26140,AA1,9986,gotta,896.5196671933738,2019.1553494409459,2847.4351997063895,954.9592468010944,2020.4560032555605,2898.4513282926623,665.968776238056,2093.8108698988567,3024.410902043251,0.08999999999969077,G,T
DCB_se2_ag1_f_01_1,26142,AH0,9986,gotta,531.9195123506814,2208.422695924263,2837.162978927891,604.9883982246989,2030.524910673914,2968.635983983996,514.0317802810081,2326.7260418844635,2863.5236533001626,0.02999999999974534,T,sp
DCB_se2_ag1_f_01_1,26145,IH1,9988,give,554.485786457533,2207.315390639913,3032.0441461393766,743.9363328667292,2392.5583089301176,3039.78259666947,622.3515613006102,2402.50563196734,3032.0055443664246,0.08000000000038199,G,V
DCB_se2_ag1_f_01_1,26150,AE1,9990,yeah,640.0662437420958,1619.1594057983375,2538.479470209355,710.0264360489485,1905.8601910493717,2575.895154822945,709.0327466831377,1916.382943109804,2576.167523696502,0.03000000000020009,Y,sp
DCB_se2_ag1_f_01_1,26152,AY1,9992,i,1045.0125422463282,2281.7400600973856,2958.3203192528745,1113.1845786827803,1931.1610892049603,2033.4588924915727,876.6019858035659,2259.139208520462,2749.138108400266,0.32999999999992724,sp,AY1
DCB_se2_ag1_f_01_1,26153,AY1,9993,i,792.5430850891299,1462.3561841503883,2995.6754097862868,979.1458415208914,1649.1689374659768,3075.8005326675975,950.9363352934926,1744.9276129267564,2942.737514764557,0.07000000000016371,AY1,sp
DCB_se2_ag1_f_01_1,26156,IY1,9995,feel,651.8403251909782,1306.927715136993,3239.2642380882553,928.2797158153398,1405.4187319665887,2462.0626353448856,928.2797158153398,1405.4187319665887,2462.0626353448856,0.03000000000020009,F,L
DCB_se2_ag1_f_01_1,26159,AY1,9996,like,788.2859691892077,1816.0465065518035,3094.9920535047277,829.3672659448175,1735.7251157345138,3644.3929237050947,665.216957943671,1904.2630362383488,1974.5521413102438,0.03999999999996362,L,K
DCB_se2_ag1_f_01_1,26161,AH0,9997,and,625.2262259499767,2139.8375462739264,2619.9460697587365,656.1013428250847,1521.2614567541077,2371.3102171675523,626.0843624395326,2134.7178212987046,2729.1300486593777,0.0500000000001819,K,N
DCB_se2_ag1_f_01_1,26164,AE1,9998,that,825.3819940649701,1919.4491628242424,3727.8177983167934,825.3728542215628,1919.286379375476,3727.747369448932,825.4141615070455,1920.022074954755,3728.0656708925485,0.0500000000001819,DH,T
DCB_se2_ag1_f_01_1,26167,AE1,10000,and,606.7363125615901,2078.126978222522,3023.040736670258,681.6081287452678,2130.921477608587,3139.718847518772,681.5163626961181,2164.443255870989,2511.093408500376,0.09999999999990905,Z,N
DCB_se2_ag1_f_01_1,26170,AE1,10001,that,818.0982943305896,1947.1136942956064,3350.4607602466663,818.5373761984462,1938.6913918007538,3339.070356492821,782.7747234512989,1981.719962306919,3243.708677654754,0.03999999999996362,DH,T
DCB_se2_ag1_f_01_1,26174,EH1,10003,when,609.4032880894231,1444.0676536775013,3300.5341208944797,620.914071937682,1389.1028876721641,3296.2990834554057,604.3072781301062,1441.7294791404975,3280.802601337009,0.06999999999970896,W,N
DCB_se2_ag1_f_01_1,26176,EH1,10004,everyone,720.8921380913619,2029.725477922551,2855.548121634515,718.5347408981063,2027.6620348520596,2872.6986041712107,706.3214412071087,2187.093987022342,2410.7966218006486,0.11999999999989086,N,V
DCB_se2_ag1_f_01_1,26179,IY0,10004,everyone,555.251800710149,2714.2972799247596,2810.2919156460484,598.3430781682775,1859.04353434913,2719.2743260441066,557.2841391590661,2633.8016616716786,2822.733813876028,0.05999999999994543,R,W
DCB_se2_ag1_f_01_1,26181,AH2,10004,everyone,752.5779825544665,1263.221605121371,1546.1226173770576,755.262715215915,1324.9316236967577,1548.4006926722445,701.1651929283346,1562.8013802069686,3292.183902318366,0.06000000000040018,W,N
DCB_se2_ag1_f_01_1,26184,EH1,10005,says,617.9446670162642,2167.928611237719,3031.422642410716,634.0119672995417,2246.9034074688484,3100.167920918267,631.623395095728,2251.132910026841,3081.4692689148305,0.11999999999989086,S,Z
DCB_se2_ag1_f_01_1,26187,AH0,10006,that,630.317390513387,2009.76880934006,2920.7932629665684,631.8889168145979,2010.7627246965628,2915.3832346059376,630.7117297226638,2010.0182100630827,2919.4357379259427,0.04999999999972715,DH,T
DCB_se2_ag1_f_01_1,26190,AH0,10007,to,497.9089495334519,1464.5429020340541,2733.271870007632,508.98959944846825,1844.2357682280128,3072.0682574070356,508.98959944846825,1844.2357682280128,3072.0682574070356,0.03000000000020009,T,M
DCB_se2_ag1_f_01_1,26192,IY1,10008,me,605.5299811638996,2339.498742507941,3007.763761562531,651.1456680342326,1973.8697451639348,2937.9528366700597,573.0212198567889,2327.82546251449,3193.9180031665064,0.03999999999996362,M,AY1
DCB_se2_ag1_f_01_1,26193,AY1,10009,i,832.3089304030266,1839.9012400971242,2618.8574788779283,833.7291576996173,1839.9362193605054,2613.4245330212293,651.1456680342326,1973.8697451639348,2937.9528366700597,0.06999999999970896,IY1,sp
DCB_se2_ag1_f_01_1,26196,IY1,10011,feel,659.9887847634918,1597.5943436932935,3235.5451258390685,797.511248386681,1839.4282378588455,3048.6073150927155,760.9422507910838,1844.837239715066,3069.8028996970947,0.02999999999974534,F,L
DCB_se2_ag1_f_01_1,26199,AY1,10012,like,718.4975019753562,1902.0675304424171,3289.3579640329,747.6950234601122,1708.9729639747602,2446.9755173667972,661.6454664642333,1965.4144178385652,3227.237676898625,0.03000000000020009,L,K
DCB_se2_ag1_f_01_1,26202,AY1,10014,i'm,873.8701732431792,1556.6864807444015,2204.8095132335925,876.9798525793127,1538.5964914453104,2167.939408284821,561.2191841113977,1764.7792176193775,2880.439220456927,0.09000000000014552,sp,M
DCB_se2_ag1_f_01_1,26206,AH1,10016,gonna,557.5371733635687,919.1896939387537,3235.6566097461114,656.2616442510314,883.6277184267012,2571.6206671612326,605.3285415980587,1606.3900071607131,3390.341126210608,0.09000000000014552,G,N
DCB_se2_ag1_f_01_1,26208,AH0,10016,gonna,564.5563448607668,1551.9944155812798,3147.1629051128284,584.8067521803781,1680.9912604514277,3147.6780610685855,583.6587298579569,1676.567004721895,3164.976566194821,0.06999999999970896,N,B
DCB_se2_ag1_f_01_1,26210,IY1,10017,be,544.7876429508759,2126.2896073306692,2930.70365556767,574.5449773296662,2713.6019780578517,3173.019101512941,518.4036177448991,2727.533189452591,2979.9124190395187,0.1000000000003638,B,F
DCB_se2_ag1_f_01_1,26212,AY1,10018,fine,857.583559344493,1572.1421026936955,2905.1680286651704,887.5668622181395,1532.4052421849105,2932.881223939905,799.0924349297834,1629.2557837304614,3192.152402094778,0.07999999999992724,F,N
DCB_se2_ag1_f_01_1,26216,AH1,10020,but,643.9354638808915,1698.8917763229424,3013.860942476278,646.5219593556592,1723.7590469579134,3021.2829699537037,631.5077835304842,1846.2021057111715,2977.645799138053,0.06999999999970896,B,T
DCB_se2_ag1_f_01_1,26219,AY1,10021,like,631.9043073666545,1988.1359320342913,3000.584266448996,646.9769085948617,1777.5915116093122,2821.633240943055,626.7794592368098,2027.320846722336,3064.481051769081,0.03000000000020009,L,K
DCB_se2_ag1_f_01_1,26224,AE1,10023,yeah,824.6908075697385,2035.5846321842002,2795.268581942309,864.2164275036124,1789.826061441888,2927.8135951045683,752.6289629940876,2106.664578730249,2941.2537767936624,0.29000000000041837,Y,
DCB_se2_ag1_f_01_1,26230,AH1,10027,somebody,788.7969512275808,1812.432212876091,2744.8814195256214,822.8571431110236,1689.164808215854,2962.03591819894,671.7038886177966,2537.1267861019733,2927.235646787683,0.05999999999994543,S,M
DCB_se2_ag1_f_01_1,26233,AA2,10027,somebody,775.666078227965,1457.6036570320516,2741.472378762956,827.6809925947462,1562.3499573653435,2651.5276571335917,827.6809925947462,1562.3499573653435,2651.5276571335917,0.03000000000020009,B,D
DCB_se2_ag1_f_01_1,26235,IY0,10027,somebody,609.1736643706547,2018.531042310921,2795.318689844714,790.186297620567,1841.2611084655966,2788.0739847190844,591.3308474655244,2301.072069148907,2802.39846757817,0.10999999999967258,D,sp
DCB_se2_ag1_f_01_1,26238,AH1,10029,somebody,809.979375620692,1995.3442325987708,2926.991572122467,803.3464081862368,2384.824872287822,2985.7516145296613,803.5756161203167,2391.3579900706864,2984.3926694374636,0.03999999999996362,S,M
DCB_se2_ag1_f_01_1,26241,AA2,10029,somebody,804.3288249240711,1513.9523920734148,2603.512502246365,937.217851035774,1991.847199311738,2828.2388325697784,921.5725415095592,2004.8817716842093,2663.074704393821,0.08000000000038199,B,D
DCB_se2_ag1_f_01_1,26243,IY0,10029,somebody,485.14601696081763,2526.9850301661872,2817.2320220287975,561.8995583662917,2131.217135518095,2883.2410742493207,428.4717615222394,2550.888268774692,2833.3639784911666,0.09999999999990905,D,S
DCB_se2_ag1_f_01_1,26245,EH1,10030,said,575.8343881182379,2125.8461683475357,2855.601342037598,603.4899111476202,2049.1321976555823,2851.876284181469,589.8214837209879,2159.837187829903,2858.3762482422067,0.07999999999992724,S,D
DCB_se2_ag1_f_01_1,26248,AE1,10031,that,768.8113459856606,2080.641230898674,3202.6987894327262,776.5211924060524,2083.7393135393945,3191.600216465644,633.2824107450585,2112.526242558663,3195.6062595886006,0.07000000000016371,DH,T
DCB_se2_ag1_f_01_1,26252,IH0,10033,to,537.1318216766778,1835.741545602724,2854.2742031961743,547.4898745962267,1959.000395784573,3123.8618858461173,545.3294400360389,2002.3883805377716,3240.634192804612,0.03999999999996362,T,M
DCB_se2_ag1_f_01_1,26254,IY1,10034,me,474.3421461708367,2668.1726641042005,3095.5071338463804,683.8498446854948,2191.3610346172695,3132.305899492322,499.79669943716533,2785.320393889081,3111.5806695511237,0.18999999999959982,M,sp
DCB_se2_ag1_f_01_1,26257,AY1,10036,my,855.7153033914467,1685.9775898665175,2569.5651135790818,856.4641553885577,1724.841063840692,2603.6036216316015,857.7487839860614,1791.5099520297706,2661.995454769949,0.05999999999994543,M,G
DCB_se2_ag1_f_01_1,26260,AE1,10037,grandma,701.1228915186493,1635.5916502743523,1932.645137732647,767.6306030869237,1610.267091975712,1809.77011191962,642.1078638949494,1690.9502476552864,1722.3524773366526,0.07000000000016371,R,M
DCB_se2_ag1_f_01_1,26262,AA0,10037,grandma,712.824136429174,1231.341651967852,3411.2487298197148,751.3061865241092,1202.6061542650914,3391.3164052689726,717.0116542946635,1229.6072063522904,3364.3974789592867,0.07000000000016371,M,W
DCB_se2_ag1_f_01_1,26264,AO1,10038,was,511.0950402350823,1499.2403612215974,3196.6069626189164,672.6529561009713,1267.389257095816,3185.116633440316,500.04949899642145,1521.7923077961884,3215.7276955343496,0.09999999999990905,W,Z
DCB_se2_ag1_f_01_1,26267,AY1,10039,like,647.4238746169796,1579.5704117476612,2746.359583072574,667.5472503581824,1685.0917237605165,2826.6513875891824,661.9807372827433,1696.9776986791694,2841.0226091487307,0.02999999999974534,L,K
DCB_se2_ag1_f_01_1,26271,AY1,10041,my,750.9623996178727,1713.683181602123,3120.9958910352784,839.3616172337238,1717.6724843597756,3109.5589341799737,835.6983883331669,1723.088106672154,3121.576251597868,0.25,M,
DCB_se2_ag1_f_01_1,26275,EH1,10043,well,669.5177188109135,1165.8816669270016,3010.2967703222535,673.6594506728006,1164.3650309501086,2948.683422764027,655.9005853834017,1268.6727831149847,3116.716989250883,0.03999999999996362,W,L
DCB_se2_ag1_f_01_1,26278,AY1,10044,my,822.30308210242,1700.5619894798106,2646.9011978394833,941.7446035926333,1772.3310102675052,2728.8086450025885,795.8337970346937,1837.4978327625695,2897.3502166366507,0.21000000000003638,M,
DCB_se2_ag1_f_01_1,26280,AH1,10046,uh,663.4172942170215,1556.9373393802068,3106.950522043833,985.5020815032456,1865.5091354457136,3201.7953153582453,972.8449484717875,1957.61409872479,3348.3339202762904,0.2699999999999818,,sp
DCB_se2_ag1_f_01_1,26287,IH0,10051,his,494.7789994084892,2014.3384463838888,2957.397981163085,517.3381558127362,1959.9625018277798,2975.7172606336712,494.55920635379414,2062.3404490117937,3016.103063296786,0.03999999999996362,HH,Z
DCB_se2_ag1_f_01_1,26291,IH1,10053,his,523.1062242123588,2159.2344258561807,2952.261105044438,626.0420476593916,1859.9387919564156,2899.2607853769446,479.1784689137038,2446.2828798316013,3266.7032414164532,0.09999999999990905,HH,Z
DCB_se2_ag1_f_01_1,26294,AA1,10054,mom,741.5340912751882,1320.1214941308726,1547.7459982438356,777.3371669012307,1165.1821851254826,1485.3641827380816,749.2547039815906,1515.2776265053421,1605.574580368643,0.07999999999992724,M,M
DCB_se2_ag1_f_01_1,26299,IY1,10056,she,490.3200176013153,2713.1597560423,3150.2870104691897,493.39751853943187,2743.698854847859,3165.126372366588,486.1275057945957,3057.529234395427,3736.8845932730355,0.03000000000020009,SH,W
DCB_se2_ag1_f_01_1,26301,AA1,10057,was,642.6974765062457,2027.0834304223467,3356.766307523143,660.6961789526428,2104.278848022918,3362.5186631611095,662.8378021140724,2118.144431496235,3369.390588958769,0.03000000000020009,W,Z
DCB_se2_ag1_f_01_1,26304,AY1,10058,like,691.5964052960854,2083.60839876042,2959.764240764726,698.1001959208111,2221.8223198479855,3495.8341280598042,697.1760178197164,2252.6470152345764,3497.6082561703174,0.03999999999996362,L,K
DCB_se2_ag1_f_01_1,26308,IH1,10060,didn't,803.3312680095559,2232.492878966667,3303.4861826221168,830.6387312387561,2217.988339678321,3212.2368685182955,817.9708176767305,2253.5937416422744,3299.3293312368874,0.14000000000032742,D,N
DCB_se2_ag1_f_01_1,26311,AY1,10061,i,874.3676634679285,1889.504915673812,2620.4070840740496,879.6857135805229,1956.3308089923648,2586.652954189881,703.0661329861724,2266.94918609368,2536.8467357951854,0.05999999999994543,T,HH
DCB_se2_ag1_f_01_1,26313,IY1,10062,hear,614.2455136012627,1605.2203227426608,2937.2759745242784,615.2983938673566,1490.8918200740427,2814.3432279502485,605.9934052728029,2788.8504850059935,3367.405316697496,0.02999999999974534,HH,R
DCB_se2_ag1_f_01_1,26316,UW1,10063,you,481.7800730912006,2231.0107656489417,3102.778983283825,572.286578027063,2336.7372362252304,3090.8770889101284,567.1480927188439,2511.530549627348,3119.048164683173,0.05999999999994543,Y,T
DCB_se2_ag1_f_01_1,26318,AO1,10064,talking,787.4740985319065,1581.6489352185142,3186.1421754374483,788.4678100246249,1588.3675398539074,3192.0978467701234,788.1427686166929,1595.1547659204498,3197.165294622031,0.04999999999972715,T,K
DCB_se2_ag1_f_01_1,26320,IH0,10064,talking,591.0826482525953,1338.1570110699033,3268.9154339414845,668.9482291001937,1510.6119398271787,3331.6359200864795,665.4431067691949,1538.0224322868298,3340.0170952009175,0.03999999999996362,K,NG
DCB_se2_ag1_f_01_1,26322,AH0,10065,about,451.1521194629348,1411.853659458142,2923.154969463134,521.9736939152664,1297.5531246041223,2408.3821402531316,470.51715421007304,1452.1987341613813,2936.757821644121,0.04000000000041837,NG,B
DCB_se2_ag1_f_01_1,26324,AW1,10065,about,891.317160986823,1470.2476132756608,2756.447511918735,905.4308479433411,1455.3469691057526,2761.1170631904265,739.7967588802003,1610.5756420957302,2887.8617217213337,0.04999999999972715,B,T
DCB_se2_ag1_f_01_1,26328,UW1,10067,you,508.66733528692123,1427.7209427596395,2931.8840519939295,524.3544468855807,1553.5553945415743,2961.8193482907172,521.797036205088,1625.0913378627877,2983.6153942226892,0.0500000000001819,Y,G
DCB_se2_ag1_f_01_1,26330,OW1,10068,going,516.5690112305078,1189.8611698615716,3132.2896201319395,572.1527590495896,1167.271640685792,3365.3086265740385,520.4089024196396,1227.0776254378286,3044.8809217334565,0.05999999999994543,G,IH0
DCB_se2_ag1_f_01_1,26331,IH0,10068,going,615.8351871686951,1417.2460429919902,3204.6137224895238,617.2761015694665,1464.3368372676157,3170.161702705472,551.5455329817298,1513.9358558937006,3016.7323224634615,0.05999999999994543,OW1,NG
DCB_se2_ag1_f_01_1,26334,AH0,10069,to,546.9547118656074,2046.0796256104716,2848.723568472511,591.2684013634188,1857.6513869826117,3031.5669515097943,452.66871790937137,2446.844037238724,3205.3878020662487,0.04999999999972715,T,Y
DCB_se2_ag1_f_01_1,26336,EY1,10070,yale,515.8482124137998,2391.258322645275,2900.2676759209307,683.8821571375984,1732.6471134761464,2911.9023316897365,468.14110757896816,2718.7824136982867,3070.4619845207976,0.11000000000012733,Y,L
DCB_se2_ag1_f_01_1,26340,AH0,10072,and,694.492891925285,1802.9776511665675,3108.794496533994,766.0843825310236,1829.8416527763154,3133.5084014495874,653.2779621568908,1878.2380051498808,3151.704617227607,0.05999999999994543,,N
DCB_se2_ag1_f_01_1,26342,AY1,10073,i,876.5149296313438,1804.6203218508651,3043.448164914943,928.9072329495502,1677.1257594227038,2953.8673914404253,863.7672395807921,1848.9442384275717,3099.290644762473,0.04999999999972715,N,W
DCB_se2_ag1_f_01_1,26344,AH0,10074,was,508.8656964945834,1607.9667066609309,3100.8690783368074,603.8117860637285,1505.3548342801748,3092.3152286931554,507.1766183548372,1605.97908003192,3098.9542943544952,0.03000000000020009,W,Z
DCB_se2_ag1_f_01_1,26347,AY1,10075,like,599.9293784880937,1988.3211966229023,3063.3890353773136,625.8926883200369,1912.568166371218,3082.302246776131,580.2255186709336,1998.6549195554323,3024.4134883649717,0.03000000000020009,L,K
DCB_se2_ag1_f_01_1,26351,AE1,10076,grandma,750.0590958683403,1058.3832024862784,2305.5101584605163,753.7836582946244,1107.4444642601297,2354.5573966696757,733.6548554688732,1176.1011495421114,2329.832727111155,0.03000000000020009,R,M
DCB_se2_ag1_f_01_1,26353,AA0,10076,grandma,826.6984332540447,1417.3076584226555,3520.3929023800642,857.7659941566321,1496.6945940127482,3449.0675465903905,853.9628337764279,1496.1964725496873,3464.316003873217,0.06999999999970896,M,AH0
DCB_se2_ag1_f_01_1,26354,AH0,10077,i'm,731.1989539550963,1408.1651076987305,2712.585032879651,834.381679891121,1490.831900569997,3463.8656997049648,834.381679891121,1490.831900569997,3463.8656997049648,0.03999999999996362,AA0,M
DCB_se2_ag1_f_01_1,26358,AE1,10078,black,852.6905492446532,1784.8326566834728,3082.6699805469552,920.1427560014138,1928.4343054579547,3105.556747812225,871.1859632754274,1968.221711028053,3076.12602396556,0.09000000000014552,L,K
DCB_se2_ag1_f_01_1,26361,AH0,10080,and,820.7267105394621,2044.6137660168863,3109.7322380475284,1024.1785428418714,2098.8538955392896,3195.432584116825,783.3431844384957,2108.5717914990055,3296.4793720383955,0.03000000000020009,spn,N
DCB_se2_ag1_f_01_1,26365,IY0,10082,the,434.7696797044819,1675.4066156888596,2620.0772836042274,659.5447220655645,2360.4318989776284,3333.866962963569,623.7138452470261,2397.1221564507687,3436.32346369071,0.07999999999992724,DH,sp
DCB_se2_ag1_f_01_1,26367,AY1,10084,i,1106.6586612523683,1921.043893380811,3279.9241846324917,1285.2425280981467,2041.6844096632512,3569.098476388753,1289.9987233811307,2054.7732573426924,3563.1809156166046,0.02999999999974534,sp,S
DCB_se2_ag1_f_01_1,26369,EH1,10085,said,585.5977915799006,1783.7408348955037,2744.1464820634897,831.7932521037765,1944.7852345905487,3086.4542629519033,636.452106598778,2296.8145440277126,3394.8809896048488,0.04999999999972715,S,D
DCB_se2_ag1_f_01_1,26373,AH0,10087,that,874.8807933147178,2077.616347519432,2989.637777048527,909.4308540671547,2101.3660533261536,2977.442796301533,899.4468157934682,2094.5023029873973,2980.9056666586735,0.02999999999974534,DH,T
DCB_se2_ag1_f_01_1,26376,AE1,10089,and,733.1068272834517,1488.9541584386996,2471.254002194878,1428.5606438051568,2420.745172044193,3558.8076447208564,812.730083916206,2581.078933276004,2887.409782312999,0.13000000000010914,sp,N
DCB_se2_ag1_f_01_1,26380,IY1,10091,she,477.8572631659413,2309.0179387014955,2680.9015548375833,508.3654161858598,2147.377065155966,2614.2780835298945,441.8491071411745,2398.717083286991,2690.1235648595516,0.11999999999989086,SH,sp
DCB_se2_ag1_f_01_1,26383,AA1,10093,was,473.3118128220919,1288.489155997639,2405.2598280283164,487.9243851452047,1198.1712221824178,2346.3652399700604,403.73242459091375,1583.2573829859602,2430.753302669457,0.03999999999996362,W,Z
DCB_se2_ag1_f_01_1,26387,AY1,10095,like,517.4426894622693,2403.116365299746,2823.5876433034027,532.3347397711593,2548.9877127538175,3388.4164555183906,532.0056369414433,2600.4865634386133,3605.9943877196215,0.03000000000020009,L,K
DCB_se2_ag1_f_01_1,26390,AH0,10097,and,865.4762034143196,1755.4562936381353,2850.3093190457735,912.4892975052721,1660.140191305306,2809.9544194709392,880.9737143045252,1795.9054680658037,2847.8751425089495,0.02999999999974534,sp,N
DCB_se2_ag1_f_01_1,26392,AY1,10098,i,906.7430733613251,1791.4712057901322,2870.3124324643627,1020.8546978655926,1776.2130923493846,2852.2707373230387,907.0361507835021,1809.4760487652054,2767.005494158954,0.07999999999992724,N,AY1
DCB_se2_ag1_f_01_1,26393,AY1,10099,i,1073.8504923617559,1468.843197994543,2758.552959599831,1096.097769351698,1421.137919605073,2780.622782730876,1001.0840772722172,1541.021631761899,2768.764168121143,0.09000000000014552,AY1,HH
DCB_se2_ag1_f_01_1,26395,AE1,10100,had,680.3847626303645,2200.4894811004615,2775.238941040917,702.9788953756896,2087.653166349545,2637.636571764214,697.7095979071767,2294.6635135108327,2708.232003081256,0.03999999999996362,HH,D
DCB_se2_ag1_f_01_1,26398,IH0,10101,to,591.2194838614193,1837.8338878736974,2761.288828236529,603.4917466014825,1803.0936285239272,2637.4174524410305,511.3482907268295,2128.427868961466,2897.648881482591,0.05999999999994543,T,EH1
DCB_se2_ag1_f_01_1,26399,EH1,10102,f,420.9864984196646,1569.7536957471607,2785.3595399000437,567.8453481925729,1758.917355766238,2647.554499888342,539.8710990143825,1820.3589915552452,3192.630197249937,0.03000000000020009,IH0,F
DCB_se2_ag1_f_01_1,26402,AY1,10104,i,854.3885043089143,1712.1354019201644,2639.3976256097453,958.8012656871359,1784.1525248858666,2618.5554742398663,930.8602058568553,1849.2159947107468,2596.867768884529,0.11999999999989086,sp,HH
DCB_se2_ag1_f_01_1,26404,AE1,10105,had,685.3454868342349,2047.3276824781278,2904.8010978344737,696.545548735669,2052.4642242497275,2838.3541230470514,692.2256726015289,2056.7653009379305,2848.4108630963274,0.03000000000020009,HH,D
DCB_se2_ag1_f_01_1,26407,AH0,10106,to,576.7532129375991,1948.5004797225574,2978.31625510823,660.7455064429187,1943.5244057564555,3077.6407804674654,563.3589198202183,1984.8884792809636,3004.049649020716,0.07000000000016371,T,TH
DCB_se2_ag1_f_01_1,26409,IH1,10107,think,594.8635631478168,1893.902267974269,2930.274873708535,609.9245853104319,2206.257848930306,3053.849727109625,605.279543698293,2259.8679478608096,2991.713842183094,0.03999999999996362,TH,NG
DCB_se2_ag1_f_01_1,26412,AH0,10108,about,495.3914501468175,1276.6689845382107,2690.811587420732,745.2011324178338,1601.6436871006888,2574.073664937296,745.2011324178338,1601.6436871006888,2574.073664937296,0.08999999999969077,K,B
DCB_se2_ag1_f_01_1,26414,AW1,10108,about,821.8159147994737,1463.036756561879,2985.7633985077946,833.3070259098627,1508.3863659668484,2995.5701986005893,778.5462190414029,1525.6553244592212,2786.8489395248944,0.09999999999990905,B,T
DCB_se2_ag1_f_01_1,26419,EH1,10110,when,668.7740158773018,1652.6786187181008,2774.615457422296,670.2316585213836,1611.6575923978917,2831.6208941381524,659.3152232987335,1674.790628949101,2710.6597689603427,0.05999999999994543,W,N
DCB_se2_ag1_f_01_1,26421,AY1,10111,i,792.3020799273718,1565.7922049961487,2682.9428124076226,810.9279436102952,1630.8456441099431,2628.145308280187,548.2793744085833,1722.4714046803397,2662.046305817205,0.13999999999987267,N,S
DCB_se2_ag1_f_01_1,26423,EY1,10112,sa-,572.1449852724817,1988.9898061466704,2606.837517785624,697.6456499192524,1960.9331059916835,2789.1734374838675,578.1312246233047,2050.6969663290083,2623.5923182534966,0.07999999999992724,S,AY1
DCB_se2_ag1_f_01_1,26424,AY1,10113,i,932.2491300572581,1592.7101715325741,2672.0286152188078,934.1725406591062,1612.0706222548542,2671.456824177098,696.4422829627176,2038.6836265873217,2826.726541699455,0.13000000000010914,EY1,W
DCB_se2_ag1_f_01_1,26426,AH0,10114,was,550.2406357128318,1232.2381008709035,2642.9462618038606,747.8186194548774,1336.5042051623373,2763.6362836453936,624.4791213504046,1486.6130258178282,2917.773835323523,0.02999999999974534,W,Z
DCB_se2_ag1_f_01_1,26429,AY1,10115,like,512.0327537832309,1966.875628264063,2910.0332894579233,529.7471288717422,1378.3649540346337,2903.0748612578336,506.2243799850535,2099.251841182899,2905.777710989572,0.03000000000020009,L,K
DCB_se2_ag1_f_01_1,26432,UW1,10117,ooh,531.6156021685745,862.7668674576438,2793.8741035885932,615.5659049812174,930.450103739411,2914.1187754114258,554.3552974025305,1674.502480622796,3093.6227190594773,0.25999999999976353,sp,SH
DCB_se2_ag1_f_01_1,26434,IY1,10118,she,506.4400891052038,2019.0636302902828,2671.3310167275486,515.1889602667319,2338.3675865042824,2801.2639008745755,490.8780886619468,2505.99553041336,4081.579116117456,0.03000000000020009,SH,W
DCB_se2_ag1_f_01_1,26436,AH0,10119,was,483.46391678488965,1712.4523867773541,2706.1747269111706,509.21215292999966,1709.5384985367868,2562.407245695425,470.0245210943241,1827.4814647340265,2733.5931252723653,0.03000000000020009,W,Z
DCB_se2_ag1_f_01_1,26439,AY1,10120,like,610.882340744822,1945.6862772082115,2518.0187330664558,640.3160685938109,1867.5794537739225,2583.209019427971,565.0621977940526,2015.3592849937622,2479.0558685506867,0.03000000000020009,L,K
DCB_se2_ag1_f_01_1,26441,AE1,10121,at,567.2810725741721,2381.9029339511794,2981.7457862668184,601.04159641362,2198.8065532188925,2985.985849236201,574.9936450105796,2397.6188369537686,2994.8519176609148,0.03000000000020009,K,T
DCB_se2_ag1_f_01_1,26444,IY1,10122,least,518.7031050616624,2682.4767677573204,3316.745118541257,533.1826881781716,2665.598369867956,3334.175523410957,511.13492208168844,2785.0932377678423,3068.8862505769425,0.07999999999992724,L,S
DCB_se2_ag1_f_01_1,26448,UW1,10123,you,469.8848786047067,2209.8822325997817,3092.0970010207243,578.4008522216927,2282.8825970395524,3699.0006121664046,578.4008522216927,2282.8825970395524,3699.0006121664046,0.03999999999996362,Y,N
DCB_se2_ag1_f_01_1,26450,OW1,10124,know,645.3684140590357,1389.9960447615588,2853.303895008089,646.0237021413266,1385.245499655768,2793.6584825203827,625.6102323449238,1618.797992917384,2784.0514474187084,0.07000000000016371,N,sp
DCB_se2_ag1_f_01_1,26453,UW1,10126,who,539.0232055240316,1271.0676697200556,3174.042727686529,585.58427954667,1110.9965307593554,3264.924737742699,517.3418725807633,1436.463084591365,3075.4285163737686,0.09000000000014552,HH,Y
DCB_se2_ag1_f_01_1,26455,UW1,10127,you,525.1657812799426,908.7385348085976,3069.8641207093306,756.4790611964441,1173.6714340183391,2903.9333321045146,423.739370081311,2557.5244220627897,3067.8779852807247,0.2199999999997999,Y,AA1
DCB_se2_ag1_f_01_1,26456,AA1,10128,are,858.0963741180543,1183.3359790775955,2849.9492560471062,1001.8174880415481,1398.4791494263122,2886.050284843047,998.9407362236423,1415.1496278471163,2887.9967062640626,0.0500000000001819,UW1,R
DCB_se2_ag1_f_01_1,26460,AY1,10130,i,646.6641704848142,1581.681140713972,1886.3589417231158,732.2493699585044,1588.1996414705736,2674.730344118156,732.2493699585044,1588.1996414705736,2674.730344118156,0.06999999999970896,sil,W
DCB_se2_ag1_f_01_1,26462,AA1,10131,was,633.9641289866228,1491.4003189388404,2635.735307777913,652.7255045300423,1389.305953385947,2636.2261487926507,625.317750411636,1494.871398846979,2641.4421603192773,0.03000000000020009,W,Z
DCB_se2_ag1_f_01_1,26465,AY1,10132,like,497.8072493578469,1843.762377515486,2606.7686319316667,543.6010114769737,1800.2648871822407,2726.6328347134777,538.4980625017856,2276.7671211402117,2784.57488223072,0.03999999999996362,L,K
DCB_se2_ag1_f_01_1,26473,AE1,10138,yeah,655.2636559730158,2061.9877709962493,2970.5735524176416,949.7979976553047,2244.1561077751817,3029.7556878959103,686.837001644756,2352.784175629598,2755.426801564217,0.25,Y,
DCB_se2_ag1_f_01_1,26480,AY1,10142,right,705.7124428842867,2013.5357712947375,2811.5111287199743,734.7199340365178,2228.4503707176714,2587.5187170289855,696.3059357213169,2291.313873161788,2542.2792889669454,0.08999999999969077,R,T
DCB_se2_ag1_f_01_1,26485,AE1,10144,yeah,600.6033577465959,1981.3328476992685,3073.5760532588697,723.1149256634095,1929.6850226624824,3024.755891561642,592.7465813776266,2358.3653543943997,2975.6795759355796,0.17000000000007276,Y,sp
DCB_se2_ag1_f_01_1,26488,AE1,10146,yeah,850.9814613514868,1581.6058019926372,2402.7760198511273,923.3749372426265,1806.2673879322308,2813.0351946044916,901.5270089939116,1854.7938370504241,3010.892860908829,0.30999999999994543,Y,
DCB_se2_ag1_f_01_1,26491,IH1,10148,it,672.3568163268392,2249.298611315777,3137.114171430131,828.7636240069176,2042.5768913341199,2315.811374630753,665.4463547044382,2249.298210365085,3132.0850037562136,0.03999999999996362,sil,T
DCB_se2_ag1_f_01_1,26495,AH1,10150,just,646.5684391957941,1834.9532218988643,3275.0310642184836,683.4028364769787,1913.9991740204114,3228.858440166308,681.7707947361612,1913.7799312103812,3235.875343094394,0.05999999999994543,JH,S
DCB_se2_ag1_f_01_1,26498,AE1,10151,and,890.0692065275102,1637.3116861698425,1986.5941127987765,916.0880864086066,1769.2897904550266,1984.342414464615,749.8209778732704,1997.0531920655799,2013.3669207523926,0.03999999999996362,T,N
DCB_se2_ag1_f_01_1,26501,AY1,10152,i,823.3083527762269,1689.0072730779746,2354.467125358893,875.0885179937164,1702.5814470217551,3267.57346189515,853.1684723655486,1744.25010895042,3062.8914595790675,0.11999999999989086,D,AO1
DCB_se2_ag1_f_01_1,26502,AO1,10153,also,715.0247177015221,1282.6451982953586,3280.381933293187,793.0927107899105,1579.8221110185627,3198.923491098833,796.3107979452863,1583.6862831347037,3219.5817931487386,0.1000000000003638,AY1,L
DCB_se2_ag1_f_01_1,26505,OW0,10153,also,621.1732935162626,1376.9851622525234,3434.309479038854,669.9648549616676,1418.7227108238708,3391.5879808938275,499.7023220838754,1460.5251455319712,3474.9807996324585,0.07000000000016371,S,TH
DCB_se2_ag1_f_01_1,26507,IH1,10154,think,628.6481124673534,2107.2390416652297,3097.5884455518776,630.7230889686078,2086.3167647863493,3098.6363253846844,581.2223280516748,2402.0362147170686,3121.9515989474567,0.05999999999994543,TH,NG
DCB_se2_ag1_f_01_1,26511,IH0,10155,because,472.7967977797831,2726.8435882587232,3058.691259872284,492.48474987482155,2588.623610212459,2929.3360229881227,477.402931846989,2765.572868023749,3086.733213141747,0.0500000000001819,B,K
DCB_se2_ag1_f_01_1,26513,AH1,10155,because,642.5424273080342,1660.3665233149761,3218.733614403526,646.5697978859929,1704.496006718621,3231.3750588902976,561.3782463449788,1785.4384787010997,2657.832016126141,0.14000000000032742,K,Z
DCB_se2_ag1_f_01_1,26516,AY1,10156,like,829.0017754752616,1858.5633766766748,2861.431963937653,927.1428804126521,1699.4566813850402,2578.722452968671,636.0673437736466,1991.723685147787,2990.3138663831373,0.09999999999990905,L,K
DCB_se2_ag1_f_01_1,26520,IH0,10158,with,637.5028519909937,1074.9466667071101,3329.0063649150206,637.0857231508892,1070.1181365282023,3329.832955600285,625.6812760074764,1076.6411356854262,3306.203819112566,0.03000000000020009,W,DH
DCB_se2_ag1_f_01_1,26523,AY1,10159,my,884.9912318913964,1455.7627613239547,2704.358918242595,876.6888614746821,1416.44986269624,1848.1915719431536,888.3124436952628,1856.809341961156,2966.769148392545,0.13999999999987267,M,S
DCB_se2_ag1_f_01_1,26526,AA1,10160,scholarships,893.3705403333024,1397.1111925866098,2525.9416734812435,893.1002213810253,1400.3948941219942,2527.020878407238,812.5567881069702,1622.9067960977331,2489.7717864759816,0.09000000000014552,K,L
DCB_se2_ag1_f_01_1,26528,ER0,10160,scholarships,648.5016911632827,1711.4128899579314,2482.6729839492627,732.3672546564925,1471.9258965634133,2843.5026383389595,631.870111174331,1848.3935715700518,3211.4125401334527,0.0500000000001819,L,SH
DCB_se2_ag1_f_01_1,26530,IH2,10160,scholarships,496.7093748310846,1876.7222215974111,2820.6067736607283,674.235820802806,1910.406587003904,3558.282792528943,486.002242777367,2034.9709210055494,3007.2021797126,0.05999999999994543,SH,P
DCB_se2_ag1_f_01_1,26536,AY1,10162,like,665.0581963207312,2365.796696806343,3381.9864345920814,770.1436001910971,1491.2031048128742,2037.978360928122,601.7995509998785,2606.8561798410933,3276.8232055512017,0.0500000000001819,L,K
DCB_se2_ag1_f_01_1,26539,OW1,10163,no,680.2408850983435,1116.8316067687178,3423.6453127825594,696.3127223000154,1008.3733244377198,3386.081801352438,599.2899879559129,1653.6240083349062,2796.760645025043,0.12000000000034561,N,W
DCB_se2_ag1_f_01_1,26541,AH1,10164,one,669.1870527172314,1338.8424321746209,2531.715451497283,714.1791545050065,1143.976144050791,2268.8039916383327,684.5390153419278,1471.0326193975593,3561.033516334291,0.06000000000040018,W,N
DCB_se2_ag1_f_01_1,26543,IH1,10165,is,642.382202070846,1835.7721301878387,3030.62895877701,663.4777049001618,1208.4939815771943,2399.458169252057,649.2360302259365,2384.4828797413484,3435.167867058049,0.09999999999990905,N,Z
DCB_se2_ag1_f_01_1,26546,AY1,10166,my,902.642932623387,1834.8656881970342,3208.8320537146033,908.6400677703689,1825.2154076354955,3172.119298124024,900.7694100697174,1850.787405496031,3184.1695073435385,0.11999999999989086,M,F
DCB_se2_ag1_f_01_1,26548,AE1,10167,family,634.1126170506222,2199.090803235362,3367.347020940591,652.2364014323028,1120.7072030233312,2195.2507030594697,639.945504852153,2210.7162984509055,3369.666153628831,0.10999999999967258,F,M
DCB_se2_ag1_f_01_1,26551,IY0,10167,family,475.26371586443105,2800.242854501365,3111.9802292988993,534.3964076220444,2638.274250999871,3127.4639324114,456.2063820832091,2928.1938579982457,3166.1773137064156,0.20000000000027285,L,
DCB_se2_ag1_f_01_1,26554,IH1,10169,in,523.8844833241915,2032.9243199086263,3077.0206435733635,645.9811293213592,2059.1300742831886,3111.5869605730386,599.9543270224349,2319.688624452191,3137.134160742619,0.07000000000016371,sil,N
DCB_se2_ag1_f_01_1,26557,AY1,10170,my,958.562499005441,1809.1629257088287,2699.8704311875076,1002.7582081609094,1809.2974726425475,2767.9823550246083,958.8422783808813,1811.354501068504,2701.623860055918,0.2300000000000182,M,IH0
DCB_se2_ag1_f_01_1,26558,IH0,10171,immediate,787.4393280074519,1751.4767542295479,3205.40987366177,792.1232187491979,1732.190470738036,3228.950329367005,761.286869235253,1780.5603099412162,3255.6225493259158,0.0500000000001819,AY1,M
DCB_se2_ag1_f_01_1,26560,IY1,10171,immediate,493.8901372834239,2921.3601337218215,3144.532026791077,555.408126765915,2824.3666138188833,3412.6899398890455,494.5473632249731,2922.433329732141,3149.606677091294,0.07999999999992724,M,D
DCB_se2_ag1_f_01_1,26562,IY0,10171,immediate,562.7375582042148,2698.760571040093,3158.2235390180977,600.9814103971038,2795.562323010408,3295.3010663112855,588.1018414683198,2824.7150452840424,3444.5383311480427,0.09999999999990905,D,AH0
DCB_se2_ag1_f_01_1,26563,AH0,10171,immediate,511.11208991896945,2038.150788382079,3080.868107079604,577.2067407423111,2158.7269904267846,3077.6219043162896,517.2825372572858,2235.287880399514,3109.337147350035,0.03999999999996362,IY0,T
DCB_se2_ag1_f_01_1,26566,AE1,10172,family,658.6494701185933,2129.294387952882,2981.9953990232234,677.565251175828,1970.8095079241,2453.401285006638,663.709690134929,2192.1862209698447,3228.1904008101737,0.11000000000012733,F,M
DCB_se2_ag1_f_01_1,26569,IY0,10172,family,599.0009457692872,2348.2142997281967,3330.6348973452664,604.0284871962447,1131.1155192442823,2369.824521762385,584.4941589958304,2443.4884543493035,3369.768222767693,0.07000000000016371,L,L
DCB_se2_ag1_f_01_1,26571,AY1,10173,like,705.6589182007593,1598.3776358654754,2606.9751306198705,816.163309747359,1802.1582838862855,3265.982910029437,674.017700570315,2096.093406899327,3199.5908077941444,0.04999999999972715,L,K
DCB_se2_ag1_f_01_1,26574,AY1,10174,my,891.1346130141592,1642.0711893863909,1821.50950574623,898.8327009575333,1630.7374192395002,1829.2625822255307,778.0142045311363,1828.9918494469348,3006.483595628079,0.11000000000012733,M,D
DCB_se2_ag1_f_01_1,26576,AE1,10175,dad,650.4431179987529,2378.418930950781,3333.6689921155635,651.679833480749,2378.3974255392395,3307.0399587957404,647.8418957257934,2375.5985489034956,3322.832720818775,0.19000000000005457,D,D
DCB_se2_ag1_f_01_1,26581,AY1,10177,my,931.8290996392856,1746.1290908247386,3020.5879632779843,937.3823757452998,1678.5218677507098,3199.5718702205822,880.2209295812113,1877.971167939746,3159.4054728084748,0.14000000000032742,M,AH1
DCB_se2_ag1_f_01_1,26582,AH1,10178,um,853.8174009147236,1548.1664247373799,3425.3401336947286,883.870922070509,1602.3929417405732,3370.932205433165,854.0219762043434,1618.4402242646706,3201.2293032176904,0.08999999999969077,AY1,M
DCB_se2_ag1_f_01_1,26588,IY1,10182,he,533.9809639064513,2798.170951158853,2917.9268137926933,575.1767783264875,2365.6887178674688,3179.5717613726947,552.3537255321538,2913.4367144193084,3811.948087834408,0.11000000000012733,HH,D
DCB_se2_ag1_f_01_1,26590,IH1,10183,did,557.6289466401728,2489.4841108411397,3176.2695787963617,1025.1345825654291,2359.4409873178765,3331.246914100199,483.0297426656115,2586.008047206732,3299.6626269586736,0.21000000000003638,D,D
DCB_se2_ag1_f_01_1,26594,IY1,10185,he,594.242281040672,2747.793499248985,3316.669024412768,652.8439916057123,2910.338467992186,3286.8951780242965,631.4940245474016,3000.1158392995426,3183.2953216697365,0.09999999999990905,HH,D
DCB_se2_ag1_f_01_1,26596,IH1,10186,didn't,532.12565380949,2513.98077193129,3214.5229002324063,903.6856279860575,2295.108784739121,3156.3696705912716,542.134065399086,2859.8793506715892,3209.5616194757836,0.2199999999997999,D,D
DCB_se2_ag1_f_01_1,26602,AE1,10187,graduate,629.895326535274,2055.155720717225,2883.2087741445025,656.4497666809672,1852.1596380298874,2644.0469008891837,605.934980928369,2329.2789840648898,2855.990964692938,0.1000000000003638,R,JH
DCB_se2_ag1_f_01_1,26604,UW0,10187,graduate,489.4692663550695,1253.021447198148,2828.936953723008,575.3060510196117,1539.2924652916029,3085.577797869657,466.0936729459041,2092.9162895179165,3159.6961551853265,0.09000000000014552,JH,EY2
DCB_se2_ag1_f_01_1,26605,EY2,10187,graduate,542.2355065435665,844.9329150004405,2676.434968058173,612.1435158268985,2247.2861826493086,3114.472593987189,565.1074473096834,2436.9932311873595,2978.7193791885793,0.07000000000016371,UW0,T
DCB_se2_ag1_f_01_1,26609,ER0,10189,from,631.0183544108198,1211.4963447565265,2848.1122004860267,824.4759269097137,1543.0200306704855,2887.052165994619,824.4759269097137,1543.0200306704855,2887.052165994619,0.07999999999992724,F,M
DCB_se2_ag1_f_01_1,26612,AY1,10190,high,928.7491960196496,1454.6235523508496,1846.0528149187198,1016.1981650242233,1630.767398435477,2253.1914129347506,708.3425111038424,1888.340081225924,1943.702434432327,0.11000000000012733,HH,S
DCB_se2_ag1_f_01_1,26615,UW1,10191,school,498.0433635575763,1083.9521212750958,2349.8721966239273,840.0283597436048,1652.7042940184524,2611.914106694834,495.36395840155745,1652.8112630778824,2852.352525005931,0.03999999999996362,K,L
DCB_se2_ag1_f_01_1,26620,AH1,10193,but,643.3473128235869,1655.2346870126298,2995.2206421027604,643.6202517724688,1591.416759653262,2978.5232091157486,629.976490207639,1920.1623725133352,3057.8844172522754,0.0500000000001819,B,T
DCB_se2_ag1_f_01_1,26623,AE1,10194,that,644.7044818463636,1967.6668294405476,2332.135925690544,658.643895883184,1882.0873141220497,3169.8872664068076,635.4156993693292,2028.2716408187357,2982.980949056221,0.03000000000020009,DH,T
DCB_se2_ag1_f_01_1,26626,AH0,10195,was,520.5387003908304,1527.4399494595891,2587.3040709841885,643.9836291332144,1628.1215259432663,3305.6822202374515,621.8934495068238,1682.307975473577,3346.338238479234,0.02999999999974534,W,Z
DCB_se2_ag1_f_01_1,26629,IH0,10196,because,504.2843334706201,2573.049453513984,3154.8574370690785,729.7904946335326,2440.640471052531,2996.3988481150886,469.00026920206943,2669.670517585681,3219.873662309694,0.07000000000016371,B,K
DCB_se2_ag1_f_01_1,26631,AH0,10196,because,612.0672845159264,1946.8227377971607,3216.5066989313914,667.3969557321094,2119.887124798174,3041.339768545283,643.7350958593084,2128.0998259392204,3066.5905904761153,0.09999999999990905,K,Z
DCB_se2_ag1_f_01_1,26634,IY1,10197,he,531.2492800749674,2364.2323974478777,3023.682499694218,562.5374059949493,2646.0712888442667,3210.9688500292395,563.1530465871331,2648.4403572143196,3219.5787079448114,0.05999999999994543,HH,W
DCB_se2_ag1_f_01_1,26636,AH0,10198,was,452.6119616131728,1721.8180482098076,3138.683716807567,465.2057053110787,1755.4926170816645,3088.5502858659584,465.2057053110787,1755.4926170816645,3088.5502858659584,0.03999999999996362,W,Z
DCB_se2_ag1_f_01_1,26639,UW1,10199,doing,519.0212824470011,1456.2758250253405,2186.909972829947,680.5655103421363,766.7081343330836,2135.4682598842405,529.625621775039,1931.8369116414328,3386.6331369926365,0.19000000000005457,D,IH0
DCB_se2_ag1_f_01_1,26640,IH0,10199,doing,677.2567689347986,1357.767322075912,3506.8437868134574,752.7238485326318,1547.7058000981638,3246.4996922803994,752.7238485326318,1547.7058000981638,3246.4996922803994,0.0500000000001819,UW1,NG
DCB_se2_ag1_f_01_1,26642,AH1,10200,other,801.4424895060102,1773.2912695223974,3237.299841871074,843.6222426703908,1682.007518500957,3086.3102866486465,741.3945761269418,1873.6822575054848,3262.5952610765485,0.1000000000003638,NG,DH
DCB_se2_ag1_f_01_1,26644,ER0,10200,other,575.7409916958522,1849.4155551689548,3224.247510182739,586.9020227723205,1851.3453542916839,3173.5224887077025,539.8377526727005,1937.0479647531558,3160.064665642575,0.07000000000016371,DH,TH
DCB_se2_ag1_f_01_1,26646,IH1,10201,things,560.7145122912823,2251.322075242206,3204.0500311542546,593.5445556923474,2464.059480599248,3283.26573186389,555.8594166105404,2493.574374274749,3273.0938519262286,0.05999999999994543,TH,NG
DCB_se2_ag1_f_01_1,26651,AE1,10203,that,619.5382121715824,2280.9123827564968,3357.8609844741327,681.8750166569392,2399.2771281555347,3318.194889731452,669.1183862749403,2409.4895443830856,3322.682766368795,0.07999999999992724,DH,T
DCB_se2_ag1_f_01_1,26655,ER1,10205,weren't,687.4975891612904,1611.990027328639,2023.6022635397078,717.1175610163478,1509.8541531563199,2022.5121668556437,683.1468034214472,1610.7598812963981,2036.46458603063,0.09999999999990905,W,N
DCB_se2_ag1_f_01_1,26659,IH1,10206,really,518.3896540058222,1424.0016025140533,2811.213224964532,526.0835649939381,1428.1745017625,2802.36518793597,486.5305523077983,1639.2473612991782,2945.9136810497243,0.02999999999974534,R,L
DCB_se2_ag1_f_01_1,26661,IY0,10206,really,489.7904245283991,1708.520950311543,2925.626544184923,659.6616326646022,2321.774059650619,3157.299761721423,659.6616326646022,2321.774059650619,3157.299761721423,0.0500000000001819,L,sp
DCB_se2_ag1_f_01_1,26664,AH1,10208,but,249.2723603779046,1506.7638701128535,2443.4492703504884,629.1095698609308,2235.9177045395236,3519.7750098486113,630.9997743592698,2249.4654360304066,3552.017894734533,0.03000000000020009,B,T
DCB_se2_ag1_f_01_1,26667,IY1,10209,he,468.29850491516567,2131.0360152610533,2709.224105707433,603.9080747840835,2942.7976361628844,3535.828035603594,603.9080747840835,2942.7976361628844,3535.828035603594,0.07000000000016371,HH,Z
DCB_se2_ag1_f_01_1,26671,AA1,10211,smart,947.2868297555743,1326.2262782172281,2176.7824530443277,984.2397781943683,1435.7145402828478,2195.337998630839,959.1749912773713,1497.2792846200507,2255.7923858376193,0.05999999999994543,M,R
DCB_se2_ag1_f_01_1,26675,IY1,10212,he,568.0705526815506,2606.4883212325785,3026.210741125323,628.9674910673402,2319.3989451912544,3140.802643138601,563.8342829992747,2739.1547701753357,2817.7023716323897,0.07000000000016371,HH,Z
DCB_se2_ag1_f_01_1,26677,AH0,10214,a,588.0067491635873,1622.6491598494829,3036.62396647667,711.8669627001885,1790.5161781783443,3159.1141061736985,711.8669627001885,1790.5161781783443,3159.1141061736985,0.07999999999992724,Z,S
DCB_se2_ag1_f_01_1,26680,AA1,10215,smart,951.1459040397976,1502.8367908959974,2135.456550714333,971.5506064791441,1472.8405478419854,2132.3984323943773,829.7636055507643,1532.4869838787583,2073.471486991486,0.06999999999970896,M,R
DCB_se2_ag1_f_01_1,26684,AE1,10216,man,730.5590233185864,2323.1803883988973,3380.536069114812,752.3827166081305,2304.220867718605,3319.2600786651933,725.4039806414601,2367.658647693348,3442.4891734669327,0.18000000000029104,M,N
DCB_se2_ag1_f_01_1,26688,AH1,10218,but,561.5305613784021,1577.6432595688038,3025.884852035171,630.1077075963153,2020.0392586738674,3181.2255005678026,630.1077075963153,2020.0392586738674,3181.2255005678026,0.02999999999974534,B,T
DCB_se2_ag1_f_01_1,26691,IY1,10219,he,577.1298717421379,2636.860957554993,3240.7957448550183,602.0399541633875,3006.8257812204915,3343.791063582006,597.6363796394459,3030.509057294259,3440.627007409985,0.07999999999992724,HH,W
DCB_se2_ag1_f_01_1,26693,AH0,10220,was,439.4123696654579,1654.632624046027,3178.1447751294527,446.23495066818685,1620.2729069390593,3221.0137510917807,440.9483127745243,1654.2853663305098,3156.3457727257337,0.03000000000020009,W,Z
DCB_se2_ag1_f_01_1,26696,AY1,10221,like,621.9348948138911,1966.5045188119384,3164.4018516441924,625.039034368007,2090.4844471644565,3163.5157724848673,601.0994786522823,2284.4508044768645,3031.8465033420107,0.03999999999996362,L,K
DCB_se2_ag1_f_01_1,26700,IY1,10223,he,579.493626884259,2815.8716553091367,2984.7311559700643,603.1569964374435,1585.8413789506244,3121.334170906395,587.8444914215792,2874.472579945531,3046.009373675531,0.05999999999994543,HH,W
DCB_se2_ag1_f_01_1,26702,AH0,10224,was,510.00403091081506,1547.4308249503924,3221.8136912809696,517.4298993440002,1579.9643706059692,3220.2844052323576,515.918490244783,1576.8073152721495,3221.688462448468,0.03000000000020009,W,Z
DCB_se2_ag1_f_01_1,26705,AO1,10225,bored,499.03591347183465,869.387954432864,3070.984609589522,689.673058776457,1041.1880001877141,2067.583139713448,682.7409679159223,1082.4771760490935,1983.766911002705,0.13000000000010914,B,R
DCB_se2_ag1_f_01_1,26708,IH1,10226,in,603.0787271236384,2272.15326237863,3036.66744059927,612.1687651934232,2338.9631688901154,3156.841371480034,608.8560636053309,2387.338143381698,3343.049692115354,0.09000000000014552,D,N
DCB_se2_ag1_f_01_1,26712,UW1,10227,school,498.87656911816873,1362.6992762424857,2984.776559326836,561.746475934756,1518.054410788116,2657.559486798264,561.746475934756,1518.054410788116,2657.559486798264,0.02999999999974534,K,L
DCB_se2_ag1_f_01_1,26716,AE1,10229,and,464.6018479217317,1820.162803204498,3083.305531227578,941.276512229406,1720.1524833063054,3082.61980499042,607.2567361550377,2404.5413903573854,3148.460703003294,0.05999999999994543,,N
DCB_se2_ag1_f_01_1,26719,EY1,10230,they,498.05079955517584,2305.375143224073,2915.9879126372625,506.4079573012031,1567.9250808068382,2887.1097612403228,492.6600326742074,2406.9091321718333,3038.122887046313,0.05999999999994543,DH,W
DCB_se2_ag1_f_01_1,26721,ER0,10231,were,497.2223296154933,1772.869151623795,2981.6398589485966,502.598000033151,1866.4051281288682,2963.519861258892,480.441527892505,1989.2315373583654,2879.8735834580916,0.02999999999974534,W,JH
DCB_se2_ag1_f_01_1,26723,IH0,10232,just,478.61629354970745,1940.4631024652256,3229.9736143582536,478.65472633406625,1940.6649949360783,3230.508254343384,466.2137676699672,1981.94549031762,3212.411141028861,0.04999999999972715,JH,S
DCB_se2_ag1_f_01_1,26726,UW1,10233,doing,535.4803304342888,1166.8902088899501,2623.455668106839,633.7174414462261,1075.4870075514568,2140.719718986273,449.20926413834337,1900.270924349631,3292.344095457811,0.07999999999992724,D,IH0
DCB_se2_ag1_f_01_1,26727,IH0,10233,doing,649.53305708666,1460.653595329724,2575.8570808214636,652.2790854363238,1371.2109602394823,2353.288038646391,620.5624713366727,1661.4866162446567,3117.8663023485065,0.03999999999996362,UW1,NG
DCB_se2_ag1_f_01_1,26730,AH0,10234,the,543.0210447308903,1870.5213577591946,3103.9571105182413,720.5635456928272,2040.1113934170637,3126.2315102039775,720.5635456928272,2040.1113934170637,3126.2315102039775,0.04999999999972715,DH,S
DCB_se2_ag1_f_01_1,26732,EY1,10235,same,595.0806880821016,2537.708003190754,3092.165802399636,669.0592426821944,2162.4493191937436,3012.7962878197764,520.5205485423716,2791.0756129431516,2876.023961675497,0.11999999999989086,S,M
DCB_se2_ag1_f_01_1,26735,IH1,10236,thing,585.0256033883359,2297.752563268289,3084.7652828261284,638.2171448725215,2040.9362294393043,3100.3723009338564,605.7139652127004,2702.615762348378,3186.2903717957215,0.0500000000001819,TH,NG
DCB_se2_ag1_f_01_1,26738,OW1,10238,over,532.2346976943194,864.2516590465273,3297.669441436898,640.3952270931723,1034.321870135778,3110.170179585962,589.5702986246527,1296.9532864736152,2772.3106523344572,0.1799999999998363,sp,V
DCB_se2_ag1_f_01_1,26740,ER0,10238,over,637.6062967194073,1332.4517339349532,1838.175787408932,643.4533988196962,1245.995000288279,2066.657078084721,635.5593910117725,1357.5343952379733,1878.6335734491065,0.04999999999972715,V,AH0
DCB_se2_ag1_f_01_1,26741,AH0,10239,and,589.1453697428665,1111.5961464406105,2092.353534590336,629.7360246833261,1260.2283610585764,2088.8560962117776,476.06087862522156,1383.9311207897133,2151.2869230718698,0.03000000000020009,ER0,N
DCB_se2_ag1_f_01_1,26743,OW1,10240,over,571.3717155631538,1081.915397570466,3002.2718084145067,655.5548637162294,1297.6239897131284,2501.849504052415,592.5379506465101,1630.109751009951,2933.9177072189923,0.13000000000010914,N,V
DCB_se2_ag1_f_01_1,26745,ER0,10240,over,603.0756418404162,1588.0676869252668,2287.717721001285,698.7324942856347,1789.9868817060253,2349.2197299618906,684.6036953216696,1912.8166957946721,2447.3959202337883,0.05999999999994543,V,EH1
DCB_se2_ag1_f_01_1,26746,EH1,10241,every,712.4457365580191,2049.6450508441717,2624.754583394952,744.7677958314474,2066.9715127153117,2296.8364382970453,701.4054808954617,2123.4707976579725,2402.5610441349527,0.13000000000010914,ER0,V
DCB_se2_ag1_f_01_1,26749,IY0,10241,every,514.9884993163822,1565.1516933387954,2940.1760028347144,519.4842716865741,2601.1521580045874,3393.1537826942863,514.0683640759521,2890.95163803393,3784.3678036901297,0.03999999999996362,R,Y
DCB_se2_ag1_f_01_1,26751,IH1,10242,year,505.9328766715211,2550.1500495865407,2640.1341124459886,576.0879091028861,2257.4541442711616,2582.91341501063,462.18078858038814,2704.7031636421702,2970.726250677592,0.07999999999992724,Y,R
DCB_se2_ag1_f_01_1,26755,AE1,10244,and,533.0538851773964,2234.56705920619,2971.652537449107,745.4005751796641,1850.7716278903554,2766.054471513917,519.5602167364158,2288.300440240403,3097.978826029953,0.0500000000001819,sil,N
DCB_se2_ag1_f_01_1,26757,IH1,10245,it,492.71673520149466,2121.47150125099,2997.3864713400044,518.3517314477893,2052.715625298437,3017.767037251411,495.40062538600813,2131.5652172245736,3011.938457022052,0.02999999999974534,N,T
DCB_se2_ag1_f_01_1,26760,AH1,10246,wasn't,663.788345339639,1711.7829595597293,3172.980673847074,676.068847372973,1552.1861969971576,3220.649635843622,643.1333429692193,1790.2193193419382,3167.455817181574,0.07999999999992724,W,Z
DCB_se2_ag1_f_01_1,26762,AH0,10246,wasn't,472.65111318105767,1897.0268977061348,3026.9860633859907,622.5473127843998,2117.3058682659494,3007.0313662961194,618.5409257214288,2124.2106029343327,3003.6122348098884,0.04999999999972715,Z,N
DCB_se2_ag1_f_01_1,26767,IH1,10248,really,611.8576388827836,1801.6978646189011,2690.3619013662255,614.776110061316,1701.3388727699446,2525.265344828558,601.8998369178379,1818.127062862291,2747.540485499821,0.03999999999996362,R,L
DCB_se2_ag1_f_01_1,26769,IY0,10248,really,592.0232366713894,2603.1158159656648,2776.7380387548947,589.6796255409026,2532.0053978307083,2773.255165349437,527.5043872745658,2665.836735512696,2833.3086979240097,0.05999999999994543,L,P
DCB_se2_ag1_f_01_1,26772,AH0,10249,progressing,504.601471640252,1343.2904896274295,2300.5484888260444,598.7792631210406,1417.7612445047587,2493.9798805865485,496.73989871820413,1495.8061966801693,2972.5762183233783,0.07000000000016371,R,G
DCB_se2_ag1_f_01_1,26775,EH1,10249,progressing,717.1575828333807,1811.4581070777817,2508.97628392829,725.4028240801595,1817.185596821799,2415.8596129876587,670.7360657053199,1980.7957818946409,2081.9287002585347,0.09999999999990905,R,S
DCB_se2_ag1_f_01_1,26777,IH0,10249,progressing,600.9735145279257,2057.744593149811,3003.3042892472276,765.3040872992096,2072.1781511143217,3246.8350281790954,596.9770587917043,2142.1792607646726,3208.6827283400985,0.04999999999972715,S,NG
DCB_se2_ag1_f_01_1,26781,OW1,10251,so,613.0676111206822,1357.7528600946537,3092.453521518743,650.801000655703,1686.427287674703,2997.4274477643503,570.3923082624141,1818.4311127187684,3093.6300146753456,0.13000000000010914,S,AE1
DCB_se2_ag1_f_01_1,26782,AE1,10252,and,630.1956943715172,1883.0587820926366,3167.4225350971387,634.4013723349568,1806.2626987908366,3057.9365116630092,627.5152939951448,1923.048594168756,3088.183960386587,0.03000000000020009,OW1,N
DCB_se2_ag1_f_01_1,26786,EH1,10253,then,642.803985845091,2033.8225380799506,2999.2621637059246,686.3260075909512,1810.0244616894076,2983.2583085117553,625.8948031589782,2087.5555403353287,3007.5404316145555,0.04999999999972715,DH,N
DCB_se2_ag1_f_01_1,26789,AY1,10254,my,872.9956821142016,1362.5752139147082,2372.710750272774,915.6608368684929,1414.6727937931794,3129.447624879255,909.8862161059008,1419.3959372147594,3296.8997108699878,0.04999999999972715,M,M
DCB_se2_ag1_f_01_1,26791,AA1,10255,mom,856.8454542592499,1460.1642312709728,3020.92985758687,921.1060719626543,1406.7239089523928,2620.0213813019113,821.5363654079105,1506.3321453006868,2222.468617551619,0.2199999999997999,M,M
DCB_se2_ag1_f_01_1,26796,UW1,10257,who,513.4159802287672,2065.4990757374635,3413.8217935969697,859.986683911299,1537.8695446313818,2813.0044970080185,573.068900008835,2810.6551169321256,3786.363351164303,0.30999999999994543,HH,HH
DCB_se2_ag1_f_01_1,26798,AE1,10258,had,679.0144212896789,2112.5570717999126,2678.7768871288754,696.733332300407,1819.2436285163253,2211.117459544672,694.7071215811877,2165.3257725862277,2697.5861967853757,0.0500000000001819,HH,D
DCB_se2_ag1_f_01_1,26800,AH0,10259,a,595.8726779977346,2216.953752693616,3309.608207559981,629.1484354947089,2160.456156955282,3267.0863631004927,611.0509144416386,2217.9831134947913,3173.4865376345097,0.04999999999972715,D,CH
DCB_se2_ag1_f_01_1,26802,AY1,10260,child,968.669254967269,1855.7358894603756,2556.0518643554346,971.3099272729094,1886.9443640766644,2499.097733043996,900.579318149659,1989.9842201853048,2533.603854177163,0.1999999999998181,CH,L
DCB_se2_ag1_f_01_1,26806,AE1,10262,at,534.0713045272798,1343.6112697539552,2724.862350336989,727.1316984005769,2158.5972473574034,3237.2039071169756,699.898192189771,2271.085002149653,3436.7381920705093,0.11999999999989086,sp,T
DCB_se2_ag1_f_01_1,26809,IH1,10263,fifteen,580.4161826415523,2255.1786068851106,3269.546146197447,580.4402526227924,2255.203424473154,3268.7348819984572,572.9226223190188,2273.1588811362735,3245.4439603812502,0.05999999999994543,F,F
DCB_se2_ag1_f_01_1,26812,IY1,10263,fifteen,626.054167028299,1339.2102180823285,2737.936268819216,688.4908893979419,2498.0492646707107,2882.1922839215204,673.6238036850327,2725.711049973339,2966.551655348203,0.1799999999998363,T,N
DCB_se2_ag1_f_01_1,26817,IY1,10265,she,597.6046704121899,2763.828881554474,3152.8093806483253,630.8168370031806,2502.7410794911757,3213.244270866995,605.5037076086044,2776.0325719027887,3173.4129178719386,0.08999999999969077,SH,D
DCB_se2_ag1_f_01_1,26819,IH1,10266,didn't,524.2293408417598,2450.0041819084113,3284.2181451604665,640.0025942322851,2252.3708143422205,3178.0269628453098,524.0361932916893,2453.770785333275,3278.855698119908,0.18000000000029104,D,D
DCB_se2_ag1_f_01_1,26824,IH1,10267,finish,638.0634756687225,2127.9010642971816,3085.914954363724,641.1674719441481,2104.973587337109,3107.9488307691995,618.574701011434,2151.839276149818,3030.3652604548693,0.03000000000020009,F,N
DCB_se2_ag1_f_01_1,26826,IH0,10267,finish,595.903588336312,2229.900124087006,3309.3102959868684,615.2763201877136,2252.3332818972267,3275.5008637829733,614.7810838259708,2246.2790398403054,3272.3595325993574,0.09999999999990905,N,SH
DCB_se2_ag1_f_01_1,26830,UW1,10268,school,531.4310341399171,1099.5137610201257,3140.8289431014528,539.8930482742152,1099.2728852610328,3139.0940229230328,479.0505152395638,1145.521922864371,2756.882183956002,0.03000000000020009,K,L
DCB_se2_ag1_f_01_1,26833,AH1,10269,but,535.5386673030598,1622.7228802598363,2322.708635968271,595.7066675086127,1369.4449254274505,2854.406534933803,574.2069929276983,1815.818277098508,3224.4029688025507,0.03000000000020009,B,T
DCB_se2_ag1_f_01_1,26836,EH1,10270,then,535.139660418665,2356.471381686586,3153.266843880147,546.9234117089773,2383.506657993656,3255.2990174049396,520.1681838667852,2392.865960713754,3263.862562354472,0.04999999999972715,DH,N
DCB_se2_ag1_f_01_1,26839,IY1,10271,she,530.0713062205507,2382.2024773993962,2830.5806491202597,537.7699536340139,2600.5342400335917,2920.928295419817,507.2599882035079,2702.592947196554,3206.1702612680947,0.04999999999972715,SH,W
DCB_se2_ag1_f_01_1,26841,EH1,10272,went,640.6476730912623,1527.268297070525,2961.5515812366457,641.7543457152066,1579.8838615713837,2971.603722068353,625.1160838820397,1663.5018836445772,2794.4161591520997,0.0500000000001819,W,N
DCB_se2_ag1_f_01_1,26845,AE1,10273,back,868.4834688347983,1866.2778978958104,2545.5079074875503,870.3871829628436,1900.9869689477562,2573.38763761351,869.2697190460751,1902.5411301891534,2570.545964976938,0.14000000000032742,B,K
DCB_se2_ag1_f_01_1,26849,IY1,10275,she,522.3239526927781,2350.3068184639305,3098.480201575177,532.3311863771656,1318.0239017785298,2672.9634002836897,531.048520935768,2465.804129508623,3006.035569289632,0.05999999999994543,SH,W
DCB_se2_ag1_f_01_1,26851,EH1,10276,went,627.8224092739035,1457.4446807600175,2763.3556420849245,627.8900822898347,1444.0917155081959,2742.3800861907293,622.8189309534146,1527.8362306636861,2853.746073425753,0.03999999999996362,W,N
DCB_se2_ag1_f_01_1,26855,AE1,10277,back,804.3576816610864,1725.472253039937,2383.3716575123985,807.6889122955718,1723.4661688208957,2385.7965089132535,764.1073857594631,1915.6423914138177,2441.3388283231952,0.06999999999970896,B,K
DCB_se2_ag1_f_01_1,26858,IH0,10278,to,475.9554904169364,1911.0742985284828,3037.289392222045,765.3169272305828,1987.5743800020118,3246.1382108720964,669.2936181611254,1988.703481658815,3235.735086789324,0.03999999999996362,T,S
DCB_se2_ag1_f_01_1,26861,UW1,10279,school,438.7497643653362,976.2979824584984,3030.7014621543235,555.8841443976941,1263.132955525506,2950.4448061638213,555.8841443976941,1263.132955525506,2950.4448061638213,0.06999999999970896,K,L
DCB_se2_ag1_f_01_1,26864,AE1,10281,and,648.9807998011726,2148.4158051619274,3313.4360045236344,1015.989944655842,2163.5945218473576,3196.1876062786387,603.2105658066023,2374.562543106408,3208.1468805124086,0.07000000000016371,sp,N
DCB_se2_ag1_f_01_1,26867,AA1,10282,got,836.0265651489397,1865.1341903060857,2442.642955943045,891.1389126077767,1872.2020126343707,2419.5314914122373,650.1645857437815,2101.7084160453346,2849.392418170166,0.09000000000014552,G,T
DCB_se2_ag1_f_01_1,26870,ER1,10283,her,575.765528229689,1655.3202210613729,2266.6621831276507,732.8214709482066,1795.4613468378147,2268.492924389882,522.4204499381743,2102.9236145798664,2962.2569848419953,0.11999999999989086,HH,JH
DCB_se2_ag1_f_01_1,26872,IY1,10284,ged,571.0697234384104,2953.359180620111,3265.4137671060453,575.7141699633283,2952.8905943223263,3151.9550245856544,563.5079568726146,2935.057205894521,3262.94808012151,0.15000000000009095,JH,IY1
DCB_se2_ag1_f_01_1,26873,IY1,10284,ged,569.3079825739628,2887.14984456803,3291.169075662363,568.6984854297261,2890.066304880385,3291.340076389525,567.8888021621673,3010.4470781024143,3287.1015254582326,0.07999999999992724,IY1,D
DCB_se2_ag1_f_01_1,26875,IY1,10284,ged,552.2169027130266,3019.2961231961126,3284.532130148863,586.0727932507459,2916.2816298883213,3000.275543671066,582.1083244223482,2975.9593493704583,3079.2096068093942,0.24000000000023647,D,sp
DCB_se2_ag1_f_01_1,26878,EH1,10286,well,504.8992245583554,1185.684801028693,2980.9656957797397,517.7838828063203,1379.7451957910519,3012.8198083557577,516.9275241319327,1504.5809023804131,3072.723755424415,0.03000000000020009,W,L
DCB_se2_ag1_f_01_1,26881,IY1,10287,she,542.7143215658347,1880.9880000852509,2901.6436488857235,582.4011317767614,1374.1328905025039,2666.2393226200966,494.5917823786031,2289.1398182353623,3475.9103117819513,0.03999999999996362,SH,W
DCB_se2_ag1_f_01_1,26883,EH1,10288,went,624.1515217846407,1649.5412813569676,2412.6815393109205,629.1104709742349,1612.6260829955086,2382.0663850715414,600.2053313522798,1897.9086269368997,2587.383067788049,0.0500000000001819,W,N
DCB_se2_ag1_f_01_1,26887,AY1,10290,i,651.2640189272887,1893.7672915195194,2661.332935102505,731.337848866874,1823.1223713765091,2556.2515397933958,700.7925968130479,2027.5014080701756,2682.2867181659217,0.07000000000016371,sp,sp
DCB_se2_ag1_f_01_1,26890,AE1,10292,yeah,483.16047602225024,2395.5756728801143,3169.812369754905,487.82244632762087,2359.8092476735023,3164.1219342300187,481.6562298944216,2464.228102498791,3157.1543701421033,0.03000000000020009,Y,SH
DCB_se2_ag1_f_01_1,26892,IY1,10293,she,517.0022589783441,2689.0320013478413,3117.3411471440663,534.396616712922,2696.305061309338,3156.098487388182,530.8663206430464,2718.5252782007865,3161.0597769419032,0.02999999999974534,SH,G
DCB_se2_ag1_f_01_1,26894,AA1,10294,got,677.2990305846139,1875.7191278837308,2572.0700166560396,707.0098646530774,1820.6789730904532,2510.389654978651,628.4149794999852,2096.8000117996344,2972.7719870620285,0.0500000000001819,G,T
DCB_se2_ag1_f_01_1,26897,ER0,10295,her,509.191146571874,2058.901052018139,2135.98003608798,605.1469118007882,1935.448436364267,2745.6607062133753,433.56652446773296,2132.834689369737,2979.4044645488016,0.11000000000012733,HH,JH
DCB_se2_ag1_f_01_1,26899,IY1,10296,ged,575.8165086208214,2784.2486381089843,3207.9706778877207,594.9620028827678,2882.0971046749974,3118.872658712564,565.8532752490647,2944.3217129751697,3174.059722889959,0.09999999999990905,JH,IY1
DCB_se2_ag1_f_01_1,26900,IY1,10296,ged,555.843950398528,2836.2545515554475,3201.29667786481,562.2243426348209,2652.8005860485778,3199.844016669742,476.9119392403406,2874.051921817209,3299.059931336156,0.07000000000016371,IY1,D
DCB_se2_ag1_f_01_1,26902,IY1,10296,ged,541.855679395305,2876.3296388583512,3261.997229117126,846.966894027357,2686.8156248298183,3689.6980079244604,553.0354103435133,2954.586425094799,3566.591335559912,0.21000000000003638,D,
DCB_se2_ag1_f_01_1,26905,AE1,10298,and,533.0566407263892,2559.7260742207845,3120.4539688774544,1036.454953700624,1488.8322298477071,2825.6125838579546,531.3301913853473,2558.565470054687,3090.131822607029,0.05999999999994543,sil,N
DCB_se2_ag1_f_01_1,26908,EH1,10299,then,617.0880054228801,2305.776590944188,2367.1917928781413,629.5815221272849,2268.8212564037076,3325.0257733641324,596.5391334924915,2471.083011421488,3458.4976283474557,0.15999999999985448,DH,N
DCB_se2_ag1_f_01_1,26911,IY1,10300,she,490.65899882136796,2387.803284430495,2981.785147091521,523.1676300212067,2570.431311427377,3040.0824362239478,486.36524358948583,2565.9801884430026,2700.2683034334286,0.05999999999994543,SH,W
DCB_se2_ag1_f_01_1,26913,EH1,10301,went,627.454014026003,1596.5048823720765,2658.113313877735,628.320254068102,1623.67690803502,3212.845624402441,614.918859854279,1784.2126385113238,3239.1301019027055,0.0500000000001819,W,N
DCB_se2_ag1_f_01_1,26916,AO1,10302,on,628.6963986355662,1192.868634004881,2085.143053682223,630.6676396928362,1212.2332347110635,2081.3636943397305,610.6515533317771,1379.7129457781034,1918.6461144697303,0.1299999999996544,T,N
DCB_se2_ag1_f_01_1,26919,IH0,10303,to,552.1120537326865,2083.3163756080626,3128.597609787706,565.723783377037,2052.410681101001,3112.6278204534133,542.429554285882,2091.0366913322423,3236.9954156495637,0.05999999999994543,T,T
DCB_se2_ag1_f_01_1,26922,AY1,10304,try,896.0784413688114,1654.447124225283,2298.7197391607046,914.5822753057946,1624.9945733827608,2338.9654131240595,761.64224855632,1778.4712739888373,2539.3076760669987,0.07000000000016371,R,T
DCB_se2_ag1_f_01_1,26924,AH0,10305,to,467.76190212280363,2186.5287709213976,3007.3143528219803,531.0731006118051,2038.733105328138,3002.560594148734,473.0472411193767,2396.123481882813,3041.4700828105615,0.07000000000016371,T,sp
DCB_se2_ag1_f_01_1,26927,IY1,10307,she,515.947239985652,2611.3490147547145,3058.2642315607227,519.2563706313367,2630.020496649784,3104.7003034798445,515.401851776629,2647.5303349702267,3114.030191213881,0.03000000000020009,SH,G
DCB_se2_ag1_f_01_1,26929,AA1,10308,got,743.6429745634314,1944.4438420834356,2628.1509616207322,743.2060850468494,1942.4085620588971,2614.9714174820842,608.2166589289959,2131.5206340677314,2897.8135439134435,0.0500000000001819,G,T
DCB_se2_ag1_f_01_1,26932,ER0,10309,her,601.6585666661088,1328.3871094991823,2064.5237980677157,617.350105253672,2016.0492048081057,2431.610042105728,615.955479423245,2025.1163395937895,2218.2536075298126,0.09000000000014552,HH,AH0
DCB_se2_ag1_f_01_1,26933,AH0,10310,associate,594.7968751810901,1982.9025296838097,2932.5279201200537,597.9816821932146,1964.565415247586,2987.9873111297334,575.7269645873719,2049.753883616115,2765.2831319300794,0.05999999999994543,ER0,S
DCB_se2_ag1_f_01_1,26935,OW1,10310,associate,536.7489916403592,1350.89096649277,3077.655159385358,642.4949603701448,1528.540155634443,3072.693618000476,631.6485735502049,1572.898370272072,3166.074231179196,0.08000000000038199,S,SH
DCB_se2_ag1_f_01_1,26937,IY0,10310,associate,421.6754731801385,2316.0470218508112,3332.258439880049,552.9069507119243,2286.8518489932576,3156.6192680311315,451.67448774004345,2361.771935151875,3265.1165622681438,0.09000000000014552,SH,AH0
DCB_se2_ag1_f_01_1,26938,AH0,10310,associate,488.17216192736873,2088.1254565473328,3186.6711123296654,509.41352979903905,2202.7806407403186,3105.1924504399135,508.2024608740122,2203.8929348690704,3103.5908513370427,0.03000000000020009,IY0,T
DCB_se2_ag1_f_01_1,26942,IH0,10312,degree,496.7930775387831,2042.9372829329652,3088.7116252947726,544.5068649778048,2064.0714844560102,3067.7737467262687,545.0739393734633,2065.0937261350764,3062.7014877867873,0.07000000000016371,D,G
DCB_se2_ag1_f_01_1,26945,IY1,10312,degree,561.9927226348285,2322.0415817155163,2793.2650941178163,570.0710633968517,2330.5902080497253,2789.6597326187116,522.5779784970163,2480.6569206450513,2607.843776334787,0.13999999999987267,R,
DCB_se2_ag1_f_01_1,26947,AY1,10314,i,849.7474967258411,1581.19852974087,1967.2896135951823,988.7796806245198,1906.7254747290867,3113.0292079323035,666.2949675982935,2032.8753804691182,3045.5543277235492,0.13000000000010914,,TH
DCB_se2_ag1_f_01_1,26949,IH1,10315,think,472.4455213111465,2133.515091141069,2250.6800299519014,631.4745471810111,2141.486893492095,2939.235543766471,467.4132826144927,2205.3074726478744,2487.358602170144,0.03999999999996362,TH,NG
DCB_se2_ag1_f_01_1,26952,IH0,10316,in,483.0688796152691,2246.9818130705876,3170.2957513669426,745.7254220922702,2256.765049278867,3124.2738632994265,483.1830607098352,2275.8706343122285,3139.888399198011,0.04000000000041837,K,N
DCB_se2_ag1_f_01_1,26956,AH0,10318,communications,466.7346689642249,1591.480772019838,3037.1343035212376,584.625388153938,1738.4038311356255,3135.1490819668056,584.625388153938,1738.4038311356255,3135.1490819668056,0.03999999999996362,K,M
DCB_se2_ag1_f_01_1,26959,UW2,10318,communications,533.1000098156396,2116.9872580838323,2958.722736877816,573.6678672335767,2072.457459263441,3015.957923058021,509.11452707008345,2151.8873314048096,2918.400454371977,0.02999999999974534,Y,N
DCB_se2_ag1_f_01_1,26961,AH0,10318,communications,569.3617366171416,2211.2582566760966,2447.0064237524107,584.565871829861,2180.220399658956,2387.2005277254007,549.251419283028,2326.2425074028793,2478.507103371356,0.0500000000001819,N,K
DCB_se2_ag1_f_01_1,26963,EY1,10318,communications,498.8151088761353,2439.03553420955,2786.9624877989772,602.2700852239901,1736.939514612377,2516.3146011944764,516.4558143638403,2698.6115082164697,2937.9118761949794,0.13000000000010914,K,SH
DCB_se2_ag1_f_01_1,26965,AH0,10318,communications,520.273047122857,2123.0917865138995,3078.6147238169106,575.797571958196,2043.2541702496326,3133.1953789622,521.8105365419515,2325.47291143418,3056.7861502640335,0.05999999999994543,SH,N
DCB_se2_ag1_f_01_1,26971,AH1,10320,but,569.2326661034521,1567.1046591950776,2970.0503745404826,593.1785408755942,1598.4843167492822,2989.2558694735394,593.3982747663044,1598.8115116472359,2988.294610383886,0.03000000000020009,B,T
DCB_se2_ag1_f_01_1,26974,OW1,10321,no,665.2803432888834,1246.4555428669607,2825.61582568928,672.9927577083338,1126.391534430167,2214.951844109362,623.9290959226449,1578.681189279709,3111.268079949849,0.06999999999970896,N,W
DCB_se2_ag1_f_01_1,26976,AH1,10322,one,725.1099613718643,1371.3886026643393,3073.855218069739,749.3001131164993,1202.568403163217,2062.11117353905,737.8083450705664,1550.9600738658846,2186.5036108822765,0.03999999999996362,W,N
DCB_se2_ag1_f_01_1,26979,AE1,10323,has,672.9985893027972,2162.720790909334,3164.415290647571,774.7838778702384,988.0309475668738,2100.206616183383,759.7783588955906,2138.558007843275,3192.6247057835226,0.07999999999992724,HH,Z
DCB_se2_ag1_f_01_1,26982,AA1,10324,got,930.8411137380508,1801.571716696358,2505.5591159045266,931.7703330977696,1799.4783972338116,2506.5187335984283,680.8859267832537,2093.275268944645,2455.8953154926185,0.07999999999992724,G,T
DCB_se2_ag1_f_01_1,26985,AY1,10325,like,827.8741893896251,1850.5507293819617,3116.4897447126737,884.7929000273392,1751.27670083401,2935.291861660136,765.0989367169559,2040.0154130106914,3272.660494665865,0.04999999999972715,L,K
DCB_se2_ag1_f_01_1,26987,AH0,10326,a,774.1119548873373,1590.6381890549505,3210.1157242182258,778.82520163251,1587.0465971403094,3199.0834847702467,679.1435814339696,1775.2811511232692,3165.137867037056,0.11000000000012733,K,sp
DCB_se2_ag1_f_01_1,26990,AE1,10328,master,673.1007556991128,2189.2938106453926,3098.6393611814874,751.952523492856,2062.2683345268665,3189.994926911274,681.542754492393,2195.3726474790988,3116.436511789558,0.15000000000009095,M,S
DCB_se2_ag1_f_01_1,26993,ER0,10328,master,522.0716067273391,1841.120140296438,3021.6395832709336,522.2150763845023,1841.4234542098288,3021.2678558178336,493.09572233422085,1862.3920770141908,2903.0905353067365,0.03000000000020009,T,Z
DCB_se2_ag1_f_01_1,26996,IH0,10330,degree,480.1971651594983,1753.1806872248112,2995.36661837742,496.92937153055857,1641.2885459216661,2972.722166195131,472.31192629967234,1753.2728531781463,2992.2582487301206,0.02999999999974534,D,G
DCB_se2_ag1_f_01_1,26999,IY1,10330,degree,551.6292155031648,795.3048700367825,1993.6051318749373,553.1900298388827,865.2393502932227,1956.0115168786515,508.74912534474515,1526.6106117354966,2348.1422279004355,0.03000000000020009,R,sp
DCB_se2_ag1_f_01_1,27002,AY1,10332,my,975.086492326853,1552.789816171947,2585.9130365690025,975.1450609016468,1553.0617781895307,2585.92637547047,964.0030829712819,1570.828456495853,1685.9423755884636,0.08000000000038199,M,OW1
DCB_se2_ag1_f_01_1,27003,OW1,10333,older,681.0578374372843,1198.0245381390014,3145.1836690980263,822.2555840944414,1321.7017204456565,2646.213439727373,811.7169812287449,1335.669459876967,2785.5386988634973,0.07999999999992724,AY1,L
DCB_se2_ag1_f_01_1,27006,ER0,10333,older,517.6493395832334,1793.6637700600097,2494.671290691167,540.3474800355664,1864.013310650006,2066.3718995363015,536.5749185961889,1855.3962564960311,2142.9221669092944,0.07000000000016371,D,S
DCB_se2_ag1_f_01_1,27008,IH1,10334,sister,512.5686472723909,1714.4435894002727,3015.2069857236506,537.3659419982639,1730.4815462497243,2879.8197986341565,493.98858128388673,1745.6853492825637,2980.0861090714307,0.06999999999970896,S,S
DCB_se2_ag1_f_01_1,27011,ER0,10334,sister,575.8895783251,1949.6685861391713,2584.7267684536023,780.6599451637476,1952.1747360037743,3042.273377995085,537.0976753745389,1996.8790122105377,2159.000664279149,0.15999999999985448,T,
DCB_se2_ag1_f_01_1,27014,IY1,10336,she,541.2381872532663,2697.713874449477,3055.9893274178603,597.9447052230241,1525.1344563819807,2917.744042185115,548.9871536496427,2813.1006408981766,2910.3724579108007,0.15000000000009095,SH,AH1
DCB_se2_ag1_f_01_1,27015,AH1,10337,um,765.4001408048557,1457.2560911037951,3064.9054158133586,804.3475002372102,1480.5529733520161,1495.9879601046018,597.9447052230241,1525.1344563819807,2917.744042185115,0.11999999999989086,IY1,M
DCB_se2_ag1_f_01_1,27018,EH1,10338,went,618.2828332248334,1357.3596477764386,2921.988786202723,643.1676050487246,1066.7908460916763,1990.2379146945816,615.4219856175248,1749.926171977947,3097.7507237481927,0.03999999999996362,W,N
DCB_se2_ag1_f_01_1,27022,AH0,10339,to,550.589591691895,1511.9083576213916,3219.4616558548537,603.7349957742331,1675.4664769884637,3079.243651720642,558.715086018478,1820.3989150428192,3156.0538714811573,0.0500000000001819,T,M
DCB_se2_ag1_f_01_1,27024,EH1,10340,medtech,567.9234436541349,2363.6504744842005,3063.0228088203116,624.6428235565746,2270.9329692606807,3085.210857022681,565.7402351503706,2391.448139712396,3207.333907363601,0.13999999999987267,M,D
DCB_se2_ag1_f_01_1,27027,EH0,10340,medtech,665.404211258849,2108.2892598454687,3062.3895140168597,666.0479184787799,2107.0173837624966,3060.063610720867,573.4890971924536,2292.673597423842,3171.2470463419045,0.16000000000030923,T,K
DCB_se2_ag1_f_01_1,27031,AH0,10342,and,543.6515163479914,2544.159956943883,3295.776882650301,1022.4138584297806,1943.527024655039,3186.048224722089,493.27085519122755,2578.8418978938,3295.497982917774,0.03000000000020009,sil,N
DCB_se2_ag1_f_01_1,27034,IY1,10343,she,547.9662719678863,2611.548214493334,3087.7839874909314,571.1273044575024,2524.7410009656487,3048.8904676712264,558.936069544808,2664.3170262777635,3149.1668026379452,0.05999999999994543,SH,D
DCB_se2_ag1_f_01_1,27036,IY1,10344,d,458.10367381100014,2189.3755109708995,3166.6978446504086,487.5163669960373,2125.4400521260372,3159.9773272100624,454.5048836044175,2201.7743971178993,3154.2248673244917,0.05999999999994543,D,L
DCB_se2_ag1_f_01_1,27038,AY1,10345,like,729.0347390185043,1833.796452164194,2742.5075779196063,761.0718551357423,1629.7004000853015,2714.2252742345913,609.129274635452,2028.6619134928117,2735.7256748595587,0.03999999999996362,L,K
DCB_se2_ag1_f_01_1,27041,IY1,10346,she,534.7329104841144,2268.007284944681,3152.5533081745043,649.8295725166976,2373.462083475953,3374.6111195771855,588.9375435563413,2370.9122948989507,3395.218961928894,0.03000000000020009,SH,D
DCB_se2_ag1_f_01_1,27043,AH1,10347,doesn't,621.0635298617287,1904.5634040557718,3230.3145573001225,622.520478989333,1954.9258379683681,3172.1165983170335,561.1162086113852,1961.9083848819962,3166.4246842713,0.06000000000040018,D,Z
DCB_se2_ag1_f_01_1,27045,AH0,10347,doesn't,500.51768808952113,722.4695121523162,1844.2787515652972,542.4640623343366,1807.292750102478,3438.1603922223935,497.5116940284455,1854.8993390949202,3237.2860486535924,0.03999999999996362,Z,N
DCB_se2_ag1_f_01_1,27049,AE1,10348,have,752.8345388814103,2084.0517178229707,3214.4886562349607,763.271035993346,2072.298887334763,3174.4115605479033,760.6314049507516,2070.541008418421,3123.948776020337,0.07999999999992724,HH,V
DCB_se2_ag1_f_01_1,27053,AY1,10350,like,635.7255735100821,1084.1355664798566,1942.0934074327747,651.6347523784082,1535.5983178660335,2735.864191820619,584.4507086997819,2112.267492825259,2794.748208430759,0.03999999999996362,L,K
DCB_se2_ag1_f_01_1,27056,IY1,10351,she,556.7124344804738,2534.8314637355484,3179.667190758485,584.5670043889446,2377.0959524553027,3194.391698524819,554.2038871387246,2543.962351422446,3171.8404176741114,0.04000000000041837,SH,D
DCB_se2_ag1_f_01_1,27058,IH1,10352,didn't,474.0882078770317,2448.285229712002,3138.437123348496,523.4476301844786,2192.3454234800156,2831.3016107106546,457.8942704699292,2549.189380178384,3243.3872730528515,0.05999999999994543,D,N
DCB_se2_ag1_f_01_1,27063,OW1,10354,go,586.2312941763544,1351.8767949629205,3141.2636106974737,592.3777314772657,1256.9226657936156,3091.564866993179,506.9534281153382,1597.069944401173,3151.900544996232,0.06999999999970896,G,T
DCB_se2_ag1_f_01_1,27065,UW1,10355,to,433.11117560325374,1127.0970838246649,3312.1496756145925,784.7834511414067,1497.9662174980883,3324.3264685293534,784.7834511414067,1497.9662174980883,3324.3264685293534,0.05999999999994543,T,AH0
DCB_se2_ag1_f_01_1,27066,AH0,10356,a,445.43737448676114,1858.873244161869,3116.2135912063695,475.2863305539296,1537.9423339620544,3219.2228359138862,452.54661460969004,2476.9309648399044,3215.7212844440814,0.07000000000016371,UW1,Y
DCB_se2_ag1_f_01_1,27068,UW2,10357,university,544.7151621689022,1628.7157868473978,2800.809620122893,574.0931720708794,1690.8751263299582,3039.153908354366,468.1848510567387,2217.665835814,2694.725668855625,0.06999999999970896,Y,N
DCB_se2_ag1_f_01_1,27070,AH0,10357,university,556.8167758132606,1591.9756954048112,2875.1840685317266,564.756088868833,1565.4019594683084,2749.921952582303,533.1534387322243,1629.8642210057415,2649.1108050720477,0.03000000000020009,N,V
DCB_se2_ag1_f_01_1,27072,ER1,10357,university,640.0551291390674,1494.5927591064649,1758.5049993692176,640.2190211243355,1492.6756551067829,1758.8218230228692,589.9704842253424,1577.5238474836767,2178.474667833334,0.09000000000014552,V,S
DCB_se2_ag1_f_01_1,27074,AH0,10357,university,495.46692631780644,1991.3706570647907,2913.6046881373613,602.9440834843886,1877.0715963961554,2708.6082242228617,502.8902432209845,2046.3719964702652,2831.7980268964984,0.04000000000041837,S,T
DCB_se2_ag1_f_01_1,27076,IY0,10357,university,520.2202070087128,2315.1536792411093,2888.5215355001965,1632.9658410223028,2798.208383705666,3980.26558925866,487.85707609615054,2740.689873795838,2829.341399922809,0.11999999999989086,T,
DCB_se2_ag1_f_01_1,27079,AH0,10359,a,610.1866157351157,1513.5604002231314,2962.5120266378317,724.77824357635,1532.9096965818314,2994.5374251796393,592.7302074278101,1558.6501057194566,2961.591776835116,0.12000000000034561,sil,K
DCB_se2_ag1_f_01_1,27081,AA1,10360,college,925.3455387068452,1387.7663084312535,2958.746042513883,990.8874047931379,1399.8896353002185,2852.0766592289347,703.117903061086,1449.3552373259565,3056.257855095734,0.13999999999987267,K,L
DCB_se2_ag1_f_01_1,27083,IH0,10360,college,507.92136879903063,1753.9159427734235,3067.5134709054187,835.6888287407714,1439.0818952244972,2927.3588400860103,538.5900064962361,2058.729413374418,3194.641519383728,0.09000000000014552,L,JH
DCB_se2_ag1_f_01_1,27087,OW1,10362,so,634.8188030589185,1074.981900696355,3225.762004536243,933.7714492491295,1472.1068375834184,1990.6418687586452,928.8607725307625,1578.2272644494672,2240.340685669209,0.13999999999987267,S,AY1
DCB_se2_ag1_f_01_1,27088,AY1,10363,i,944.6327919632014,1398.706175458516,2540.423127599154,1010.2766307026641,1417.4646425632318,2210.5560861709487,920.35944042369,1542.6155851021354,2365.0196590723212,0.12000000000034561,OW1,W
DCB_se2_ag1_f_01_1,27090,AA1,10364,want,705.9386665051992,1387.9746504509988,3388.3140054696573,750.098791446532,1227.8028602861311,2359.991563341476,661.8464070508932,1585.503132019326,3342.3484210802326,0.04999999999972715,W,N
DCB_se2_ag1_f_01_1,27094,AH0,10365,to,572.3735882267963,1839.189917660022,3282.6253320051223,589.8863988032125,1820.18301165047,3295.2240037071297,562.4469228530786,1933.8656857514754,3480.2322485266627,0.07999999999992724,T,B
DCB_se2_ag1_f_01_1,27096,IY1,10366,be,527.1171985115504,2169.7429666686767,2837.0411322632044,571.1908445200812,2393.069122075972,2946.870308733322,555.0239062655609,2638.7378062728544,2906.853236036127,0.05999999999994543,B,DH
DCB_se2_ag1_f_01_1,27098,AE1,10367,that,743.1054706931783,1590.2991516168768,2937.2750313944375,800.0081731836837,1792.5676508904303,2677.3019032367524,634.8149733083186,2057.8221968617095,2599.1714095971665,0.04999999999972715,DH,T
DCB_se2_ag1_f_01_1,27101,AH1,10368,one,687.5721792268444,1514.253126866748,3310.315691044249,749.6696177684412,1660.4400357122863,3281.4240132201253,667.4372985336628,1822.666988907586,3231.8932250122716,0.08999999999969077,W,N
DCB_se2_ag1_f_01_1,27103,AE1,10369,and,678.2016775582724,2106.6994279421915,3129.987087771322,707.1728033464699,2050.108520297662,3192.6373187595696,677.0718744467896,2109.1666219217873,3100.772923531509,0.03999999999996362,N,N
DCB_se2_ag1_f_01_1,27105,AY1,10370,i,754.0659405204849,1278.0875836819037,1977.9432772089333,802.9446520008592,1516.8237545179468,2325.9635656341065,675.0257791996363,1954.6193687287569,2954.8081641983895,0.05999999999994543,N,TH
DCB_se2_ag1_f_01_1,27107,IH1,10371,think,506.2561584068395,2170.5746961300356,3181.4558730412123,571.2514292744861,2026.1193295132837,2917.641928908665,523.0486200578796,2329.3434982985877,3053.9428960049922,0.03000000000020009,TH,NG
DCB_se2_ag1_f_01_1,27111,AE1,10372,that,682.8076815249349,2161.104863200969,3195.210800344433,711.0937514162582,2166.6638196748163,3226.159511974908,659.7842690228433,2185.3671506052297,3235.994333685214,0.07000000000016371,DH,T
DCB_se2_ag1_f_01_1,27114,EH1,10374,ever,829.1192076025189,1812.917469918518,2412.747582454792,843.0905140335713,2040.3550684776696,2417.5998251092965,752.3203937821007,2105.608620963607,2257.0912241016513,0.11000000000012733,sp,V
DCB_se2_ag1_f_01_1,27116,ER0,10374,ever,475.6391023750651,2074.280259794339,2692.586641264282,598.0069912186958,1832.2368345783875,2739.7026477989634,479.49597606496593,2141.626232322001,2688.474495681693,0.07000000000016371,V,S
DCB_se2_ag1_f_01_1,27118,IH1,10375,since,501.0729512300295,2003.2313014889503,2934.6001157785463,523.1556945866903,1933.1563291204134,3369.2345397814106,494.80185272800907,2004.9188227921316,3285.9143148906414,0.02999999999974534,S,N
DCB_se2_ag1_f_01_1,27121,EH1,10376,everyone,724.3748561415994,1830.9503466555939,2448.0185436145675,763.8971999662753,1878.3573530782826,2414.9159938454773,699.3143943980222,1941.4129766700307,2768.2022862729527,0.11000000000012733,S,V
DCB_se2_ag1_f_01_1,27124,IY0,10376,everyone,462.77897066454176,1389.7754509036015,2901.7367537074024,513.7263166684172,1305.8713245798567,2995.246911985384,461.19728324314525,1421.2998370052935,2746.6113485827177,0.03000000000020009,R,W
DCB_se2_ag1_f_01_1,27126,AH2,10376,everyone,648.7816673701483,1147.0705208193135,2185.6370630623633,665.5769019707408,1120.5316654811293,2046.8311558300536,627.0788873690891,1216.0940745376824,2334.9978056472733,0.0500000000001819,W,N
DCB_se2_ag1_f_01_1,27129,IY2,10377,before,532.4497608487181,1052.8433972958405,2992.1852216218904,614.4554127353452,1829.629096750846,3148.000731679822,615.2332016654784,1831.8551316015216,3150.0772811666548,0.05999999999994543,B,F
DCB_se2_ag1_f_01_1,27131,AO1,10377,before,541.3076211504515,901.1459773253642,3068.759771648022,670.6554557396615,1119.639918702856,2780.8126387467805,666.1895937000149,1145.5027021765818,2795.2437402349246,0.07000000000016371,F,R
DCB_se2_ag1_f_01_1,27134,IY1,10378,me,463.7245996274871,1670.7697055900787,2874.482916927202,552.9400884141535,1479.0306591377077,2832.149554051906,454.0780073737167,1693.0513915839406,2830.45849057458,0.09999999999990905,M,
DCB_se2_ag1_f_01_1,27137,AE1,10380,hasn't,686.8059078931581,1848.0718005891804,2142.9945560079327,762.170008938559,2007.505255827839,2483.4919174643005,757.5776267524685,2087.6084668523713,2870.9410671198953,0.0500000000001819,HH,Z
DCB_se2_ag1_f_01_1,27139,AH0,10380,hasn't,576.8893962839185,1955.3530054543078,2921.5704989559304,661.7270381792493,1994.3183015134557,2956.3711703255813,661.7270381792493,1994.3183015134557,2956.3711703255813,0.04999999999972715,Z,N
DCB_se2_ag1_f_01_1,27143,IH1,10381,really,596.7801209324472,1685.5371381518464,2716.116881743639,596.6555879111922,1707.5560486963393,2720.34875255905,585.4909232648154,2033.8575706386616,2811.0773582806983,0.03999999999996362,R,L
DCB_se2_ag1_f_01_1,27145,IY0,10381,really,541.5690640355261,2783.316064891058,3009.72338245909,572.9225453451018,2701.6138564189087,2969.25307277496,517.4293143463194,2801.7623190368463,2966.728840219223,0.07999999999992724,L,HH
DCB_se2_ag1_f_01_1,27147,AE1,10382,had,625.4246983691297,1308.0414865066775,2427.6326047961065,687.980168167276,2409.715541057845,3346.7693795553782,687.7994358554512,2404.8927725355343,3345.4843318123458,0.09999999999990905,HH,D
DCB_se2_ag1_f_01_1,27150,AH0,10383,that,595.4889516696823,2025.6442072864513,3125.1966040233738,609.4688738248162,2066.5228283907413,3174.671958437546,608.004575150091,2063.0683563905754,3169.6854010715288,0.0500000000001819,DH,T
DCB_se2_ag1_f_01_1,27152,IH0,10384,experience,577.6132315757309,2331.839509511055,3005.1952770188377,609.537561401067,2167.5798314064887,3032.6700166755923,581.5848625595753,2375.810263095741,3001.779341572456,0.06999999999970896,T,K
DCB_se2_ag1_f_01_1,27156,IH1,10384,experience,585.0679260346361,1340.841718534909,1782.7253770240563,630.891331893305,1402.8978093195108,1809.0657600675058,630.891331893305,1402.8978093195108,1809.0657600675058,0.03000000000020009,P,R
DCB_se2_ag1_f_01_1,27158,IY0,10384,experience,603.1790240657467,2408.022155927591,2514.605976530735,648.1445531428366,2007.0498784668275,2499.1497298373924,602.2046965707373,2454.630342502427,2528.7717284862806,0.07000000000016371,R,AH0
DCB_se2_ag1_f_01_1,27159,AH0,10384,experience,599.4162801799199,2365.080466406242,2950.139663803594,605.8065253854517,2459.1725932898444,2825.323167461111,605.8509152712528,2467.2318004044364,2813.512204277322,0.03000000000020009,IY0,N
DCB_se2_ag1_f_01_1,27163,AY1,10385,like,647.5620979898491,1324.5111674388127,2022.935991008795,672.3283737901702,1663.6829263497773,1823.3988911451916,604.4120801798196,2023.2444069718752,2708.7088279776594,0.03999999999996362,L,K
DCB_se2_ag1_f_01_1,27167,AY1,10387,my,823.0509844572517,1758.1790968623045,2257.733117962998,902.2068994261409,1529.8654987897346,1839.7741420986724,789.738057301011,1763.9613043106967,2302.3084425020675,0.09000000000014552,M,G
DCB_se2_ag1_f_01_1,27170,AE1,10388,grandparents,703.9033941277024,1801.3564478497008,2489.795380674177,725.9854794125054,1938.5576949271087,2230.658375394293,725.8554450363737,1960.2913370814822,2222.787922657015,0.09000000000014552,R,N
DCB_se2_ag1_f_01_1,27173,EH2,10388,grandparents,676.7521822631319,1514.142425799043,1691.199998873048,695.2237942696795,1358.5767251730663,1654.2980198239206,676.7219125252831,1515.194496394343,1695.7108730709986,0.03000000000020009,P,R
DCB_se2_ag1_f_01_1,27175,AH0,10388,grandparents,610.977255664907,1510.3571384532777,2017.0419751761426,658.3231425085659,1468.8095917369042,1971.2496990559557,605.0890749237544,1901.799705356133,2424.4983954078066,0.05999999999994543,R,N
DCB_se2_ag1_f_01_1,27181,EY1,10389,great,524.8185131135235,2006.5145983335165,2155.176883363113,657.4978558694274,1918.811291633538,2288.0816369053464,488.5992557030071,2026.9242397071812,2279.477452639558,0.03999999999996362,R,T
DCB_se2_ag1_f_01_1,27185,AE1,10390,grandparents,668.2667206002396,1315.5718613729457,1876.2993943045371,685.2623049866424,1501.4239015747423,1915.2056806436226,669.502995392903,1657.306070633858,2009.1784868845818,0.05999999999994543,R,N
DCB_se2_ag1_f_01_1,27188,EH2,10390,grandparents,622.9618709457922,1535.263722596047,2954.006013737443,674.1380580871141,1550.7176160030324,2569.9249032908824,664.7595538447678,1582.2140487500997,2396.800789932879,0.02999999999974534,P,R
DCB_se2_ag1_f_01_1,27190,AH0,10390,grandparents,635.1081632927516,1420.3606665956493,2167.170818129954,642.2396615997857,1786.4570005201276,2193.6576778917974,638.5119734692213,1799.9972767925956,2211.4786143797664,0.03000000000020009,R,N
DCB_se2_ag1_f_01_1,27197,OW1,10392,nobody,687.3556859541142,1312.4961653325531,3266.670606380928,687.8353052686297,1320.614902173741,3203.796652543004,634.413470476569,1698.5752125337758,3202.875297390389,0.09999999999990905,N,B
DCB_se2_ag1_f_01_1,27199,AA2,10392,nobody,879.6068524208321,1379.160939384678,1871.2189624690125,858.4429596640015,1461.0132102158816,1867.9926312405753,876.3766603342893,1894.1441405656644,2798.993128450831,0.11000000000012733,B,D
DCB_se2_ag1_f_01_1,27201,IY2,10392,nobody,603.1363588000972,2010.4748863173174,3373.9365636092098,803.6566273040022,1945.6230193838362,3090.5621799243163,528.1019436760816,2107.401995837519,2978.6505262917167,0.02999999999974534,D,sp
DCB_se2_ag1_f_01_1,27205,OW1,10394,so,588.5284221133261,1491.891447755316,3095.1242200505826,612.7741875870835,1507.1172132262254,3127.108433723243,496.9369872783848,1644.5215097032565,3058.4178998249754,0.0500000000001819,S,IH0
DCB_se2_ag1_f_01_1,27206,IH0,10395,it,628.5242620574875,1720.4562076782981,3185.784139457071,633.8721670663381,1619.0421999501284,3167.5269241883216,628.360745782035,1721.6953532919863,3168.056878810464,0.05999999999994543,OW1,T
DCB_se2_ag1_f_01_1,27210,AY1,10397,like,748.1420430304818,1976.2307408193738,3097.985818183538,773.616482600979,1984.5567687466496,3030.0005484788394,599.5136417767626,2107.961368118788,3037.3187899671793,0.04999999999972715,L,K
DCB_se2_ag1_f_01_1,27212,AY1,10398,i,993.5932891913955,1564.6640735661178,2195.6891502305393,1031.9872417567246,1449.2405427167168,2115.7391196245667,960.9171400461739,1691.0349161420402,2267.556756681481,0.11999999999989086,K,W
DCB_se2_ag1_f_01_1,27214,AA1,10399,wanna,668.887007449431,1404.548050940939,3323.1709464702494,675.3205416535532,1256.8705525466191,2864.289025894763,629.8955074013554,1622.1091138772395,3328.6515548084426,0.03999999999996362,W,N
DCB_se2_ag1_f_01_1,27216,AH0,10399,wanna,491.6002560201184,1547.8531407550156,2967.522950762221,601.1286124617407,1829.1477042382476,3201.19550811125,589.6524914182119,1885.5747479211495,3318.46379187526,0.09999999999990905,N,B
DCB_se2_ag1_f_01_1,27218,IY1,10400,be,524.9735192831256,2479.477023363241,2792.5262436715852,524.9736687524878,2466.8623272946943,2795.885630827108,512.0588913381231,2669.4957643101848,2843.4514355444544,0.10999999999967258,B,DH
DCB_se2_ag1_f_01_1,27220,AE1,10401,that,761.7251287089128,1988.5301775539278,3160.5231726180614,767.5101094816516,1795.1480105842172,3123.0627119854344,752.22479274754,1995.4750889346292,3169.0015988720925,0.07000000000016371,DH,T
DCB_se2_ag1_f_01_1,27223,AH1,10402,one,690.6146296009138,1525.3149528977756,3293.4855120709367,690.9395854807472,1538.9333369345975,3291.9097080661045,630.6260302484056,1663.8556391130885,3282.221422483343,0.05999999999994543,W,N
DCB_se2_ag1_f_01_1,27226,AH0,10403,to,553.1650684467148,2093.0176134003705,2804.5956054213275,591.8675872059657,2122.3576327730234,3045.0975035982797,546.4061220479257,2166.1918410048115,3254.8739302764834,0.0500000000001819,T,SH
DCB_se2_ag1_f_01_1,27228,OW1,10404,show,614.1650027177674,1275.0184311300352,3239.782472581258,640.342746738304,1550.8186665130213,3044.26655476297,620.9670475260884,1743.3877712674162,3265.6881222479083,0.07999999999992724,SH,M
DCB_se2_ag1_f_01_1,27230,AY1,10405,my,938.4626621896954,1248.7655488497285,1902.8551101362893,945.2669238779504,1079.975567856938,1970.072980947707,660.9708725116066,1944.2941151182833,2933.930096916382,0.13000000000010914,M,Y
DCB_se2_ag1_f_01_1,27232,AH1,10406,younger,722.5583509564109,1389.4370073697928,3251.778992783344,723.8807323812996,1458.349037125304,3220.0127951637614,531.7627523328032,2511.647374216683,3115.9800076060533,0.07999999999992724,Y,NG
DCB_se2_ag1_f_01_1,27235,ER0,10406,younger,483.8545118678771,2052.9378546244207,2869.1991174503105,548.1157806518935,2003.4550235548866,3100.6309379313616,485.9468622102025,2065.694498124501,2913.138270527192,0.07000000000016371,G,S
DCB_se2_ag1_f_01_1,27237,IH1,10407,siblings,601.9144851032922,1819.070789281922,2576.750164854129,655.395508007721,1761.1988295358897,2906.5472671903694,580.7122068205105,1884.9882956480137,3019.4680574984864,0.07999999999992724,S,B
DCB_se2_ag1_f_01_1,27240,IH0,10407,siblings,599.8668956312023,1406.2328879415118,2103.8225905989484,605.6234379236381,1774.173591530211,2334.852722259186,583.1489970833089,2269.0854649174607,3282.95346702322,0.03999999999996362,L,NG
DCB_se2_ag1_f_01_1,27244,AH0,10408,that,619.66900455769,2053.868114648269,3178.8047986483048,620.7117897290831,2060.4224002885385,3166.0716314069296,583.954041083864,2217.1272700934323,3170.6601909823853,0.07000000000016371,DH,T
DCB_se2_ag1_f_01_1,27247,UW1,10409,you,527.2643265097595,1647.8768816375575,2868.813277985533,564.8796495785008,1274.3513396820513,2921.5622309680984,521.2730772788952,2524.409201359806,3149.9031503557276,0.0500000000001819,Y,sp
DCB_se2_ag1_f_01_1,27250,AE1,10411,can,540.690640748855,2470.923223639903,3365.0232942188254,664.2624100832686,2558.593619009854,3232.36498154568,623.7822154379121,2668.5784678757254,3432.016118466451,0.1999999999998181,K,N
DCB_se2_ag1_f_01_1,27253,UW1,10412,do,504.4970160124143,918.2836895042244,2477.0915756710624,497.41282720102123,1937.1352754733025,3164.1844422659055,505.0510857409272,1947.4660961592351,3213.950027990329,0.13000000000010914,D,IH0
DCB_se2_ag1_f_01_1,27254,IH0,10413,it,569.5890532769097,1200.3250558813818,3082.3795149471616,621.236163022149,1307.527739114772,3038.395808780629,596.3755863705892,1328.3503613592768,3084.1798008456494,0.03000000000020009,UW1,T
DCB_se2_ag1_f_01_1,27258,AO1,10415,or,490.21184982353714,996.6577561536901,3081.3876961222422,806.2881057044262,1812.0698732833919,3128.2750957282597,806.2881057044262,1812.0698732833919,3128.2750957282597,0.04999999999972715,sil,R
DCB_se2_ag1_f_01_1,27260,IY1,10416,even,579.3820752535431,2000.5474249666458,3017.6752962095534,581.7125661632311,1974.5856182703299,3003.182990363011,579.9900695754059,2040.5738370805298,3011.9960304240244,0.02999999999974534,R,V
DCB_se2_ag1_f_01_1,27262,IH0,10416,even,558.4454124328192,1482.0118896037375,2887.6245718803543,582.581757767602,1517.3403627776288,2757.232998017984,495.20656398832386,1534.7729066368152,2864.0545462503005,0.02999999999974534,V,N
DCB_se2_ag1_f_01_1,27265,AY1,10417,my,711.9342731419098,1609.803554692117,2642.754348367294,840.0586645449317,1648.657904377521,2052.0209335321338,789.4441720076702,1743.2850820910828,2723.718570802032,0.09999999999990905,M,B
DCB_se2_ag1_f_01_1,27267,IH1,10418,big,567.1539883878927,2164.128565273099,2275.422537599898,570.7134840619681,2223.8451248041547,2285.826522230527,561.1448473973483,2308.6035797547984,2360.6689383856,0.0500000000001819,B,G
DCB_se2_ag1_f_01_1,27270,IH1,10419,sister,590.780263998718,1680.3613762310497,2996.929084280149,592.3760237717199,1680.9761216500262,2986.3313368378717,557.2331200310803,1802.0474913409835,2933.927102060671,0.07999999999992724,S,S
DCB_se2_ag1_f_01_1,27273,ER0,10419,sister,493.2656062649006,2130.1650956332123,2810.934813631681,557.9208608811397,2222.0595102978364,2689.967186922455,550.6660912190815,2225.701654689147,2663.357416102766,0.03000000000020009,T,IH1
DCB_se2_ag1_f_01_1,27274,IH1,10420,if,538.3731962338678,2189.2771596539014,2795.779384413124,564.7136172765319,2193.0189675886804,2718.152118997311,533.0055943250682,2199.9160701002397,2800.488273405116,0.04999999999972715,ER0,F
DCB_se2_ag1_f_01_1,27277,IY1,10421,she,640.8032310876692,1867.302146245279,2226.158885881632,701.2545356263088,1740.0228045310241,2547.392816745403,617.5504613310821,1921.2056791367183,2228.4760871387166,0.07000000000016371,SH,W
DCB_se2_ag1_f_01_1,27279,AA1,10422,wanted,799.7530832292639,1507.0569871248563,2189.9921924185674,817.0048744396157,1535.3256202342034,2937.122021236117,793.7864035929746,1543.2542832486372,2745.5927372656593,0.03000000000020009,W,N
DCB_se2_ag1_f_01_1,27282,AH0,10422,wanted,997.4086042518188,1774.2635195150485,3010.9748354971885,1091.6501208926866,1888.336081209996,2923.8146707091464,1091.6501208926866,1888.336081209996,2923.8146707091464,0.02999999999974534,T,D
DCB_se2_ag1_f_01_1,27285,AH0,10423,to,682.8292596524277,1976.137999794903,2475.6207269692195,833.2953163997475,1823.1614331267128,2468.323088179574,752.776464204452,2014.2141556882912,2428.5107649177635,0.03000000000020009,T,G
DCB_se2_ag1_f_01_1,27287,OW1,10424,go,703.6822413464471,1439.078966251233,2432.0810301605484,1167.9719319368899,2340.597259720465,3672.4668036739417,1225.6562739960377,2449.4096618760086,3824.095081919663,0.03000000000020009,G,B
DCB_se2_ag1_f_01_1,27289,AE1,10425,back,852.4851704002775,1656.233905465228,2364.232574434877,852.493351944699,1655.9033959322992,2360.5898974087145,838.709839021815,1666.9964789418611,2307.2484710588897,0.05999999999994543,B,K
DCB_se2_ag1_f_01_1,27292,UW1,10426,to,495.4704128292301,2529.2549055377117,2822.0054024043684,530.9931109626995,2515.7167142217377,2588.44473321036,509.66310482866135,2566.2071320246805,2776.5626449120296,0.05999999999994543,T,S
DCB_se2_ag1_f_01_1,27295,UW1,10427,school,571.7442253490927,1277.1178908587112,2580.8917039450366,715.2696718590038,1241.5564513153076,2975.299827112647,519.0048049787555,1572.4880264690707,2628.5416611979285,0.12000000000034561,K,L
DCB_se2_ag1_f_01_1,27299,AH0,10429,and,559.995289035728,1462.3500646367252,2557.344757496143,737.7591451965307,1805.6431233341345,3079.0928954885035,646.6877781630942,1872.386575201902,3024.310756345521,0.09999999999990905,,N
DCB_se2_ag1_f_01_1,27302,AH1,10430,the,783.5022575154657,1434.40431671983,2665.0306396023984,784.4874579473957,1429.9159828069005,2675.6656924537833,737.6465610055944,1688.0043872238411,2790.8589067775683,0.19000000000005457,DH,M
DCB_se2_ag1_f_01_1,27304,AY1,10431,my,917.1025451241092,1801.2898847404304,2586.179534374515,924.5158666456506,1745.1394608164421,2567.31259317219,752.6740748595112,1953.637923284032,2682.013976177518,0.08999999999969077,M,D
DCB_se2_ag1_f_01_1,27306,AE1,10432,dad,684.7512412270235,2574.5326120742416,3389.471640775589,709.1427227998157,2338.629763372305,3288.6073999541163,685.863374533002,2578.418647046409,3392.539267592507,0.15999999999985448,D,D
DCB_se2_ag1_f_01_1,27308,AH0,10433,and,493.82033384630734,1751.9313006971788,2667.7335132383714,526.8445518060502,1791.3082826252466,2782.201733597096,520.8431532005449,1860.448033218814,2821.503742043695,0.02999999999974534,D,N
DCB_se2_ag1_f_01_1,27310,AY1,10434,i,851.4970576172412,1830.8652690494034,2563.5248268597365,895.2215126856048,1758.5306156772608,2565.3704809159053,706.2266379177165,1897.5878552108063,2627.6281875955915,0.05999999999994543,N,T
DCB_se2_ag1_f_01_1,27313,AY1,10435,try,831.1651155609322,1805.9819843796952,2535.824269625008,856.4696471461224,1727.9080756084406,2441.078151786119,768.312980439888,1839.2440836829774,2555.085999282464,0.03000000000020009,R,T
DCB_se2_ag1_f_01_1,27315,AH0,10436,to,599.4760730130614,1980.3057984944398,2938.014314803963,614.2626693421427,2049.879088272603,2865.074506446786,613.8626200768668,2047.996792790996,2867.047882610796,0.03999999999996362,T,sp
DCB_se2_ag1_f_01_1,27318,AY1,10438,kind,915.9852707387025,1725.8324245372303,2398.0032148836713,955.4103762153558,1730.882981072107,2277.3280684780657,876.5729613904776,2037.8955180013004,2611.2447356435637,0.07999999999992724,K,N
DCB_se2_ag1_f_01_1,27320,AH0,10439,of,625.5876646036418,2093.9223562191546,3046.2661318161954,634.2202645822865,2155.667355144795,3017.811918787882,624.4733807785508,2211.660750670373,2739.8138385216644,0.02999999999974534,N,V
DCB_se2_ag1_f_01_1,27322,EH0,10440,encourage,597.5327166373792,2444.2757913257415,3249.58524245111,605.787117161115,2438.5520057148337,3254.8194161769893,575.7741506445236,2546.2566422658983,3233.129879786611,0.05999999999994543,V,N
DCB_se2_ag1_f_01_1,27325,ER1,10440,encourage,645.9311183474664,1712.3452988439706,2073.445170557718,714.2688272406796,1811.2218547404098,2117.581749140126,645.6711684675627,1887.719439227801,2266.057366717413,0.07000000000016371,K,IH0
DCB_se2_ag1_f_01_1,27326,IH0,10440,encourage,606.2983320741976,1995.4650311121352,2568.2299718867653,645.6711684675627,1887.719439227801,2266.057366717413,574.1174204846242,2055.2930218829474,2647.4116118577695,0.0500000000001819,ER1,JH
DCB_se2_ag1_f_01_1,27329,AY1,10441,my,865.3020166977059,1714.313753561773,2624.272875260989,879.9124640002119,1686.8677380100953,2306.663270882728,830.7100971177656,1872.4684004612052,2887.4120758665085,0.07999999999992724,M,D
DCB_se2_ag1_f_01_1,27331,AE1,10442,dad,630.6673076380436,2257.897382773241,2776.7427872084522,655.2158328549253,2202.2653768995565,2231.6034144646633,626.829267367789,2353.337433291561,2635.708803677568,0.08999999999969077,D,D
DCB_se2_ag1_f_01_1,27334,AY1,10443,like,727.1543499441518,2130.0363826455496,2961.379949203594,826.9695178345416,1915.0923719613038,3174.3196980438775,572.297620679998,2505.8418631202658,3013.5669861389524,0.07000000000016371,L,K
DCB_se2_ag1_f_01_1,27337,UW1,10444,you,541.7994896431074,1616.3541750625386,2801.7698156271576,556.4255686293361,1494.7475211590956,2926.547334659148,533.2731178662065,2260.286659785749,2955.0819918079133,0.04999999999972715,Y,sp
DCB_se2_ag1_f_01_1,27340,IY1,10446,need,530.5557012313852,2778.5817219422074,3127.5087650500013,560.1240313762293,2629.0917653943716,2989.796465577158,544.0381845270867,2821.7130455514457,3092.5447657304453,0.05999999999994543,N,D
DCB_se2_ag1_f_01_1,27343,IH0,10447,to,479.25032727081975,2091.3726121127424,3001.467842589762,503.30775741202046,2046.9264127679296,2999.5524415415875,461.97834616024056,2153.3822122580946,2974.990048343001,0.0500000000001819,T,G
DCB_se2_ag1_f_01_1,27345,OW1,10448,go,599.2868844492892,1181.4800320611596,2945.260984083898,604.6679623087498,1343.5609876479127,2987.8220107402512,528.1131713229452,1501.5983971726428,2989.476434543744,0.11000000000012733,G,B
DCB_se2_ag1_f_01_1,27347,AE1,10449,back,831.6174172628214,1830.134115484755,2565.1275712919028,842.779109713954,1791.5816900862674,2582.217903933964,680.2447165359818,2031.3208769560815,2795.2878970161255,0.09000000000014552,B,K
DCB_se2_ag1_f_01_1,27350,IH0,10450,to,457.2461937585459,1956.030196339162,3088.460769052245,614.9087942711527,2004.293693251781,3089.945980551544,484.2077226485421,2000.9459149181828,3101.9307835979253,0.0500000000001819,T,S
DCB_se2_ag1_f_01_1,27353,UW1,10451,school,530.7792409468889,1031.8395353029646,3046.3444167845055,539.6700296223466,975.0176855811927,3062.135853125692,503.69306687494975,1201.5343992284606,2922.9298081212064,0.03999999999996362,K,L
DCB_se2_ag1_f_01_1,27356,AE1,10453,and,603.1604258743281,2518.072194070117,3189.2718343855468,749.3889794152994,1934.6941253257228,2965.7437073109227,572.5562464731455,2740.257347973102,3208.151074321464,0.03999999999996362,sp,N
DCB_se2_ag1_f_01_1,27359,IH1,10454,get,550.8053282156353,2460.6007174243946,3144.8539062777963,554.4472357510492,2407.0881053700996,2998.286646683997,464.0096746722045,2653.2768912246015,3093.223411234149,0.07000000000016371,G,T
DCB_se2_ag1_f_01_1,27362,UH1,10455,your,605.6460775804139,1811.4797222089508,3283.117308209954,646.5007042153926,1605.4050892804157,3110.1416106920406,576.9259410687112,1885.124159077253,3143.2267568728016,0.02999999999974534,Y,R
DCB_se2_ag1_f_01_1,27364,AH1,10456,um,852.2189822151711,1298.9977797170886,1548.0487068937891,856.6641021885622,1280.6786879102467,1551.104716046416,813.0048041544977,1470.9564523126144,1721.9454771431579,0.2699999999999818,R,M
DCB_se2_ag1_f_01_1,27370,IH1,10460,get,480.6956812564063,2444.132094194323,2749.869510614244,579.9414916071686,2375.0395635726327,2730.939379635365,492.6939270616701,2601.3217630769864,2948.951357616943,0.05999999999994543,G,T
DCB_se2_ag1_f_01_1,27373,AE1,10462,and,555.3412898844254,2317.165238888881,3076.5966529833995,592.915348929935,2313.830705267039,3082.5181346323816,560.6243837827724,2630.5124038466265,2669.2632255956205,0.09999999999990905,sp,N
DCB_se2_ag1_f_01_1,27376,IH1,10463,get,465.4630140395008,2456.659694596649,2988.1128869375816,487.78062618824026,2444.497106606604,3009.360740114338,468.92738325920163,2526.5414514882436,2890.097929259631,0.03999999999996362,G,T
DCB_se2_ag1_f_01_1,27379,UH1,10464,your,563.6229923697117,1761.597873467778,3216.399607129263,593.2878281089627,1705.7821626230123,3229.1924313681106,557.5586828241533,1954.4240545773691,3234.197381038629,0.02999999999974534,Y,R
DCB_se2_ag1_f_01_1,27381,IH0,10465,d,512.1980910307142,1594.0877362120048,3213.6969593638514,552.1749793762519,1428.9455006693072,3184.2665273102048,509.8222890166876,1850.880341252588,3183.3698800857765,0.0500000000001819,R,D
DCB_se2_ag1_f_01_1,27385,IY1,10467,d,473.3681292806967,1920.988901133291,2885.3271531282026,503.7334991235682,1958.168399620477,2841.338109122495,440.86882444931905,2191.6005839391037,2663.5470157038985,0.03000000000020009,D,sp
DCB_se2_ag1_f_01_1,27388,IH1,10469,get,499.54405149528077,2283.0198916628096,3120.177418231803,520.6808428290173,2330.256733115949,3140.0326934727163,498.4277676667577,2855.1696377604003,4135.8029195247,0.04999999999972715,G,T
DCB_se2_ag1_f_01_1,27391,UH1,10470,your,533.4370269813456,1862.688164020123,3289.803770018986,591.3939943479751,1926.9411823367282,3345.1666360187905,591.3939943479751,1926.9411823367282,3345.1666360187905,0.02999999999974534,Y,R
DCB_se2_ag1_f_01_1,27394,IY1,10471,ged,522.9691841276593,2753.4064503199397,3605.7380522115554,540.6896425256487,2585.687972994804,3892.1477304762443,524.7542332698329,2736.2340875407244,3576.4323835130117,0.04999999999972715,JH,IY1
DCB_se2_ag1_f_01_1,27395,IY1,10471,ged,528.0572513491641,2696.660756663182,3127.164557920513,528.3422748052709,2691.979645342242,3123.9771630255436,510.21744123364584,2620.902306624503,3200.3170859164,0.13000000000010914,IY1,D
DCB_se2_ag1_f_01_1,27397,IY1,10471,ged,504.8179678789682,2846.0200438041447,3302.154455431988,584.3206636971858,1267.006506238389,2405.784791981132,521.4239236642744,2778.181569146182,3107.5789054899283,0.13000000000010914,D,AE1
DCB_se2_ag1_f_01_1,27398,AE1,10472,at,702.9135004529103,1243.8775273899323,2350.9083183031103,713.4716524579791,1857.8177120121982,2200.46369154887,690.8093679295557,2155.70012210773,2350.999734107664,0.07999999999992724,IY1,T
DCB_se2_ag1_f_01_1,27401,IY1,10473,least,514.1584075331265,1149.8692151683988,2856.6737829782965,548.1048128846221,1578.051555919382,2712.7977131431153,450.7110516837011,2534.6695925126473,3156.892788267767,0.13999999999987267,L,S
DCB_se2_ag1_f_01_1,27406,AH1,10475,but,663.0193081203298,1547.593862385867,2777.053101440819,757.0244735415138,1635.1737391484503,2658.911749891059,757.0244735415138,1635.1737391484503,2658.911749891059,0.03000000000020009,B,T
DCB_se2_ag1_f_01_1,27408,AY1,10476,i,761.0512343178265,1643.7633340127063,2765.7535024401363,870.9797130237382,1768.543737237588,2685.02962301604,868.8204570226002,1767.9261589133441,2687.498588654282,0.04000000000041837,T,M
DCB_se2_ag1_f_01_1,27410,IY1,10477,mean,537.7343086883253,1574.412999090893,2986.1303859761315,555.6545685031165,1518.8380208468702,3006.6272070969258,536.856392023419,1572.7892917372656,2986.156466206627,0.03000000000020009,M,N
DCB_se2_ag1_f_01_1,27414,IY1,10479,he,543.206394696535,2550.8647194736322,3047.7618041928145,560.3536446952961,2585.9827450347075,3210.6610598102534,527.169146188305,2943.37890128184,3780.300707032564,0.06999999999970896,HH,D
DCB_se2_ag1_f_01_1,27416,AH1,10480,does,644.346202324259,1683.315579480637,3274.392070874108,647.2883312738286,1694.328911908839,3279.6135975081547,485.8793262763824,2021.465472729755,3145.414079809254,0.09999999999990905,D,Z
DCB_se2_ag1_f_01_1,27421,IY1,10482,he,386.8847410593688,1788.1352466342169,3187.0960453082625,510.3603123460585,2521.0338738252653,3449.9295423403564,510.3603123460585,2521.0338738252653,3449.9295423403564,0.02999999999974534,HH,sp
DCB_se2_ag1_f_01_1,27424,AY1,10484,kind,962.5711444752477,1491.4741393383101,1771.3266668224542,981.3713829917848,1646.7116649465631,1702.263452940055,888.3096849909208,1710.0102480653884,1946.6125161196805,0.07000000000016371,K,N
DCB_se2_ag1_f_01_1,27426,AH0,10485,of,662.4652293273323,1454.7773191531332,2570.3356467370804,704.1709487104155,1798.9714496854958,3243.7952716089953,677.5638152644898,1847.7737685794202,3351.3490294480102,0.03999999999996362,N,V
DCB_se2_ag1_f_01_1,27429,AH1,10486,does,625.3717356354042,1614.989622959789,3326.1634376029738,633.0830118117821,1688.641506800499,3285.330194365301,490.89056909350273,1912.9453729357515,3186.5480226807454,0.09999999999990905,D,Z
DCB_se2_ag1_f_01_1,27432,IH1,10487,really,514.3990421327316,1642.839490206797,2866.692114742699,514.4530594709673,1642.9133982910894,2860.4453205062255,514.4329125360524,1642.885832672113,2862.7751975608817,0.03999999999996362,R,L
DCB_se2_ag1_f_01_1,27434,IY0,10487,really,491.76754395569156,2304.600501557882,3251.0032601807725,504.69608352253726,2087.602631580681,2810.136378971938,497.3352435184567,2334.3538814874305,2967.3631818806934,0.05999999999994543,L,W
DCB_se2_ag1_f_01_1,27436,EH1,10488,well,615.4249540314786,1286.313108570905,3119.7590662091907,620.9327369307844,1328.8052683788171,3177.976660238275,618.6983530581399,1389.3531094051216,3305.889055817338,0.0500000000001819,W,L
DCB_se2_ag1_f_01_1,27438,AE1,10489,at,607.8329310762227,1998.9530919072809,3325.5945618597334,619.0065067961041,1872.9867940091563,3313.70371299582,607.5980523780642,2037.858632671988,3238.590014862002,0.02999999999974534,L,T
DCB_se2_ag1_f_01_1,27441,IH1,10490,his,574.5450889890477,2226.223076917744,3296.889885374647,601.9107594721312,2321.357536292357,3369.2240597514888,601.9107594721312,2321.357536292357,3369.2240597514888,0.07000000000016371,HH,Z
DCB_se2_ag1_f_01_1,27444,OW1,10491,job,814.6591681531014,1434.138732800431,3162.965738089615,865.2394447039866,1477.3170967886267,3094.6486578996846,813.6853087961027,1684.522368852468,2912.2186554690056,0.29999999999972715,JH,B
DCB_se2_ag1_f_01_1,27447,AE1,10493,and,543.4258683696747,1445.6520820002713,2803.447649323695,675.5282170730416,2689.2299237591487,3540.012545719102,674.7037965666163,2687.005008476868,3541.191138013281,0.07999999999992724,,N
DCB_se2_ag1_f_01_1,27450,IY1,10494,he,563.0461224081669,3042.2452234047196,3825.106218363839,1002.650608778642,2826.469335194069,3528.577077112958,546.1315679202645,3177.7665648969096,3192.3566072446847,0.16000000000030923,HH,HH
DCB_se2_ag1_f_01_1,27452,AE1,10495,has,632.7021749923516,2068.9564672357037,3200.7880261087535,709.12586668933,2167.807882473384,2422.807505674015,705.4728378742959,2185.332474528497,2541.658570937089,0.05999999999994543,HH,Z
DCB_se2_ag1_f_01_1,27454,AH0,10496,a,499.22852920877534,1833.0913297773318,2991.5708616045877,558.3559283968519,1864.9376400116398,3139.4326655851005,520.2336830826579,1993.802280232434,3024.131675281171,0.11000000000012733,Z,G
DCB_se2_ag1_f_01_1,27456,UH1,10497,good,574.465593661384,1624.93361251607,2899.372798982487,603.6493163831227,1415.2078019036026,2945.2918931075983,506.70103186828146,1781.2511021736568,2860.5959107563513,0.05999999999994543,G,D
DCB_se2_ag1_f_01_1,27459,AH0,10498,position,491.7107887029898,1856.6105889334651,3195.7851650291755,549.8944482617874,1786.5651577362232,3289.3511752512804,514.6852693316174,1907.182627600292,3309.3294661662303,0.09000000000014552,P,Z
DCB_se2_ag1_f_01_1,27461,IH1,10498,position,544.6180230859411,2170.7073670084096,3191.4123159382725,561.7690300495418,2169.2239497856194,3171.1343206237193,523.0166373089094,2172.550676053829,3205.3751754685927,0.08000000000038199,Z,SH
DCB_se2_ag1_f_01_1,27463,AH0,10498,position,499.09636803560903,2089.890522437711,3574.0961828333357,595.7026456453722,2038.3068681834188,3552.719857141432,509.3822899198254,2089.693800738223,3645.3659366880484,0.03999999999996362,SH,N
DCB_se2_ag1_f_01_1,27465,AE1,10499,at,627.8319528399614,1427.6966556319048,2044.5345840962818,632.7239689333368,1511.704170540775,2714.456394518008,630.2926677088828,2093.885466626719,3261.02110518279,0.05999999999994543,N,T
DCB_se2_ag1_f_01_1,27468,IH0,10500,his,427.15537440879444,2083.3713106296186,3224.1730141367607,546.3160360827025,2059.551794799363,3141.4392344739963,446.80975781656116,2116.533457504486,3248.770975264815,0.07000000000016371,HH,Z
DCB_se2_ag1_f_01_1,27471,AA1,10501,job,598.0671896822859,959.9433983051713,1536.8053170765158,881.2039428250763,1479.2635333773546,2735.4330402225473,848.7552004625943,1672.8752030102592,3295.974086440665,0.10999999999967258,JH,B
DCB_se2_ag1_f_01_1,27474,OW1,10502,so,520.7018791809538,1061.8953077516721,3297.9433414046425,591.027943669273,1310.8334344648376,3437.596263412707,558.6477200391982,1463.0894883771664,3186.4068599637685,0.06999999999970896,S,HH
DCB_se2_ag1_f_01_1,27476,IY1,10503,he,520.721388862472,2595.654890461331,3230.967054307278,547.3356562867209,2523.83404593807,3150.195920255696,494.03918355304364,2661.766234107599,3171.9519952575984,0.04000000000041837,HH,D
DCB_se2_ag1_f_01_1,27478,AH1,10504,doesn't,635.1742536951812,1776.2593931382764,3251.946498598722,637.5708966367649,1772.670173708053,3199.786634997377,550.9519164211908,1945.403380542215,3192.2953134947447,0.07999999999992724,D,Z
DCB_se2_ag1_f_01_1,27480,AH0,10504,doesn't,586.6896437849447,1648.4216860321678,3268.3760181448743,634.9159092158827,1675.2864402564624,3176.3992801199333,635.1728550691668,1682.9763429176041,3177.8392560807197,0.04000000000041837,Z,N
DCB_se2_ag1_f_01_1,27484,IH1,10505,really,607.7630005697072,1617.761793844531,2708.7927651170835,609.3603281022323,1481.5407394608999,2644.3824681703363,600.8235291829973,1689.5163249006305,2778.4961821564902,0.03999999999996362,R,L
DCB_se2_ag1_f_01_1,27486,IY0,10505,really,537.2706744128079,1445.2936181693403,2904.600652585638,563.7158390302216,1573.3295926179665,2944.0552493201785,523.5178138064205,2494.4973736603456,2984.1592234783693,0.12000000000034561,L,
DCB_se2_ag1_f_01_1,27489,IY1,10507,feel,513.0112333282792,1908.4787732242037,3092.026315289383,660.6512423389136,1766.3596882873385,2014.2048628015143,494.60052635665573,2101.745429870903,3032.0231598448445,0.05999999999994543,F,L
DCB_se2_ag1_f_01_1,27492,AY1,10508,like,719.0715028877233,1760.9053552425773,3308.356654476972,801.8065305352226,1481.3617096216215,3306.618886964177,614.4144172044603,2290.9095616937425,3208.7299709793806,0.05999999999994543,L,K
DCB_se2_ag1_f_01_1,27496,IY1,10510,he,550.4487558812059,2159.574869692222,3088.0037981528744,561.1635080771113,1451.1758324048667,2908.9967243659135,538.8612145278418,2920.1386607940476,3372.864709205858,0.07999999999992724,HH,sp
DCB_se2_ag1_f_01_1,27499,IY1,10512,needs,477.90379603438055,1269.8006771929804,2988.87434875889,594.6419008537154,2743.9792565583384,3698.249279599429,596.427907908292,2962.7550843339063,3770.0173794812963,0.13999999999987267,N,D
DCB_se2_ag1_f_01_1,27504,AH0,10514,to,501.9118612142564,1736.720446540785,2941.170281729407,599.4784972515347,1878.8699334469293,3110.4336833056136,588.6223842736881,1904.642539795478,3040.8633756096037,0.06000000000040018,T,G
DCB_se2_ag1_f_01_1,27506,OW1,10515,go,678.5970158774212,1293.4300877523667,3325.9116399613176,673.1260869939357,1082.1130120261996,3048.466894807838,598.7188674198129,1560.5194149270612,3058.3202590564224,0.17000000000007276,G,sp
DCB_se2_ag1_f_01_1,27509,AE1,10517,back,802.7784621125597,1649.8559196641731,2873.183899363171,892.5335234777101,1797.1137177462651,2830.962233684533,892.5335234777101,1797.1137177462651,2830.962233684533,0.0500000000001819,B,K
DCB_se2_ag1_f_01_1,27513,UW1,10519,you,567.6871677479339,2404.7622252445367,3120.9193257102497,597.8329528082852,2342.2462599338683,3076.5148216488005,484.81873667809015,2651.395523624601,3227.7223495538115,0.09000000000014552,Y,N
DCB_se2_ag1_f_01_1,27515,OW1,10520,know,715.1102086762609,1488.652063798668,3562.568866602527,811.4972697294869,1535.587700004135,3688.3224946573873,710.9166963860224,1770.8099465408534,2027.035027538131,0.13000000000010914,N,sp
DCB_se2_ag1_f_01_1,27518,AH1,10522,but,620.3889687645958,1445.2438837257387,3076.4474741164922,621.3898503664361,1445.0224156977226,3070.24838955778,621.3445161351016,1447.5166064861196,3076.3690579190556,0.04999999999972715,B,T
DCB_se2_ag1_f_01_1,27520,AO1,10523,also,651.524780366428,1222.0518700055056,3215.618442503023,663.3097314194935,1345.8932852616947,3164.552480960233,660.8856111439005,1349.8698650363908,3173.379421532474,0.09999999999990905,T,L
DCB_se2_ag1_f_01_1,27523,OW0,10523,also,540.5184471623095,1321.862293879352,3275.7324093449897,588.1114514750916,1396.9449265720455,3307.301316256104,511.3428615896955,1519.2119330526368,3109.045578377742,0.07000000000016371,S,S
DCB_se2_ag1_f_01_1,27525,AH1,10524,sometimes,682.1239837031022,1511.230128029358,3432.454197865415,687.2641316089093,1537.0049201868126,3452.7432457603522,571.6401943399065,1600.6126052712132,3096.723400936997,0.02999999999974534,S,M
DCB_se2_ag1_f_01_1,27528,AY2,10524,sometimes,830.3598568916644,1634.671313951323,2478.0544175698824,853.0093126330705,1615.4965168005967,1987.0084824327507,758.1448004262252,1705.659711947212,1918.0761641835716,0.05999999999994543,T,M
DCB_se2_ag1_f_01_1,27533,AH1,10526,w,504.6448862965439,1190.9357135925648,2926.6958009037467,533.3353511704615,1890.6338755459203,3051.7310510282323,533.3353511704615,1890.6338755459203,3051.7310510282323,0.06000000000040018,D,B
DCB_se2_ag1_f_01_1,27535,AH0,10526,w,274.7806642301151,1625.1784507383093,2853.371858477597,1302.9763919356978,2418.76383476145,3758.7278001198047,1319.2453816150808,2479.8329888327357,3826.170704545053,0.03000000000020009,B,L
DCB_se2_ag1_f_01_1,27538,UW0,10526,w,480.06050331751607,2151.576009882751,2993.916836498835,565.0095964167565,2326.347969521059,2963.7482528917494,559.7469257452442,2623.6750620299063,2955.3774936903005,0.02999999999974534,Y,W
DCB_se2_ag1_f_01_1,27540,IY1,10527,we,785.9287013831091,2357.681964029999,2948.801948173209,877.7716171033898,2075.2552446530954,3009.925676655682,811.637969082104,2478.6595959837523,2888.6080027937405,0.02999999999974534,W,K
DCB_se2_ag1_f_01_1,27542,AY1,10528,kind,857.8333661511531,1737.6709561487082,2167.3886008937397,864.1732747179153,1749.4209531462807,2164.893143750774,819.6916668793839,1815.1219319717698,3059.726072290438,0.0500000000001819,K,N
DCB_se2_ag1_f_01_1,27545,AH0,10529,of,581.9976214902509,2103.2011127957785,3321.118103695687,581.9797950190849,2108.3544793454,3320.604363908377,581.8637782554216,2135.6000844756068,3317.827299370452,0.02999999999974534,D,V
DCB_se2_ag1_f_01_1,27548,IY1,10530,teach,599.0964668885881,2730.6750536206787,3137.2234398970813,596.5960097789463,2690.1062688400702,3196.919932880731,580.1601396210217,2888.7601269729116,3264.7333420168384,0.0500000000001819,T,CH
DCB_se2_ag1_f_01_1,27550,IH0,10531,him,603.3738822211396,1948.8633735128542,2069.412383502892,630.7430913367141,2149.5457564955136,2821.56173114369,630.7430913367141,2149.5457564955136,2821.56173114369,0.07999999999992724,CH,M
DCB_se2_ag1_f_01_1,27554,IH1,10532,still,539.5945285039636,2461.961535717047,3172.4755663766637,590.577949824667,2478.690609937858,3172.057389438619,429.95488448159097,2615.169794119271,3400.9772849292326,0.13999999999987267,T,L
DCB_se2_ag1_f_01_1,27558,EH1,10534,when,630.5462517816725,1375.7800937841791,3219.9357413963567,636.6757106655925,1450.3305291138302,3200.4484226014947,636.1731167321225,1450.4939745624304,3210.7345021718475,0.03999999999996362,W,N
DCB_se2_ag1_f_01_1,27561,IY1,10535,we,528.7712765436379,2356.7991781813407,3039.0806652621554,534.6210467979247,2415.136935427268,2948.165306866991,519.2993318888093,2518.279185556912,3072.6702936415372,0.11999999999989086,W,T
DCB_se2_ag1_f_01_1,27564,AY1,10536,try,846.3497870237051,1748.242756152096,2412.9506501159935,885.7568302450162,1689.2407899486582,2359.3686766949904,707.1774667082727,1842.1696561668002,2635.37738178403,0.0500000000001819,R,T
DCB_se2_ag1_f_01_1,27566,AH0,10537,to,593.7088868364632,1964.7141285854489,3140.584678014299,670.7414391736688,1874.6485535495651,3092.6105397259334,566.7574727406543,2146.3136214775714,3013.293971518831,0.1999999999998181,T,sp
DCB_se2_ag1_f_01_1,27569,IH1,10539,get,456.802606940355,2438.395251954993,2751.105076641844,564.5155364272173,2447.8547671578435,3089.9793469814085,454.1339944938486,2757.402213990118,3062.4155937280143,0.07000000000016371,G,T
DCB_se2_ag1_f_01_1,27571,IH0,10540,him,882.2050424032261,1915.4128334609056,3511.2564062518213,901.7077781939768,1991.3271542924172,3638.1393458692783,882.9952738823305,2059.0863073163446,3647.0478073652794,0.02999999999974534,T,M
DCB_se2_ag1_f_01_1,27574,AH0,10541,to,706.5142499528555,2090.191979024661,3343.4542400994887,800.326909812455,2085.4325223047026,3361.958492027971,701.5751011200725,2144.142700817358,3353.315220605156,0.07000000000016371,T,HH
DCB_se2_ag1_f_01_1,27576,EH1,10542,help,790.1088545578361,1570.783789046823,3285.525035002964,901.3231554513937,1838.158692077747,3307.993627751223,901.3231554513937,1838.158692077747,3307.993627751223,0.05999999999994543,HH,L
DCB_se2_ag1_f_01_1,27580,AY1,10543,my,826.7756197796259,1568.0768745619139,1923.3617221496002,920.432450606625,1702.544088368451,2636.525350400357,919.394526223558,1703.7045094285872,2655.523488948274,0.09000000000014552,M,B
DCB_se2_ag1_f_01_1,27583,AH1,10544,brother,660.1418630863799,1645.8989123743243,2522.3282822111078,726.9244321016515,1684.3005975675924,2663.7639501700005,596.1396516966639,1834.7108520906736,2928.8223075855335,0.0500000000001819,R,DH
DCB_se2_ag1_f_01_1,27585,ER0,10544,brother,561.0502312789187,2043.1492484857163,3162.2489017377206,591.5055003109436,2038.9654579196138,3103.0840570996347,577.1826026746176,2045.0670881423127,3099.970750635642,0.02999999999974534,DH,AH0
DCB_se2_ag1_f_01_1,27586,AH0,10545,and,610.1039021190954,2007.7561066325475,3354.240112423628,613.5056473900642,2020.2551551778085,3247.049527487369,593.1801130288111,2057.709633480071,3327.447483572412,0.03000000000020009,ER0,N
DCB_se2_ag1_f_01_1,27589,IH1,10546,sister,578.438851426412,1759.6310998369104,2976.1635278468293,599.000634574389,1812.3209070137962,3021.1123616274776,559.4749700232369,1860.589346815748,3117.9586496583315,0.05999999999994543,S,S
DCB_se2_ag1_f_01_1,27592,ER0,10546,sister,599.5984223800114,1433.4985557859543,3277.799878910017,622.3609735917047,1449.9492350634887,3494.872670335646,553.6788996812975,1692.7302755326496,3061.1651285402995,0.0500000000001819,T,W
DCB_se2_ag1_f_01_1,27594,IH0,10547,with,588.8989716094947,1621.7604660931318,3284.1607390537283,589.5040568586586,1748.2600228194158,3215.65673082288,588.0795680144553,1768.8804693498314,3216.8378849130518,0.0500000000001819,W,DH
DCB_se2_ag1_f_01_1,27598,EH1,10549,their,581.9273125249132,1504.1270745588524,2353.090524239965,600.6625380280465,1780.2631778042733,2196.671723365318,581.2311638269504,2158.675232272934,3246.7195031797683,0.11000000000012733,DH,R
DCB_se2_ag1_f_01_1,27601,OW1,10550,homework,781.9743718944073,866.0291402156297,1970.3418863526597,855.8615319381771,949.5010052600529,1974.3004695155137,626.3401909555326,1757.1774652836743,1995.6030480095494,0.13000000000010914,HH,M
DCB_se2_ag1_f_01_1,27604,ER2,10550,homework,570.8119528167068,1762.8182242430069,2129.2612874427077,607.197814556472,1556.2117456326864,1939.5500372340366,561.6102299705573,2088.216054185965,2216.312721795617,0.13999999999987267,W,K
DCB_se2_ag1_f_01_1,27608,AE1,10552,and,640.2541261106114,1297.6717043597407,2580.411726398729,871.9838988237024,2013.2398185019572,3048.004584752401,625.1903043665842,2484.589342697855,2632.464529763618,0.04999999999972715,sil,N
DCB_se2_ag1_f_01_1,27611,IY1,10553,he,468.96133043918724,2526.1758976799197,3279.103141773195,506.00921762932256,2757.936950435667,3377.8683059431805,490.30256394888227,2793.088300445275,3251.1285602385183,0.07999999999992724,HH,Z
DCB_se2_ag1_f_01_1,27614,AY1,10555,like,751.0417238568328,2197.946839620844,3068.2635563754966,767.9585720997245,2153.059782822584,3065.0146285988108,706.6520750595977,2215.3624202938695,3049.445638587461,0.03999999999996362,L,K
DCB_se2_ag1_f_01_1,27616,AY1,10556,i,979.5866315234166,1979.7753027094973,2758.058909998927,983.7485238600932,1962.253641440156,2663.8074135850266,981.9537901393807,1986.451126721232,2721.6908812156835,0.07000000000016371,K,K
DCB_se2_ag1_f_01_1,27618,AE1,10557,can't,682.8283639800729,2112.510150281024,2546.7248418696217,781.0374506290827,1382.5914811449463,2432.6000810726205,761.7357566524215,2217.971653770587,2424.235547322607,0.07000000000016371,K,N
DCB_se2_ag1_f_01_1,27622,IH1,10558,really,569.1988906461678,1534.276832015968,2822.2896134048424,569.495647721205,1537.0285845852818,2929.7310635309527,511.6711175738084,1611.0663064693354,3150.8976637306937,0.03999999999996362,R,L
DCB_se2_ag1_f_01_1,27624,IY0,10558,really,525.7560119215253,2810.400826340164,3042.6111522055717,525.9076620143416,2799.8628684219625,3037.746874568325,475.5457886977597,2975.779795653028,3227.275214550412,0.03999999999996362,L,HH
DCB_se2_ag1_f_01_1,27626,EH1,10559,help,774.9197267929537,1633.6220357577656,3434.320153223591,803.3477778639894,1571.3605764882384,3514.9705412177586,674.6991001613582,2095.0267964028894,3346.3777988216802,0.05999999999994543,HH,L
DCB_se2_ag1_f_01_1,27630,AH0,10560,them,657.3767872729647,1553.470403751328,2887.7728734483344,659.0708725266421,1556.4315232252159,3222.2749152930137,562.7116559250259,1608.2744213905391,3395.64709865991,0.0500000000001819,DH,M
DCB_se2_ag1_f_01_1,27633,IH0,10561,because,548.2717530854733,2803.507623874262,3294.9727142083425,553.827159250724,2895.9446120136727,3210.3576914775185,547.9313620138848,3057.2107772934532,3115.103976896295,0.05999999999994543,B,K
DCB_se2_ag1_f_01_1,27635,AH1,10561,because,618.2517028217101,1842.5097773155046,3101.801147581574,655.697399476936,1902.3356329875276,3273.023542897852,656.0614927497842,1909.4165109978892,3263.280811017503,0.05999999999994543,K,Z
DCB_se2_ag1_f_01_1,27637,AY1,10562,i,725.7246149505202,1709.7403257374574,2583.0040295319172,762.7645092223146,1702.7518354012768,2527.2896073674438,630.4869027304004,2009.6657327281146,2681.7842013846057,0.06999999999970896,Z,sp
DCB_se2_ag1_f_01_1,27640,OW1,10564,don't,672.2400751655033,1348.145276385547,2968.873416962767,682.6043916043204,1480.8558280830596,3002.340791115997,665.011822224743,1652.009906203682,2997.4431559056416,0.03999999999996362,D,N
DCB_se2_ag1_f_01_1,27645,IH1,10566,really,476.4496885949292,1414.395412220043,3019.0822063843234,502.67930396219674,1519.8328939915605,3006.0101101745695,501.427102949249,1521.8388159005328,3010.901350033841,0.03000000000020009,R,L
DCB_se2_ag1_f_01_1,27647,IY0,10566,really,517.7851260025262,2629.9531057487106,3162.285575796859,528.9904811237636,2612.8488074031234,2807.003344626865,500.23667289038025,2673.9537592953584,3043.7008202822662,0.07999999999992724,L,N
DCB_se2_ag1_f_01_1,27649,OW1,10567,know,612.1576348032524,1085.1706948753972,3240.461086259217,877.2102165274025,1478.1930486735985,1944.809354517124,641.250072118412,1808.4262743142056,3129.9005364903437,0.17000000000007276,N,AY1
DCB_se2_ag1_f_01_1,27650,AY1,10568,i'm,828.273570877612,1349.3573450679469,1880.0186050302916,895.9803222212,1488.3041796456687,2070.2266601787105,892.3463309480651,1487.8149047940847,2035.5574548081001,0.04999999999972715,OW1,M
DCB_se2_ag1_f_01_1,27653,AY1,10569,like,835.1118821510321,1869.4928549662543,2921.942538484995,927.9857830823341,1661.8311995472548,1774.2508745657315,683.5386095731832,1951.9630045405456,2714.160824619402,0.05999999999994543,L,K
DCB_se2_ag1_f_01_1,27657,AY1,10571,kind,975.2434495245138,1790.3539088318032,2840.5436632897668,1009.0250161544394,1795.5124782565204,2707.093414374654,994.5865887050387,1827.9788848255928,2797.9390394043335,0.09999999999990905,K,N
DCB_se2_ag1_f_01_1,27659,AH0,10572,of,635.8451092975373,1969.046457258989,3194.0441530819676,655.2556480434248,1883.645771639782,3278.892664545389,631.0124153136198,1973.9754603878907,3186.767112675499,0.03999999999996362,N,V
DCB_se2_ag1_f_01_1,27663,AE1,10574,that,664.2986340382399,1815.8783718560917,2919.2887362589354,663.1524440354519,1825.8379895891335,2917.259384111729,645.6905021698126,1972.251923008902,2878.419622711174,0.02999999999974534,DH,T
DCB_se2_ag1_f_01_1,27667,IH0,10576,because,839.134008696329,1843.2900435255237,2814.0572515559466,1620.217365804754,1884.573563670139,3576.916925970715,940.7216809146902,2077.631798384901,3529.737866121765,0.03000000000020009,B,K
DCB_se2_ag1_f_01_1,27669,AA1,10576,because,647.627386890287,1833.6215407716763,2724.2447368776657,774.902890831612,1713.9422643411087,2758.3052536790265,566.4178460292565,1966.8158017497035,2733.3028888973236,0.07000000000016371,K,Z
DCB_se2_ag1_f_01_1,27672,UH1,10577,you're,557.1315703590797,1804.4770651720023,2579.2603846579846,561.5629389036834,1819.7034681096366,2580.5929715316174,475.94917162159544,1908.23349330588,2634.73585472033,0.03000000000020009,Y,R
DCB_se2_ag1_f_01_1,27675,AY1,10578,kind,846.6460556231011,1622.6326269109024,2073.599990339329,854.8092670801103,1637.757165980675,2553.452290486764,831.5929299298357,1683.134501806049,2578.747995658481,0.04000000000041837,K,N
DCB_se2_ag1_f_01_1,27677,AH0,10579,of,528.0784225640201,1692.2804047270588,2678.6908795011745,715.8683825558567,1669.2730885693936,2770.195101327823,503.4706917819152,1784.7768993905822,2465.9521563078433,0.03000000000020009,N,V
DCB_se2_ag1_f_01_1,27679,OW1,10580,older,612.7119762083207,1076.6952369914618,2756.8448223378446,675.5733061757331,1576.9718511117453,2843.8027530542695,631.1895592123524,1636.4906457501288,2823.8647836046202,0.2199999999997999,V,L
DCB_se2_ag1_f_01_1,27682,ER0,10580,older,645.5355587109643,1688.0713144420313,1991.1187407302095,654.0890905239096,1771.5186298578349,2292.9365301464077,605.6482692547595,1862.2866547437072,2664.2395455644873,0.07999999999992724,D,N
DCB_se2_ag1_f_01_1,27684,AW1,10581,now,676.2566636069355,1882.5780738664166,2306.480178010583,706.7722736643493,2010.4498387468873,2444.2680999226163,696.2537579273949,2013.9751772520458,2441.243182395412,0.17000000000007276,N,sp
DCB_se2_ag1_f_01_1,27687,UW1,10583,you,498.13927207811764,2144.380805949973,2651.5176561265575,520.0662889722555,2118.7162073662353,2655.7797094713496,495.18821606985114,2388.288457971902,3105.61579977997,0.03999999999996362,Y,D
DCB_se2_ag1_f_01_1,27689,OW1,10584,don't,629.2982698830679,1366.6075588706683,2549.294483791031,645.696282369635,1308.4750785742533,2467.839540016855,621.2585807494579,1512.9508421377006,2508.1304297453157,0.03999999999996362,D,N
DCB_se2_ag1_f_01_1,27692,IH1,10585,really,515.2935987895183,1463.4544050439652,2615.2963504237055,540.4896796988314,1345.8231709827219,2579.10937277716,516.3029643971421,1468.0431686670138,2617.7180405163285,0.03000000000020009,R,L
DCB_se2_ag1_f_01_1,27694,IY0,10585,really,479.1305607604901,1905.4033845302781,2498.267109896181,485.85096453687123,1746.3763673697983,2477.4832451169473,458.3053289540088,2276.5718420255776,2596.6424640695423,0.0500000000001819,L,sp
DCB_se2_ag1_f_01_1,27697,IH0,10587,remember,455.5656318656895,1329.3829141245706,2641.784201563838,480.99438322604385,1244.58957872641,2542.204803967143,393.78513594499907,1371.2707278524472,2724.2301455520897,0.02999999999974534,R,M
DCB_se2_ag1_f_01_1,27699,EH1,10587,remember,629.8279294103328,1921.907952844373,2660.9846064313765,673.1879036588699,1658.3735712446392,2523.8290922226547,626.132785317392,1931.1681629857003,2660.3088119660256,0.07000000000016371,M,M
DCB_se2_ag1_f_01_1,27702,ER0,10587,remember,600.3761325570837,1847.460636256553,2202.941817217052,637.6350598922127,1846.9722272243393,2223.780786671849,607.9848051955648,1922.117749121222,2004.6805651453903,0.02999999999974534,B,EH1
DCB_se2_ag1_f_01_1,27703,EH1,10588,everything,749.8752646126769,1890.2661632222473,2343.8159829390197,750.0044371644531,1895.019561818376,2291.971727714631,693.3257787220992,1916.5660785463529,2490.1223486680847,0.07000000000016371,ER0,V
DCB_se2_ag1_f_01_1,27706,IY0,10588,everything,465.60766400165386,2352.2376824050043,2701.878666984081,511.4698208491665,1839.8539833680552,2508.0673183180434,463.52844617659997,2355.80373158145,2731.3285102630816,0.05999999999994543,R,TH
DCB_se2_ag1_f_01_1,27708,IH2,10588,everything,584.324901071758,2302.080892145121,3089.0896566437004,601.9350744644689,2498.7680727906823,3237.1312032128294,600.4177786918373,2463.206728618765,3182.281987909629,0.0500000000001819,TH,NG
DCB_se2_ag1_f_01_1,27711,OW1,10589,so,511.61817094640264,1237.5033015668737,2924.989603380359,527.0193978283073,1194.2069979672528,3040.4698578074513,523.335646693733,1471.5570616855155,2827.020906930119,0.02999999999974534,S,W
DCB_se2_ag1_f_01_1,27713,IY1,10590,we,510.4196649249832,1738.971678256174,2696.2573105007677,547.9146225233692,1468.6132181016892,2705.62208141922,468.75805132768966,2563.4611245892547,3309.4366864690064,0.03999999999996362,W,N
DCB_se2_ag1_f_01_1,27715,AA1,10591,not,899.2931709669365,1760.6437227637086,2467.9020307926794,899.551657855692,1761.4262666197951,2466.5540720553704,674.9097788690341,1878.8449552102743,2866.637850867776,0.05999999999994543,N,T
DCB_se2_ag1_f_01_1,27718,AH1,10592,gonna,651.1274717566669,1250.0104757202166,1943.2358418161048,651.7157184434325,1257.5037512079077,1946.531252875844,651.2405271592721,1251.4506117994372,1943.8691883907488,0.07000000000016371,G,N
DCB_se2_ag1_f_01_1,27720,AH0,10592,gonna,532.5807016894541,1635.641857711539,2736.2983917191264,561.947886373867,1432.4236122072896,2349.847504012101,535.3269463855,1630.7862528734531,2667.345379790432,0.03999999999996362,N,S
DCB_se2_ag1_f_01_1,27722,EY1,10593,say,557.9859157462629,2572.8425060280224,3150.098604856017,605.5842271582299,2298.5770739583727,2586.4722070888297,556.5293506186242,2574.86714687392,3168.2566508823174,0.09000000000014552,S,DH
DCB_se2_ag1_f_01_1,27724,AH0,10594,that,572.6791903584356,1409.7280807628515,2500.106917550953,592.6657254151485,2148.945616059274,3149.0890282352593,563.6200158249904,2121.7277571777786,3167.838378975914,0.05999999999994543,DH,T
DCB_se2_ag1_f_01_1,27726,IH0,10595,it,542.420259526066,2069.3530134458892,3202.452158286961,573.2883087235259,2096.6528022229054,3193.1466594818166,575.2624574044319,2097.715492612668,3190.773222215802,0.03999999999996362,T,T
DCB_se2_ag1_f_01_1,27730,IH0,10597,because,520.1286592970165,2597.501495904345,3201.0954966550175,519.9066147348868,2596.128920465849,3199.511337239009,504.39142792168536,2721.7914759792197,2892.649726300295,0.07999999999992724,B,K
DCB_se2_ag1_f_01_1,27732,AH1,10597,because,608.0000811459691,1786.2083875010649,3101.030108488997,617.0395078983335,1695.1463032582215,2955.366732234721,593.0953447086238,1875.4135194236665,3072.7708834393943,0.04999999999972715,K,Z
DCB_se2_ag1_f_01_1,27735,UW1,10598,you,438.01828268976124,2092.704570301341,3137.9631376075395,440.0269214023137,2038.3011858370307,3123.454109496154,428.85413700237785,2185.658032647804,2847.73896119862,0.02999999999974534,Y,D
DCB_se2_ag1_f_01_1,27737,IH1,10599,didn't,584.9410457870349,2417.9182499176986,3160.9295885384613,625.8705889800847,2373.430533163657,3085.3640250796757,586.0097162802946,2410.5862911987347,3146.3969264633006,0.1000000000003638,D,N
DCB_se2_ag1_f_01_1,27742,AE1,10600,graduate,666.4405614893462,1300.0380932162861,2183.299953752782,722.6294644783761,1855.8864945563603,2279.823012262321,618.849842257955,2285.6799724419257,3105.2192772590583,0.09999999999990905,R,JH
DCB_se2_ag1_f_01_1,27744,UW0,10600,graduate,439.82954584073457,1642.3732051708175,2814.7182065221755,474.7615499492783,1732.540271905075,2572.619354895974,443.31011515476774,1754.232067691959,2812.6609551144516,0.03999999999996362,JH,EY2
DCB_se2_ag1_f_01_1,27745,EY2,10600,graduate,524.0933676168219,2099.0504543922593,3041.981941955779,580.8433589977473,1968.2356802630547,3428.6685936280123,496.7891077884555,2340.6850108072113,3022.5026451813887,0.05999999999994543,UW0,T
DCB_se2_ag1_f_01_1,27749,IH1,10602,it,532.0590241286444,2481.6113132180094,3256.080778784422,942.3421320428703,2535.589675561925,3094.5233347188087,504.09100403914704,2562.8666549226023,3273.0083407690927,0.07999999999992724,sil,T
DCB_se2_ag1_f_01_1,27753,IH0,10604,because,531.2002935737153,2563.23479333045,2667.089531295081,531.5224135757301,2530.3346687971184,2660.706763558297,499.4879568552952,2664.3211580117877,2845.506479205548,0.07000000000016371,B,K
DCB_se2_ag1_f_01_1,27755,AA1,10604,because,599.2025372974875,1922.0312815137602,3112.802368479275,802.3360562843767,2234.523697248209,2767.4445837423427,802.3360562843767,2234.523697248209,2767.4445837423427,0.07999999999992724,K,Z
DCB_se2_ag1_f_01_1,27758,UW1,10605,you,485.06319852780285,1939.6878070950986,2764.985356441175,486.53086046013823,1967.462951915704,2754.6492905015207,439.60452414243,2192.8250346907494,2869.8097801138742,0.03999999999996362,Y,D
DCB_se2_ag1_f_01_1,27760,OW1,10606,don't,641.9196075915395,1295.6910407290002,1963.0772351666594,682.6521150099616,1475.8823570878517,2863.3526974119336,618.512875110549,1620.008900754054,2914.0637792459647,0.09000000000014552,D,N
DCB_se2_ag1_f_01_1,27763,IH0,10607,remember,452.68532418394585,1396.6543279510029,2313.912117036551,467.06326890806093,1354.3383296523982,2245.537394340904,457.3775205783775,1386.6655786259546,2290.8978392655918,0.05999999999994543,R,M
DCB_se2_ag1_f_01_1,27765,EH1,10607,remember,665.8360275959085,1828.757729421239,2153.395717688989,681.1736242824825,1597.2301996189196,2538.0893772899553,645.189305854689,1867.6381285559194,2118.0489594529668,0.06999999999970896,M,M
DCB_se2_ag1_f_01_1,27768,ER0,10607,remember,550.99179553309,1528.3682761974694,2029.6437474706888,680.8061210699705,1870.6863670998646,2547.2817026985135,515.2438518107061,1866.0328170630419,2961.1615167626173,0.18000000000029104,B,
DCB_se2_ag1_f_01_1,27771,OW1,10609,so,716.874602000759,1400.9922264116533,2960.881422541335,964.9231693275524,1659.332187829346,2586.970071647127,621.455841662406,1763.3839987940282,3002.415780380595,0.11999999999989086,S,AY1
DCB_se2_ag1_f_01_1,27772,AY1,10610,i,1055.4282778430868,1657.0185668859967,2393.451256459455,1061.6617037825959,1593.4201501394057,2382.7707853501015,803.8947011088989,1953.1685347765417,2522.9923811911362,0.15000000000009095,OW1,K
DCB_se2_ag1_f_01_1,27774,AE1,10611,can,644.7727747642075,2083.4980940949085,3094.2935979731838,657.8800403179885,2138.4611205515166,3103.510996365963,631.7687421222557,2167.6426440549103,3064.4001001326546,0.03000000000020009,K,N
DCB_se2_ag1_f_01_1,27777,EH1,10612,help,793.5204609287659,1576.759420904512,2929.7485282699195,807.3536774642517,1599.9935128581633,2936.0634433721334,774.0207591315249,1785.0670305450947,2938.359325708713,0.03000000000020009,HH,L
DCB_se2_ag1_f_01_1,27782,EH1,10614,them,646.8301396325838,1922.1557318692967,3051.579029768309,694.0656676313242,1527.159299015592,2467.9975356802843,568.4009049088419,2047.9404316662576,3012.815205104853,0.09999999999990905,DH,M
DCB_se2_ag1_f_01_1,27785,IH1,10616,in,673.9492390656961,2065.29574311472,2863.2118581982004,731.8356980386955,2062.1518974104506,2872.673649616286,624.5163449897196,2388.4909733601976,3217.654253288068,0.15999999999985448,,N
DCB_se2_ag1_f_01_1,27788,AE1,10617,that,763.3710501781453,2165.495577662808,3174.3826724681185,771.0918309898734,2154.594056113329,3176.567609277864,739.3765005271744,2239.1317064246314,3255.812628072765,0.1299999999996544,DH,T
DCB_se2_ag1_f_01_1,27790,AE1,10618,aspect,789.195587857855,2273.298157657988,3139.1873545930634,788.9700065046217,2271.0520449691435,3132.999726131104,757.1027560683332,2256.1179509990575,3118.0262916188326,0.1499999999996362,T,S
DCB_se2_ag1_f_01_1,27793,EH2,10618,aspect,652.8422955893075,2158.827425644162,2915.2932511218305,657.8215261394568,2104.5684791535055,2953.989071313169,576.8424312336474,2238.5590158848313,2785.3105720908825,0.07999999999992724,P,K
DCB_se2_ag1_f_01_1,27797,UW1,10619,too,472.6662519803109,1476.9977942072508,2952.4625380888174,499.8817575012908,1564.4876468168075,2898.5064828469685,492.387773376164,1736.354426109805,2828.980356261699,0.09999999999990905,T,sp
DCB_se2_ag1_f_01_1,27801,OW1,10621,so,818.812595342817,1487.1739571853514,2742.9801695788155,833.3247624597961,1480.437573645562,2743.5411671935212,659.6157964761436,1593.240631234691,2623.2536299971357,0.07000000000016371,S,
DCB_se2_ag1_f_01_1,27804,AY1,10623,right,779.3269630993215,1900.4316168145024,2523.7045417774275,1018.1556558585646,1601.1068570425875,2773.083777961296,619.3435138535676,2474.3552646703647,3080.0016877302664,0.3200000000001637,R,T
DCB_se2_ag1_f_01_1,27809,AE1,10625,yeah,747.3613560339131,987.7671164386282,2242.6105524036093,813.7060392030296,2106.1030270187252,2990.797113045201,577.8637127633481,2211.9676659555553,3097.3118501916724,0.25,Y,sp
DCB_se2_ag1_f_01_1,27812,EH1,10627,definitely,774.7346248964768,1895.342870484222,3009.3180373645428,782.4424826099845,1953.056416188181,2996.383851999774,751.1568887722632,2133.145480834245,3004.9897729938657,0.1000000000003638,D,F
DCB_se2_ag1_f_01_1,27814,AH0,10627,definitely,450.7666080032511,1663.1851103468944,2679.2294222225187,666.3085276851028,1677.0497646692409,2456.157150424116,426.7198949821366,2128.9428512433897,2838.288178866971,0.07000000000016371,F,N
DCB_se2_ag1_f_01_1,27816,AH0,10627,definitely,764.5645701289434,1256.9557025297645,2386.122411771389,797.2987360275465,1197.8393314837706,2377.5015286809085,724.6395026515199,1326.6681615217292,2801.0804116557,0.17000000000007276,N,T
DCB_se2_ag1_f_01_1,27819,IY0,10627,definitely,462.7589288712838,1702.0698993115473,2908.2932330863277,473.3780947846823,1645.2087222071737,2911.8086226587084,390.3039994798281,2811.8459199299136,3181.545968318089,0.11999999999989086,L,
DCB_se2_ag1_f_01_1,27823,AE1,10629,yeah,661.2949363800824,2143.670790870011,2861.9081098986285,992.604559369085,1618.7142244605636,2564.347233232008,682.6021993270931,2361.431179556797,3014.5607454127585,0.30999999999994543,Y,
DCB_se2_ag1_f_01_1,27826,AY1,10631,right,759.7682799095437,1859.3052745287887,2206.2883059383407,830.2859569741777,1654.9271706273717,2283.799962497947,594.4594711385657,2323.0117625495805,2964.6782519812523,0.1499999999996362,R,T
DCB_se2_ag1_f_01_1,27830,AY1,10633,right,744.0724854423005,1457.9370531097966,2786.947285918212,768.7115447460893,1440.4331572207911,2808.537503532318,743.6496415383087,1458.0232038352472,2784.896219545599,0.03999999999996362,R,T
DCB_se2_ag1_f_01_1,27835,AE1,10635,yeah,752.1162474532218,2111.966542901199,2484.287137971086,831.9714349075183,2021.9609418154912,2573.840069758923,679.5177337412325,2249.3387129136704,3175.8637876505186,0.22000000000025466,Y,AE1
DCB_se2_ag1_f_01_1,27836,AE1,10636,and,698.6810355744831,2097.0324554760127,3116.167019778298,711.298809330384,2115.8054203082443,3143.2814796965476,682.8195376618022,2209.0692205232795,3160.447033475055,0.05999999999994543,AE1,N
DCB_se2_ag1_f_01_1,27839,AE1,10637,that,764.1307804075835,1819.5988805181123,2669.280432129752,771.2325436496616,1844.014329877063,2781.2991763350533,763.4496800236326,1952.337880658832,2508.9403109451596,0.0500000000001819,DH,T
DCB_se2_ag1_f_01_1,27841,AH0,10638,and,569.2742147097728,2148.7221168917295,3659.35236982425,580.4399744359412,2133.072161793983,3396.4781467395724,575.8700705683094,2167.4137938573654,3660.0757894507146,0.03000000000020009,T,N
DCB_se2_ag1_f_01_1,27844,AH0,10639,that,707.9441837793213,1924.2469993457037,3237.5840656913924,713.7030696324914,1913.8617036427315,3204.901955972914,695.1106056583444,2002.8102237478788,3177.8467769847043,0.02999999999974534,DH,T
DCB_se2_ag1_f_01_1,27848,AH0,10641,the,532.6680190873199,1808.8274154031442,2957.7141404102576,566.4231885394274,1859.5558276997297,2826.8095493631313,563.7344930182516,1859.3157337754324,2846.3795159254564,0.05999999999994543,DH,S
DCB_se2_ag1_f_01_1,27850,EY1,10642,same,629.4007216058915,2280.880004616358,2920.0845621830836,673.1447212653502,2040.2657992100974,3035.783053703562,600.2411645875287,2377.274302023218,2700.326426959834,0.06999999999970896,S,M
DCB_se2_ag1_f_01_1,27853,IH1,10643,thing,537.5692901924671,2472.6312582140645,2787.3009117920224,545.4740158152334,2570.2447132709376,2667.121766667618,543.6454800664887,2552.0047165674196,2701.6214207194153,0.03000000000020009,TH,NG
DCB_se2_ag1_f_01_1,27856,AY1,10644,like,777.9976085623962,1782.5180237127322,2782.78331866198,863.765089981875,1697.2188240493529,2889.7887701298105,813.306221352079,1874.5022341728968,2953.4518262329207,0.06000000000040018,L,K
DCB_se2_ag1_f_01_1,27860,AA1,10646,cause,574.0706667853489,1696.6988993392422,3129.4222316280548,677.1846145953397,1688.233180652443,3038.460484069214,546.4713552750978,1784.688498372284,3321.9342303933527,0.08000000000038199,K,Z
DCB_se2_ag1_f_01_1,27864,AY1,10648,my,890.3299909890269,1448.3486698941279,3494.9211967449364,926.6478890620687,1469.3322842435891,3398.7979933222714,920.4838802870204,1485.078719552194,2943.9084635305353,0.07000000000016371,M,OW1
DCB_se2_ag1_f_01_1,27865,OW1,10649,older,729.8518001852105,1250.6092219801385,3290.8880426892674,816.2442316555217,1390.4992404556656,3328.011867824376,816.2442316555217,1390.4992404556656,3328.011867824376,0.08999999999969077,AY1,L
DCB_se2_ag1_f_01_1,27868,ER0,10649,older,490.44517435500984,1584.1632238341379,3245.3989744045066,558.6434722349268,1807.8781361336862,3317.2753959825154,502.6377607217031,1798.0619639138527,3300.656171900516,0.06999999999970896,D,S
DCB_se2_ag1_f_01_1,27870,IH1,10650,sister,571.3256029551767,1746.3696025917016,3226.7720208778505,583.5744939684578,1797.9705659103104,3219.5467557518136,570.7922324858339,1822.880931904224,3247.76286036398,0.07000000000016371,S,S
DCB_se2_ag1_f_01_1,27873,ER0,10650,sister,493.8269826943436,1811.9029222531371,2653.4492398404223,600.3792197922191,1731.075282606827,2795.296933013067,561.3726099677959,1961.322106673463,2900.5144380013703,0.07999999999992724,T,
DCB_se2_ag1_f_01_1,27876,IY1,10652,she,541.0782627440502,2565.909189078782,3228.5785949608135,604.179455393338,2475.227657200184,3213.540829507473,552.0893286636018,2784.501796873158,3226.169242481224,0.17000000000007276,SH,sp
DCB_se2_ag1_f_01_1,27879,IY1,10654,she,451.0530876535246,1832.8668961417532,2999.033747414523,502.16159205581704,1253.3162307865616,2953.8345700714317,371.5817450452468,2485.786545256882,3442.8040966334884,0.0500000000001819,SH,W
DCB_se2_ag1_f_01_1,27881,AH0,10655,was,515.9677256340645,1350.566176705534,3288.055749007528,542.7809572991517,1324.220173750057,3226.172192379824,515.6600106266249,1401.552463829548,3221.5301176149915,0.03999999999996362,W,Z
DCB_se2_ag1_f_01_1,27884,AH1,10656,gonna,742.1667059585075,1083.2372798795664,2001.450345939006,868.4510298127136,1364.1380844018752,3285.981734705665,762.6923195131502,1528.8915641815352,3268.6622454895373,0.13000000000010914,G,N
DCB_se2_ag1_f_01_1,27886,AH0,10656,gonna,621.120102962303,1503.1572295363949,3193.393865734256,677.5350898367012,1711.9941033927892,2658.3309962716403,498.1065795943984,1808.05709614557,3274.917653043919,0.07999999999992724,N,G
DCB_se2_ag1_f_01_1,27888,OW1,10657,go,602.7523467478469,1304.8380067520593,3267.3925859402307,655.1356294827551,1425.2355293161847,3302.173611273767,494.0292448868117,1463.0257049408679,3253.5181813571203,0.10999999999967258,G,SH
DCB_se2_ag1_f_01_1,27890,IY1,10658,she,542.160747779138,1757.3647571337615,2956.269465441717,550.4440969081842,1950.8645118323323,3054.9281155594535,515.9244647304647,2134.5941909096755,3594.1610028518326,0.04999999999972715,SH,W
DCB_se2_ag1_f_01_1,27892,AH0,10659,was,488.6001109582763,1508.024717396066,3072.4975414846454,495.39839461426044,1541.1594863349758,3207.094493639354,483.6038791144158,1621.9883995678274,3333.2407620328822,0.02999999999974534,W,Z
DCB_se2_ag1_f_01_1,27895,AH1,10660,gonna,726.3959154647894,1063.6666533059743,3546.7305973244142,770.8645126493553,807.9778955962493,3254.4604058158916,753.8583559338605,1323.7003220200984,2929.207875365178,0.09000000000014552,G,N
DCB_se2_ag1_f_01_1,27897,AH0,10660,gonna,648.6118629091543,1480.0087906251708,3375.5578810642655,674.8487965449763,1644.2352983358455,3646.2534789804067,672.0251102732353,1676.8857960198602,3643.445504731107,0.05999999999994543,N,G
DCB_se2_ag1_f_01_1,27899,OW1,10661,go,652.1832191746547,1364.9370837252368,3230.8809401025533,653.4373772977493,1387.1925467751057,3225.9269151496924,646.9494321753741,1520.8436101754064,3180.8869006506225,0.0500000000001819,G,T
DCB_se2_ag1_f_01_1,27901,AH0,10662,to,490.14880744320044,1467.958334525046,3039.427098221713,612.6681247937229,1580.0578122081188,3158.226870806655,564.5820152098755,1785.1482790899627,3214.1848391031003,0.05999999999994543,T,K
DCB_se2_ag1_f_01_1,27904,AA1,10663,clark,826.3173548207587,1344.5572656531817,2078.927224127743,827.6332875440179,1350.2885964770658,2047.988921704306,802.0487599810986,1404.3744205051717,2035.911797348356,0.03999999999996362,L,R
DCB_se2_ag1_f_01_1,27907,AH0,10664,atlanta,672.7494882890372,1133.2443952534086,2055.766081186428,673.2155974991803,1432.6046259095897,2483.660103244484,651.0985558167221,1852.1659159994617,2386.4092957087905,0.0500000000001819,K,T
DCB_se2_ag1_f_01_1,27910,AE1,10664,atlanta,704.5013242193997,1856.362573554985,2282.184914999136,705.9982737651227,1875.4642097927058,1970.1460253655514,705.7310299571199,1872.1695796726958,2026.4116991212493,0.02999999999974534,L,N
DCB_se2_ag1_f_01_1,27912,AH0,10664,atlanta,609.8385154322677,1852.1720094623734,3340.6838160053885,666.026438014073,1885.258237352177,3521.7391789400453,622.4658796694517,1917.4299786754386,3321.388744156465,0.09999999999990905,N,
DCB_se2_ag1_f_01_1,27916,AH1,10666,but,663.3690754525945,1798.3409024823086,3234.974356308388,663.4999310163824,1803.0858480016473,3223.2678187987267,638.6715017005445,1978.4456084870678,3215.0218852871244,0.07000000000016371,B,T
DCB_se2_ag1_f_01_1,27918,IH1,10667,it,568.2057507960122,2075.315708314278,3291.9616986212905,605.0694284497965,2037.1165975033357,3258.284731001163,576.5694069391002,2090.5598196262945,3288.703931447034,0.02999999999974534,T,T
DCB_se2_ag1_f_01_1,27921,AH0,10668,was,499.4798837097911,1501.568489556516,3294.077811008653,518.678653099306,1534.0347395394504,3275.2997531340484,503.3319861791828,1585.9981447101925,3295.7455656104207,0.03999999999996362,W,Z
DCB_se2_ag1_f_01_1,27924,AH1,10669,some,806.0684259400144,1542.5758288615605,3079.568331853322,807.6769626321203,1549.0799118932403,3059.0822206485846,656.5257313045685,1652.5210439326654,3126.571578778076,0.03999999999996362,S,M
DCB_se2_ag1_f_01_1,27927,IH1,10670,things,584.1896718573744,2159.8401031752555,3158.2200270285534,685.7176902190796,1673.1732924346788,2867.2552214141483,592.8386768076515,2404.6327257828098,3147.9224065961625,0.0500000000001819,TH,NG
DCB_se2_ag1_f_01_1,27931,AE1,10671,that,670.0818810146712,1848.3584507515393,2973.6056255860976,674.8745395964729,1588.4359025848757,2974.196454268519,645.317744568736,1955.4876468111722,3071.2219064775845,0.02999999999974534,DH,T
DCB_se2_ag1_f_01_1,27934,ER1,10672,were,616.8102544249707,1282.9586789851176,1744.67126952495,629.3100845080493,1336.33535034278,3155.942210693813,596.7873196249274,1385.9223096343933,1495.9039697087196,0.03999999999996362,W,sp
DCB_se2_ag1_f_01_1,27937,AY1,10674,like,902.5586704891983,1578.507512718949,2194.5012580812913,971.7574464546191,1586.0421714519773,2760.297374103921,965.9846200827873,1585.1843921950865,2768.4826089764033,0.06000000000040018,L,K
DCB_se2_ag1_f_01_1,27940,EH1,10675,messed,774.9907777506912,1977.9630268784517,3252.1675168017646,792.7121686894687,1950.6651215810482,3298.760261654809,775.192131449788,1977.985973239195,3252.359603345213,0.09000000000014552,M,S
DCB_se2_ag1_f_01_1,27943,AH1,10676,up,667.7459849397492,1451.3090160019435,3069.4860820735184,700.3203983754285,1692.9810137025322,2683.8125501364857,700.3203983754285,1692.9810137025322,2683.8125501364857,0.04999999999972715,T,P
DCB_se2_ag1_f_01_1,27946,IH0,10677,with,630.7037459527352,1452.4296454763098,3300.4585986275697,641.9948396333401,1270.3576970801482,3272.1533274479093,638.0090321494605,1491.7542182007114,3315.9189318218178,0.07000000000016371,W,TH
DCB_se2_ag1_f_01_1,27949,ER0,10678,her,615.2404177918546,1405.4969390242056,1856.1340970915735,652.2137504558018,1408.7224472145322,2051.5958206423743,567.4882594431637,1529.8821160283555,2160.159819930981,0.07999999999992724,HH,R
DCB_se2_ag1_f_01_1,27951,UW1,10679,room,673.6231283237182,1141.2139071581412,2075.574748260453,675.1004470558751,1129.7147892089229,2075.11641587882,672.6903736834487,1141.0304862956025,2081.2718233465816,0.03999999999996362,R,M
DCB_se2_ag1_f_01_1,27953,AH0,10680,and,615.7006871573907,1625.18712437223,2129.4475133875785,616.153668953838,1621.9776318704,2254.83154294407,611.8806052222437,1631.191429589779,1865.5863927905755,0.03999999999996362,M,N
DCB_se2_ag1_f_01_1,27956,AO1,10681,board,479.007932915166,793.4798793401942,3232.2995971548053,614.8398026090633,1135.5877958916676,2167.4681820201317,614.8398026090633,1135.5877958916676,2167.4681820201317,0.19000000000005457,B,R
DCB_se2_ag1_f_01_1,27961,AE1,10683,and,599.0580793755207,2595.4610071388565,3312.569840226378,620.3654979239889,2534.380631733569,3277.922232306581,508.4456636427389,2666.079006219449,3211.7378933940263,0.03999999999996362,sil,N
DCB_se2_ag1_f_01_1,27964,IY1,10684,she,527.9257528022272,2705.845798733761,3259.8313575928446,564.1494209093767,2714.5975618645093,3241.817690787737,532.5848407390962,2725.094843655649,3276.801882080768,0.07000000000016371,SH,N
DCB_se2_ag1_f_01_1,27966,EH1,10685,never,758.9940376531262,1937.0913393687897,3108.450333860928,765.4664027792489,1834.9152949919905,2995.7929272328834,635.9095679331234,2021.5209034310337,3304.270847933598,0.07999999999992724,N,V
DCB_se2_ag1_f_01_1,27968,ER0,10685,never,613.3106241968172,1197.290891097779,2821.5247470713243,615.6577675914111,1259.5263466514743,2745.7273669128676,600.5591415656033,1273.6623687562478,2779.802628009761,0.06999999999970896,V,W
DCB_se2_ag1_f_01_1,27970,EH1,10686,went,668.9966890682399,1685.2222360018784,3273.539118281254,677.1443951721678,1581.9511091901377,3299.819566485376,584.6034515351737,1902.335275941497,2913.951911396499,0.0500000000001819,W,N
DCB_se2_ag1_f_01_1,27974,IY1,10687,she,498.3859253770069,2038.7330753944345,3440.8345485037066,520.7223536166629,2085.1255345800864,3364.7385765232525,511.94303090927656,2374.4860821903603,3349.279616195547,0.02999999999974534,SH,N
DCB_se2_ag1_f_01_1,27976,EH1,10688,never,659.4056686779335,2044.2848761790303,3070.038633809219,688.3941425345824,1949.3837345327422,3053.1555319199715,664.6696982967524,2048.4504792415146,3060.386667623392,0.02999999999974534,N,V
DCB_se2_ag1_f_01_1,27978,ER0,10688,never,502.77743119037723,934.1358536254505,3202.1750805259385,730.8977479433253,1588.0592463615008,3299.043639652102,730.8977479433253,1588.0592463615008,3299.043639652102,0.07000000000016371,V,W
DCB_se2_ag1_f_01_1,27980,EH1,10689,went,564.449335243914,1361.715767192621,2557.4368622420084,574.0427732964849,1441.216340985854,2991.2840673581004,556.4920429815916,1646.7653918211222,2809.6000615503326,0.03000000000020009,W,N
DCB_se2_ag1_f_01_1,27984,AH0,10690,to,469.7274240435397,1912.1218058330312,3188.6207095956293,479.2058146733894,1998.168572144028,2921.615133019333,478.8956206181994,1999.5163461116256,2947.365280450885,0.03999999999996362,T,S
DCB_se2_ag1_f_01_1,27987,UW1,10691,school,409.60301181962683,1150.9412629372102,3339.5164111182603,794.1712928242536,1194.9966927514333,2552.646046023446,452.7037791298494,1325.38813586045,3232.187822346889,0.02999999999974534,K,L
DCB_se2_ag1_f_01_1,27990,IY1,10692,she,534.2518878490845,2511.2497747005937,3306.1744803879506,542.9680926178562,2456.9794666593984,3247.059974654576,508.478169410211,2559.3560654075727,3297.8388666917754,0.02999999999974534,SH,HH
DCB_se2_ag1_f_01_1,27992,AE1,10693,had,710.4561957747146,1715.6027086264276,2199.6030421590885,735.786267711123,1994.4932547091598,2273.969956083231,705.3052055801354,2205.5076894023878,3230.9747424995912,0.05999999999994543,HH,D
DCB_se2_ag1_f_01_1,27996,EH1,10694,plenty,559.5260270060609,2076.051557321895,3538.1103556403214,576.8822999162144,1816.378272194059,3373.939424490005,537.3982203636299,2118.1911003808805,3516.7997104231954,0.05999999999994543,L,N
DCB_se2_ag1_f_01_1,27998,IY0,10694,plenty,464.35636503560306,2593.2037612829904,3136.217479626825,965.7052211150482,2198.0850771414102,3147.982938908042,482.78603293366314,2793.7955276617135,3061.616251486719,0.08000000000038199,N,S
DCB_se2_ag1_f_01_1,28001,AA1,10695,scholarships,800.2360029208354,1300.6042805455306,2689.7691446307003,815.853315233005,1362.5598065398742,2745.1661244386282,726.1985850181186,1610.2483582449224,3025.574038876756,0.07999999999992724,K,L
DCB_se2_ag1_f_01_1,28003,ER0,10695,scholarships,477.5422827661768,1820.423707742094,3197.104101735713,511.27369996641715,1756.9262559334773,3233.3178752759272,464.9972354140602,1918.8403897996488,3728.8121549464377,0.0500000000001819,L,SH
DCB_se2_ag1_f_01_1,28005,IH2,10695,scholarships,544.7942731843589,1990.9224532823227,3039.6298159556586,588.8027071349599,2101.308854288266,3122.0930847321683,585.8059897241428,2098.2692998876096,3124.6042237150996,0.1000000000003638,SH,P
DCB_se2_ag1_f_01_1,28010,IY1,10697,she,538.9017403621409,2275.664016732779,3129.304315107453,539.1033617625853,2259.495751585207,3119.0327971642846,519.6433071293233,2284.426605503716,3178.900121694906,0.02999999999974534,SH,HH
DCB_se2_ag1_f_01_1,28012,AE1,10698,had,675.0834154890869,2020.4132280541023,3093.7933174030927,682.2172539150963,2010.8971834827282,3120.5510858625535,619.7867566560886,2101.195303480564,3037.462645525381,0.03000000000020009,HH,D
DCB_se2_ag1_f_01_1,28016,EH1,10699,plenty,514.0608888367327,2031.2047486507126,2233.361437712405,519.0072897273284,1790.9279025101475,2476.4866386474164,518.2167592306672,2229.3866701005777,3017.905384267713,0.03999999999996362,L,N
DCB_se2_ag1_f_01_1,28018,IY0,10699,plenty,510.2032614743711,2087.5869529955985,2997.4943286103594,556.4772816920955,2118.1889723385557,2935.4267449989215,430.2373036248212,2142.721056312569,3205.839697892005,0.02999999999974534,N,TH
DCB_se2_ag1_f_01_1,28020,IH1,10700,thing,474.95809230282475,2215.652491709527,3072.0240102448925,504.75976210742164,2123.335134399774,3107.5050405700267,473.0663518342209,2313.8604332983755,2976.690107361325,0.03000000000020009,TH,NG
DCB_se2_ag1_f_01_1,28023,AH0,10702,and,664.0320304719827,2154.5058433801223,3163.3160157803104,860.2188422733935,1877.3056432448957,3040.5985910508603,676.3414615136062,2232.613515208314,2990.8058881794236,0.03999999999996362,sp,N
DCB_se2_ag1_f_01_1,28025,AY1,10703,i,826.6326188534697,1938.7890657520054,3243.630932213346,848.0726994166585,1922.9328071428681,3208.6096876971706,806.5032033352254,1966.7284089394773,3450.6586446734073,0.05999999999994543,N,TH
DCB_se2_ag1_f_01_1,28027,IH1,10704,think,542.2140265323875,2235.177639084629,3278.82706907551,676.0020590748053,1852.4513382606717,3281.201129714587,535.7377035268971,2512.296288637588,3103.8195698162,0.02999999999974534,TH,NG
DCB_se2_ag1_f_01_1,28031,AE1,10705,that,682.900470933732,1960.8338242480456,2638.7772838680244,703.4645885187247,1831.9652186894505,2495.122173165026,629.556842251749,2011.3850427666846,2913.166991772609,0.03999999999996362,DH,T
DCB_se2_ag1_f_01_1,28035,EH1,10707,where,652.8043517932731,1614.7009629219451,3193.8624788249954,654.9192774925144,1756.1029447291903,3201.9054803895037,648.5528611529949,1994.1162353326338,3130.552005814651,0.03999999999996362,W,R
DCB_se2_ag1_f_01_1,28038,AY1,10708,kind,854.2480448545751,1530.6676318934428,1745.982121174429,866.3653753488076,1633.8013582149097,1735.4769312976186,844.5403308757983,1718.8376916341567,1773.9182692281263,0.05999999999994543,K,N
DCB_se2_ag1_f_01_1,28040,AH1,10709,of,831.8600162574069,1628.7788406411348,1884.5818488575665,883.4132735083078,1732.5913682781938,2558.5831046665176,847.1075598197995,1783.5145533479626,1879.392109122053,0.03999999999996362,N,V
DCB_se2_ag1_f_01_1,28043,AY1,10711,i'm,983.7209759875598,1536.740185754819,2409.998991051573,1009.3064749884101,1573.236132499171,2395.8895848412035,971.0159056149496,1608.070955347365,2319.1706185979992,0.13000000000010914,sp,M
DCB_se2_ag1_f_01_1,28045,AE1,10712,at,783.8685935574073,1919.3974581626032,3234.0946901618886,806.0857836254708,1889.3558729234317,3457.6936632114566,745.1128255213961,1940.1738285432957,3125.0982623104646,0.07000000000016371,M,T
DCB_se2_ag1_f_01_1,28049,AO1,10714,fault,687.0335300669617,1075.4974825386719,3390.9593042160545,691.2708931798072,1079.403865969511,3386.2392284656294,689.1986860553897,1079.8681733494836,3388.648270120397,0.07999999999992724,F,L
DCB_se2_ag1_f_01_1,28053,IH0,10715,because,525.5441765402885,2769.112320838605,3174.9747103023687,534.477419253548,2714.269130182948,3190.420371751856,487.66698031467575,2719.260355039542,2845.4149434170604,0.07999999999992724,B,K
DCB_se2_ag1_f_01_1,28055,AH1,10715,because,667.2557834546813,1959.7625397469221,3084.516277576096,668.8142672048377,1969.2011513033024,3096.897970508925,534.4113384349664,2100.072677939255,3026.9602722452646,0.05999999999994543,K,Z
DCB_se2_ag1_f_01_1,28057,AY1,10716,i'm,731.594630778526,1649.765238592895,2720.511832621758,766.262889709979,1651.5300579858408,2951.292552035599,765.5221646604213,1648.8651150018168,2928.512552425212,0.03000000000020009,Z,M
DCB_se2_ag1_f_01_1,28060,AA1,10717,not,851.5813125639696,1491.6682815069544,1999.7561632378572,851.5478793220368,1513.1239277390557,2000.9829458137353,773.6207312621511,2110.2433442411884,2603.7971743262924,0.09999999999990905,N,T
DCB_se2_ag1_f_01_1,28062,IH1,10718,in,580.0712021581401,2550.5551477873623,3364.11476228473,628.9971003425534,2245.0336136264905,3254.5159579858914,558.824706498626,2555.905961382426,3343.9889190694275,0.07999999999992724,T,N
DCB_se2_ag1_f_01_1,28066,OW1,10720,those,614.0303161059529,1087.7456359141254,3538.502586551268,657.572212720786,1326.273110270182,3248.5459067476145,618.4091052181461,1421.4919940169523,3174.1609701137736,0.1000000000003638,DH,Z
DCB_se2_ag1_f_01_1,28070,OW1,10721,programs,643.1896115130164,1215.4097476746958,2758.5075307961797,667.8394216715692,1318.4383501540167,2252.0095899375347,667.8394216715692,1318.4383501540167,2252.0095899375347,0.07999999999992724,R,G
DCB_se2_ag1_f_01_1,28073,AE2,10721,programs,652.3040896684622,1899.2346525028772,2559.900979943941,659.3432451990197,1800.6427059004486,2598.398380474051,648.1127753306704,2084.325498899565,2701.03649321408,0.11000000000012733,R,M
DCB_se2_ag1_f_01_1,28079,AY1,10723,like,676.868475651918,1928.226439283108,3160.0847333984357,736.8447279990066,1703.2708553406235,2892.838591642498,615.437498564274,2235.6170653225145,2560.921812819609,0.0500000000001819,L,K
DCB_se2_ag1_f_01_1,28082,AH0,10724,the,595.147584071573,1987.349435135783,3105.275831543283,616.485622800655,1955.8388816522806,3142.75932066859,593.6964612631344,2111.4871202327295,3157.7986433750925,0.09000000000014552,DH,AH0
DCB_se2_ag1_f_01_1,28083,AH0,10725,achievements,583.1272939790341,2123.3653271133353,3234.431546106997,609.8546194065996,2050.980280386965,3508.328864601999,568.4684705880355,2141.69242408111,3177.169735694188,0.04999999999972715,AH0,CH
DCB_se2_ag1_f_01_1,28085,IY1,10725,achievements,572.0661528245264,2704.8709246411427,3063.120238077873,581.9468484245776,2787.1606932739724,3021.0122764890575,563.3156652556987,2805.219585143446,3120.415526343181,0.04000000000041837,CH,V
DCB_se2_ag1_f_01_1,28088,AH0,10725,achievements,488.7685940978819,1458.8650696688069,2835.279215146991,496.8663090635301,1305.6297954181848,2736.1948488919916,491.88856932020815,1925.0932042429445,2790.700294830227,0.02999999999974534,M,N
DCB_se2_ag1_f_01_1,28094,OW1,10726,programs,617.9600521336522,1239.2210293615599,2381.481289671142,659.6561853089332,1289.1350837866144,2177.7223710278363,657.1477757904165,1291.3041814459416,2169.5398172102314,0.05999999999994543,R,G
DCB_se2_ag1_f_01_1,28097,AE2,10726,programs,638.8706498708594,1852.800656903394,2472.3176257323194,686.0192612942473,1935.3055918637012,2007.92870750211,675.4204090128741,1904.0000453352814,2162.889161695045,0.03999999999996362,R,M
DCB_se2_ag1_f_01_1,28102,EH1,10728,where,571.4521768508841,1506.5090315119055,2968.1471744766673,573.4741862617332,1536.9140552811277,2963.627727922451,562.2152998580186,1567.0672309239208,2948.4354261165504,0.02999999999974534,W,R
DCB_se2_ag1_f_01_1,28106,IY1,10730,people,360.3890752804109,1955.8198646147703,2998.979956277311,375.88697987918647,2635.00155069571,3101.024236958069,375.2313736994029,2648.041528911795,3112.68043740886,0.0500000000001819,P,P
DCB_se2_ag1_f_01_1,28108,AH0,10730,people,461.3965234947786,870.6720393385214,2705.088317472252,639.6028483667031,782.2387705183946,3188.4759704655953,338.6438473390379,1786.0711992990764,2745.3979739332613,0.03999999999996362,P,L
DCB_se2_ag1_f_01_1,28111,EY1,10731,basically,532.6917786462835,2544.748375443569,3132.834335052769,564.6062370134948,2454.439426802786,3202.136788671498,527.3874193917807,2549.3503977725977,3142.472472800769,0.07999999999992724,B,S
DCB_se2_ag1_f_01_1,28113,IH0,10731,basically,466.08102315096363,2119.89429832505,3088.7582958524135,518.8876181353538,2222.2868045733667,3187.9922295354772,516.1152470255294,2227.9176566524698,3182.8455176481275,0.06000000000040018,S,K
DCB_se2_ag1_f_01_1,28116,IY0,10731,basically,585.4203678983142,2990.105655111444,3043.3605221365997,598.9402255231208,3022.587050417672,3046.5115356068163,599.017410589045,3026.1820701975744,3055.6267822970062,0.08999999999969077,L,G
DCB_se2_ag1_f_01_1,28118,IH1,10732,get,518.3690300396722,2530.1729504630503,3112.8376579134706,555.9799090577698,2417.9859881367247,2919.41229510068,497.99366348180286,2748.530226877476,3169.449133270324,0.05999999999994543,G,T
DCB_se2_ag1_f_01_1,28121,EH1,10733,their,503.2876172859495,1500.822846179225,2911.638781288255,595.5433623268661,1929.2907159663853,2201.315935187406,504.3847861529112,2652.0196097686535,3001.0823054470934,0.13000000000010914,DH,R
DCB_se2_ag1_f_01_1,28126,IY1,10735,t,884.2164730589722,1939.6295271942645,3041.4368060567804,1230.1254927989673,2089.297604386437,3558.0868722145815,1163.5130429329104,2167.2898096501453,3545.365486220247,0.02999999999974534,T,sp
DCB_se2_ag1_f_01_1,28130,UW0,10737,tuition,688.8644017873331,1651.5831350191295,2811.871295500092,689.5767281771557,1654.4737185289569,2803.789341316973,526.3436298866876,1788.0058498599801,3236.220582512811,0.11000000000012733,Y,IH1
DCB_se2_ag1_f_01_1,28131,IH1,10737,tuition,614.4345139047082,1775.3185580605561,3043.1196285688284,613.8633412808499,1733.283234000332,3033.9687566009275,567.5209132159375,2300.820143882465,3270.8725420752558,0.05999999999994543,UW0,SH
DCB_se2_ag1_f_01_1,28133,AH0,10737,tuition,540.9576112568674,2087.1732512714157,3262.4102339193637,687.6294612216863,2178.882611405062,3440.3584638095886,550.3102136931753,2238.596417356583,3551.907310443691,0.05999999999994543,SH,N
DCB_se2_ag1_f_01_1,28137,EY1,10739,paid,499.7575888512415,2909.071275812123,3262.352365267666,716.7150897131656,2636.66013903168,3225.1649795323524,509.7012514526731,2912.3269430053547,3219.2383589914816,0.34999999999990905,P,D
DCB_se2_ag1_f_01_1,28139,AO1,10740,off,734.2092824862052,1091.2539021044274,3584.464748287811,775.0543682974509,1302.996326614629,3237.290745818884,732.9361203734851,1524.7682548962525,3127.6039083844785,0.5,D,F
DCB_se2_ag1_f_01_1,28143,AE1,10742,and,673.0750120620539,2270.5056228043914,3314.2569826778767,677.913716204707,2273.0830466253487,3389.10462342483,656.6438186893273,2353.9313837808395,3224.127158325052,0.07000000000016371,sil,N
DCB_se2_ag1_f_01_1,28145,IH1,10743,it,592.6060149913503,2125.91645661508,3490.394102457446,594.0410452733222,2112.183249931239,3430.8605845520533,589.4302460771743,2199.2192070804085,3415.7392139107856,0.07000000000016371,N,T
DCB_se2_ag1_f_01_1,28149,AY1,10745,kind,734.8739565194469,1692.5755524719686,3264.554832490666,765.9923845896399,1617.4763816339894,3039.356371109835,638.5835101267087,1823.0198886755352,3100.0395350987637,0.03000000000020009,K,N
DCB_se2_ag1_f_01_1,28151,AH0,10746,of,617.4774596300248,1565.4807847110083,2372.3498508635284,696.226181314364,1572.4708899893642,2421.533962645313,664.6890878751192,1760.6846478104292,3115.560754273729,0.03000000000020009,N,V
DCB_se2_ag1_f_01_1,28154,AY1,10747,like,718.9249889115113,1905.125221282702,2331.107576906103,784.4310627267581,1736.5410060309175,1927.8017641864333,657.8639568293555,2344.0402216133994,2728.9215585039838,0.06000000000040018,L,K
DCB_se2_ag1_f_01_1,28159,IY1,10749,people,519.8224809068644,2549.163685545381,3024.999290807112,538.8212761189675,2801.126748459743,3149.6110084216907,531.2545302371676,2807.3017912505625,3255.090786524959,0.05999999999994543,P,P
DCB_se2_ag1_f_01_1,28161,AH0,10749,people,498.59023073896725,963.4798499161133,2964.1205444714305,626.177823399226,2514.588199051396,2788.151824310934,615.0652070252437,2560.114783641679,2773.151302509649,0.0500000000001819,P,L
DCB_se2_ag1_f_01_1,28164,AY1,10750,like,863.006892031472,1974.4583418919683,3318.7503608404786,885.8682708563406,1839.2566475279402,2086.5802579748924,636.5623858411686,2123.055282938864,3179.6558679519585,0.07999999999992724,L,K
DCB_se2_ag1_f_01_1,28167,IY1,10751,me,495.5053021002749,2938.9126412030387,3333.1545761713664,683.6751724760044,1662.6362110694854,2695.4494472129627,504.13788408360506,2961.460484459454,3048.5692225289704,0.13000000000010914,M,AA1
DCB_se2_ag1_f_01_1,28168,AA1,10752,are,756.0158682879688,1650.9645468884776,2052.8734665551665,800.144599496534,1613.7732733935804,2115.9117815808304,746.3483114448622,1672.1272513957897,2009.8408713137128,0.06999999999970896,IY1,R
DCB_se2_ag1_f_01_1,28170,AE1,10753,at,627.490953201643,1855.2298569527816,2490.4993414883284,663.1635379050913,1844.6830031613777,2477.581074378269,613.9158822906079,1888.4488175872073,2755.261268441268,0.03000000000020009,R,T
DCB_se2_ag1_f_01_1,28173,AO1,10754,fault,595.1848632347202,1145.1306100718734,3398.2853882641275,621.6775962741666,1190.0355167094679,3480.0199365049366,618.1059941719471,1201.8507081813036,3453.488986104172,0.03999999999996362,F,L
DCB_se2_ag1_f_01_1,28177,IH0,10755,because,495.36035336532393,1361.4349122270548,2796.4748724099386,524.7322900597542,1656.7761014997361,2836.027168411617,496.16656041676424,2818.32736603788,3264.366080613457,0.06000000000040018,B,K
DCB_se2_ag1_f_01_1,28179,AH1,10755,because,636.0054210867235,1937.2927882848326,3427.7558184462805,635.9145659777428,1936.4589695673355,3421.3629917543562,635.9133337451767,1936.4476608078232,3421.2762883281252,0.06999999999970896,K,Z
DCB_se2_ag1_f_01_1,28183,IY1,10757,we,473.04447126303955,2415.6060600630703,3056.598930796437,636.1847054482126,2299.5351819140064,2960.1036485970776,434.9571744653291,2835.4610114338016,3121.7879369844118,0.1499999999996362,W,sp
DCB_se2_ag1_f_01_1,28186,AA1,10759,wanna,838.4926843952633,1391.806266133186,3011.671180237564,852.5584636858921,1446.0513530677813,3366.576206701842,759.1256951701403,1701.565325670941,3335.3405723770434,0.07000000000016371,W,N
DCB_se2_ag1_f_01_1,28188,AH0,10759,wanna,624.7550824657308,1917.9167341197747,3174.595207067687,652.2051550267753,1812.1909127709823,3205.077052888947,633.1982818652879,1920.5000311482054,3189.191375135859,0.06000000000040018,N,G
DCB_se2_ag1_f_01_1,28190,OW1,10760,go,606.6524607397373,1194.564948695884,3263.909499718205,609.9739549155254,1117.0261604751126,3221.83953485054,554.6437467651751,1402.4729565075477,3118.246406692061,0.07999999999992724,G,T
DCB_se2_ag1_f_01_1,28192,AH0,10761,to,435.3592060723374,1824.1380293153238,3227.4749369207393,1553.5135074142838,2805.1984743056296,3972.0641185926256,1500.2781669322524,2775.804710618587,3924.768395442556,0.05999999999994543,T,S
DCB_se2_ag1_f_01_1,28195,UW1,10762,school,470.28693378014816,917.0091555645859,3180.510441831085,801.7295977718128,1218.3483862419225,2928.8079591221826,801.7295977718128,1218.3483862419225,2928.8079591221826,0.03999999999996362,K,L
DCB_se2_ag1_f_01_1,28199,AY1,10764,i,1002.6928390510526,1583.485019106508,2624.9052151414735,1231.6323616429033,2175.502396678161,3358.208528064099,1237.1594366320398,2186.1773446891775,3363.245568800376,0.17000000000007276,,W
DCB_se2_ag1_f_01_1,28201,AA1,10765,wanna,804.0746761853918,1479.726829040396,3368.078645148271,838.4862887499108,1102.4261951750368,1447.297441933506,755.5276658110223,1700.9215217943552,3462.273300838575,0.04999999999972715,W,N
DCB_se2_ag1_f_01_1,28203,AH0,10765,wanna,568.7216452546654,1826.9443092250792,2573.7385214327874,591.8828156695528,2002.3856879879959,2085.8244055024247,543.2447835676135,2002.6165196400245,2787.075860744178,0.05999999999994543,N,D
DCB_se2_ag1_f_01_1,28205,UW1,10766,do,481.54007103067244,1542.848922871693,3106.072461525061,483.7180904449645,1948.3864085823352,3088.855828176321,483.0962935910368,2022.5204311556408,3083.3021880078395,0.1000000000003638,D,DH
DCB_se2_ag1_f_01_1,28207,IY1,10767,these,425.15092548589627,2569.6732532855704,3176.088923864956,469.4231796722065,2524.9379858447114,3048.512829582327,457.1526029045558,2674.9677271744936,3117.42709967544,0.07000000000016371,DH,Z
DCB_se2_ag1_f_01_1,28210,IH1,10768,things,522.7811014316025,2130.647363217286,3148.5162429218562,575.8645763313559,2409.6242590632346,3226.630352831743,567.7350418100045,2417.136469408293,3228.949749730826,0.03999999999996362,TH,NG
DCB_se2_ag1_f_01_1,28213,AY1,10769,i,974.0771373568441,1502.2485833719418,2375.9667656087104,978.0235703236634,1507.0542814420005,2359.998275591178,835.3438806915708,1831.1459364868886,2367.309568546057,0.11999999999989086,Z,W
DCB_se2_ag1_f_01_1,28215,AA1,10770,wanna,842.4647235251268,1328.617726354927,3473.7208834087646,865.0139956424067,1366.1538465300105,3454.152928366264,761.3182246654874,1446.3972601152298,3465.0502920015924,0.04999999999972715,W,N
DCB_se2_ag1_f_01_1,28217,AH0,10770,wanna,630.1164588996799,1301.8016424281484,3165.3154095209043,691.1126068838519,1436.924191789036,3103.9825299028,644.2084195740011,1600.9378541552014,3132.5916992407756,0.12000000000034561,N,W
DCB_se2_ag1_f_01_1,28219,ER1,10771,work,654.1034777216893,1457.1773497698916,1917.892501605138,703.6581196317499,1414.1485062802171,2043.4937017341674,650.9281096573799,1453.6066885557022,1929.8486543938027,0.07000000000016371,W,K
DCB_se2_ag1_f_01_1,28222,AA1,10772,hard,873.5614241691757,1298.844792567756,2510.0672569241933,886.8451774993372,1358.5254293287612,2510.315034728653,865.7589419684114,1444.71247830062,2666.5143184581475,0.1299999999996544,HH,R
DCB_se2_ag1_f_01_1,28225,IH1,10773,in,635.4505642447035,2055.9064934047437,2736.5710600008556,686.2299009485337,2085.4583241513437,2810.8960978691066,671.6202391918514,2232.476537324407,2970.0780669873225,0.03000000000020009,D,N
DCB_se2_ag1_f_01_1,28228,AO1,10775,order,492.4265678796726,1094.65043099356,1913.8579757555217,567.8898549212444,1081.1591725909184,3389.0193146560787,526.0468556282077,1780.7522933190553,3075.597218067977,0.13999999999987267,sp,R
DCB_se2_ag1_f_01_1,28231,ER0,10775,order,581.5020154483117,1830.4694602889078,3191.92129615652,774.7573921331762,1949.4942138205884,2884.638501896069,774.7573921331762,1949.4942138205884,2884.638501896069,0.1299999999996544,D,
DCB_se2_ag1_f_01_1,28234,IH0,10777,to,476.86213326961905,2094.967817616734,2988.9457706732965,567.4972496839512,1944.8415833706108,3129.928224424474,475.0777796577026,2101.7111615587155,2988.8270826099374,0.0500000000001819,T,G
DCB_se2_ag1_f_01_1,28236,IH1,10778,get,466.32763783744366,2394.8136923439624,2508.304152147198,491.5075146984151,2590.53688599218,2963.1785401207417,479.4726418628549,2614.981222708889,3002.2308747584557,0.0500000000001819,G,T
DCB_se2_ag1_f_01_1,28239,UW1,10779,to,538.2315315361658,1106.7651661978255,3295.0991389510423,619.0582310790976,1355.1489386006642,3118.2261326115204,513.0780851788543,1716.697335801572,3154.6312479149783,0.17000000000007276,T,AH0
DCB_se2_ag1_f_01_1,28240,AH0,10780,a,513.4568766618379,1705.3781092335673,2999.964474802509,612.7408843217075,1420.03760208037,3112.9324099937394,538.5613629156742,2838.291812991009,3353.2453350108735,0.07000000000016371,UW1,Y
DCB_se2_ag1_f_01_1,28242,UW2,10781,university,621.3308581418652,1538.7702810954258,2642.335344710598,636.7061005356418,1561.527226574519,3045.827597202179,542.5952947966143,1712.756536559936,1911.8632954710652,0.0500000000001819,Y,N
DCB_se2_ag1_f_01_1,28244,AH0,10781,university,646.5969818458578,1706.2335009568963,2841.9060486132353,646.5258495731596,1709.9263559511433,2839.8367667755856,631.2971513900532,1764.7582935321009,2367.725106055065,0.04000000000041837,N,V
DCB_se2_ag1_f_01_1,28246,ER1,10781,university,619.0880699712642,1620.2021387974419,2052.862822340857,619.9162245617157,1551.4572057337373,1999.6503046635378,587.076448413362,1875.4122378415316,2767.69418038528,0.06999999999970896,V,S
DCB_se2_ag1_f_01_1,28248,AH0,10781,university,637.0580668619657,1773.257841249771,2763.225119667754,641.7803903435449,1851.338965672172,3013.3541725738805,641.7803903435449,1851.338965672172,3013.3541725738805,0.02999999999974534,S,T
DCB_se2_ag1_f_01_1,28250,IY0,10781,university,439.53338278364805,2352.160629080882,2943.126979449048,700.5698373286256,1806.9215815765742,2888.2688994427567,427.9429033034612,2796.868881033178,2870.698180415584,0.07999999999992724,T,AY1
DCB_se2_ag1_f_01_1,28251,AY1,10782,i,974.9649574600963,1621.1187361969185,2459.1699878599425,979.6640650231998,1674.331916745926,2399.038683837786,700.5698373286256,1806.9215815765742,2888.2688994427567,0.11999999999989086,IY0,W
DCB_se2_ag1_f_01_1,28253,AA1,10783,wanna,744.7073577313529,1397.2787169868275,2883.6314039129393,776.0314139415732,1156.0830215650951,3465.1924281344573,719.5840358525412,1579.8983009411154,3499.8701909998267,0.0500000000001819,W,N
DCB_se2_ag1_f_01_1,28255,AH0,10783,wanna,617.5153572142716,1288.566454736233,3016.509890406355,726.0811658158318,1301.853772588212,2986.4372252106,618.7484194833697,1608.308808555705,3037.6274633317134,0.07999999999992724,N,W
DCB_se2_ag1_f_01_1,28257,ER1,10784,work,555.9272651713652,1356.773878160074,1791.0630882991948,745.1278773390295,1383.3396305120264,1903.7385243092713,625.6518465044823,1395.302733431,1863.195047545127,0.08999999999969077,W,K
DCB_se2_ag1_f_01_1,28260,AO1,10785,for,568.673231843055,1028.1977719967658,2945.454007184071,580.3750358501159,1024.8943520919631,2968.3196535721454,569.9157408359886,1027.8470116407834,2947.8819038783995,0.02999999999974534,F,R
DCB_se2_ag1_f_01_1,28264,AH1,10786,what,614.2279387850763,1601.2337024786311,3035.517643854849,627.136525876216,1801.220908149352,3080.6857815955336,627.136525876216,1801.220908149352,3080.6857815955336,0.06999999999970896,W,T
DCB_se2_ag1_f_01_1,28266,AY1,10787,i,816.605705949919,1371.1940519518635,2319.6146544452827,1003.7192838239886,1470.0424234145703,2330.0356570938784,975.1598780560827,1511.8860348869928,2267.6552863779875,0.13000000000010914,T,sp
DCB_se2_ag1_f_01_1,28270,AH1,10789,what,626.6940948748497,1358.2941420116385,3004.9783542454584,633.916911106215,1498.393444006181,3018.185465117667,625.1950825834316,1630.7750357874195,3072.458366951061,0.03000000000020009,W,T
DCB_se2_ag1_f_01_1,28272,AY1,10790,i,913.5922086438793,1341.0867955395017,2173.6709894145,918.3492991068765,1430.638904520045,2259.6768616563963,828.2019397620485,1622.035233253524,2410.732452848633,0.07000000000016371,T,W
DCB_se2_ag1_f_01_1,28274,AO1,10791,want,673.4016859224,1023.777383886153,3317.9706509551866,737.7857487286311,1396.424489085648,3153.9585993598707,706.1255951695117,1452.2598246884331,3120.9542753859328,0.0500000000001819,W,N
DCB_se2_ag1_f_01_1,28278,AH0,10792,to,876.7418379856276,1545.3525854317943,2314.2522240941826,922.7787474757794,1466.1957287521568,2364.687712371272,678.4210866269992,1764.214521574206,2846.3390098083905,0.17000000000007276,T,ER1
DCB_se2_ag1_f_01_1,28279,ER1,10793,earn,779.0473977608432,1785.2007564784983,2102.8925188696808,912.4840781662622,1458.9400456697406,2024.7844522315193,598.6265091986014,1951.632505410372,2113.0416063346906,0.3200000000001637,AH0,N
DCB_se2_ag1_f_01_1,28284,AH1,10795,but,658.1902291083364,1766.5815051491838,3072.0041970843176,665.7540840369093,1734.2918840440918,3066.9514975499555,645.9659727349962,1953.309978071904,3111.400662979177,0.05999999999994543,B,T
DCB_se2_ag1_f_01_1,28286,IH1,10796,it,551.3964537075268,2247.8542073126114,3266.7770938394156,578.2434851001925,2192.848666351922,3101.108977646871,535.0997472700276,2278.715733734696,3205.282901476137,0.04999999999972715,T,T
DCB_se2_ag1_f_01_1,28290,AH1,10798,some,804.4638601876898,1581.1199121085824,3203.8870680603736,825.4529567853749,1546.663576701059,3080.2241120048056,569.0788416970918,1656.0377932781125,2503.2999661290905,0.06999999999970896,S,M
DCB_se2_ag1_f_01_1,28293,IY1,10799,people,549.233986902827,2563.9829011638512,2972.691675537899,576.7434220304201,2525.307610918912,2962.7672376336404,542.3711560249398,2664.53620752277,3078.9719968295617,0.08999999999969077,P,P
DCB_se2_ag1_f_01_1,28295,AH0,10799,people,446.87509380795797,1480.4452292473802,2840.4787941662225,557.803810386572,1198.426220124364,2861.557745784242,410.9748648168517,1816.7345291110971,2892.1485842657726,0.02999999999974534,P,L
DCB_se2_ag1_f_01_1,28298,UW1,10800,who,537.7247885462922,1000.5431226387678,3065.488972554065,737.1094754955657,1388.3313974186406,2634.011567304225,737.1094754955657,1388.3313974186406,2634.011567304225,0.07000000000016371,HH,AA1
DCB_se2_ag1_f_01_1,28299,AA1,10801,are,830.7302193050849,1507.3760135731088,2347.7050450028873,831.2238692936119,1520.0462475670092,2336.8150199316788,812.255908232695,1551.3147077341605,2319.5845243283743,0.02999999999974534,UW1,R
DCB_se2_ag1_f_01_1,28302,IH0,10802,just,554.059385781884,1893.1605256877504,3233.7588393893247,566.9725856500327,1921.9910556418733,3237.228381523551,494.1138503921982,1940.4612102652575,3100.6600538012426,0.06000000000040018,JH,S
DCB_se2_ag1_f_01_1,28305,IH1,10803,getting,476.0620764482656,1905.8330103116405,2431.654492109521,619.524464410787,2238.4441938305017,3091.185500249607,505.55516253721345,2506.6778879184235,3051.471536201242,0.05999999999994543,G,T
DCB_se2_ag1_f_01_1,28307,IH0,10803,getting,623.3580406932153,2110.2748625341856,3210.2591335589595,625.0247732860092,2108.2492399445323,3200.7887796968025,597.3428306679476,2140.9278429367573,3182.8881870118116,0.03999999999996362,T,NG
DCB_se2_ag1_f_01_1,28311,AH1,10804,stuff,750.3953671904484,1716.0333955100707,3066.9353933373222,752.9780504404338,1730.2698126441912,3080.5169403920067,696.5738033155542,1829.7772348369497,3009.474396506298,0.07000000000016371,T,F
DCB_se2_ag1_f_01_1,28315,AE1,10806,handed,671.0478531106697,2422.6899777109948,2793.049039948366,740.4036762817681,2355.752249647165,3350.114590405833,673.3106230363509,2466.9516057062206,3121.670577991126,0.11000000000012733,HH,N
DCB_se2_ag1_f_01_1,28318,IH0,10806,handed,514.5636059661805,2167.635383162639,3224.205615053336,530.8555495838727,2132.5993862581704,3228.234774739066,514.4589097943347,2167.8605333865025,3224.1797226487984,0.0500000000001819,D,D
DCB_se2_ag1_f_01_1,28321,IH0,10807,to,597.2188315106639,2039.3996008520191,3168.067461116206,597.1415262189361,2041.1123630123964,3167.362625626507,596.9452204780205,2106.8168499219714,3129.3435701590756,0.04999999999972715,T,DH
DCB_se2_ag1_f_01_1,28323,EH1,10808,them,728.6580408498351,1987.1712208461884,3319.476928869706,790.6782254876183,1713.143838886181,3185.8890344573215,652.6948058553161,2026.2487991244573,3274.4266852816636,0.12000000000034561,DH,M
DCB_se2_ag1_f_01_1,28327,AE1,10810,and,514.8440131774905,2661.4840137476094,3119.674438501156,1137.5885603225408,2164.8776509479017,3371.4855986881403,503.44528973987894,2739.597812072612,3090.9646374942145,0.07999999999992724,sil,N
DCB_se2_ag1_f_01_1,28330,EH1,10811,they're,563.2169960029153,2280.757933391691,2994.516788431926,664.460738219561,2220.6186811234465,2359.3115579792034,495.3981286664243,2300.284911120512,3038.139523781074,0.03999999999996362,DH,R
DCB_se2_ag1_f_01_1,28333,AA1,10812,not,920.9466820210231,1893.0005027766913,2540.898898074595,921.1784895585369,1906.6796840835525,2571.2311833857675,827.9216170754017,1943.5758261729698,2149.8242979944052,0.09000000000014552,N,T
DCB_se2_ag1_f_01_1,28336,IH1,10813,really,537.6978725992985,1587.3210132786498,2558.2631515971893,546.2747028194806,1651.3291954207186,2560.7829343170856,472.9017186904039,1762.6009993642529,2713.2447222348483,0.0500000000001819,R,L
DCB_se2_ag1_f_01_1,28338,IY0,10813,really,483.57923032047773,2671.1914874967365,2837.668827394771,508.5880901101418,2514.6036511312986,2858.906587407691,470.0546733005776,2679.4246867017114,2859.9632024490916,0.05999999999994543,L,G
DCB_se2_ag1_f_01_1,28340,OW1,10814,going,629.0056630069466,1191.9714160050473,1959.7176914676418,652.4171964115354,1201.8130341649419,2295.9112489280587,489.206877372352,1307.8876307727867,3122.8320753641933,0.0500000000001819,G,IH0
DCB_se2_ag1_f_01_1,28341,IH0,10814,going,632.4613126706835,1354.9443103301871,2681.6910188395545,632.7445051838396,1340.4184080894233,2552.0784083388817,608.8017971729571,1477.5657720193349,2763.8862853718124,0.03999999999996362,OW1,NG
DCB_se2_ag1_f_01_1,28344,AH0,10815,to,475.1157420682797,2384.810877802527,3163.8515943291604,542.1571024227754,1925.4760680529375,3025.761618009125,443.30191156842693,2613.1016305423395,3178.812885624283,0.0500000000001819,T,Y
DCB_se2_ag1_f_01_1,28346,UW1,10816,use,514.7419800920815,1375.2866916784628,3015.314272234738,550.3788854983599,2651.8733229789086,2961.70162552604,550.3788854983599,2651.8733229789086,2961.70162552604,0.11000000000012733,Y,Z
DCB_se2_ag1_f_01_1,28348,IH1,10817,it,446.16665858956003,2032.071412163024,3036.788779124834,503.3661668775643,2100.5975353196927,3017.122438657379,503.3661668775643,2100.5975353196927,3017.122438657379,0.03999999999996362,Z,T
DCB_se2_ag1_f_01_1,28356,IH0,10821,because,526.4150865852356,2591.6344433987724,3164.839176952527,536.5969535509073,2698.12745997453,3174.9668092870716,536.543822533066,2704.909485658235,3181.969759469466,0.04999999999972715,B,K
DCB_se2_ag1_f_01_1,28358,AH1,10821,because,784.223829152615,1643.7227368208073,2974.4593970931783,787.4188510744275,1668.6939322532273,3293.8386318096477,543.191864377384,1868.2612392392812,3257.5456819816386,0.13000000000010914,K,Z
DCB_se2_ag1_f_01_1,28361,AY1,10823,i,1004.471773345181,1692.488137105386,2434.497106418614,1026.6673249277997,1654.3772905318783,2201.631731053566,733.7555049503561,1960.6437742203475,2889.9238573849816,0.15999999999985448,sp,D
DCB_se2_ag1_f_01_1,28363,OW1,10824,don't,738.6941145202243,1376.0679150833264,2951.690706747502,797.319714770956,1303.212786571384,2176.3026994424044,701.3461401714671,1820.9815778078982,3029.540038731363,0.06999999999970896,D,N
DCB_se2_ag1_f_01_1,28368,AY1,10826,like,822.4872835428247,1944.2750361648339,3238.828866674189,871.1229546780006,1845.5081411447138,3185.2937039001667,647.65924308691,2209.6622637838177,3140.139869664078,0.0500000000001819,L,K
DCB_se2_ag1_f_01_1,28370,AY1,10827,i'm,878.4708160292448,1639.0785260535972,2464.4648251057542,877.7763644186844,1638.8932240447523,2461.3756606130733,770.6502726831286,1726.5644490988059,2792.3679257782014,0.0500000000001819,K,M
DCB_se2_ag1_f_01_1,28373,AA1,10828,not,914.557294124554,1997.4503316782466,2473.9300642669546,918.6454580066371,1958.679373245414,2541.2199132712203,859.0914119845055,2144.2849887183384,2953.013070967579,0.09000000000014552,N,T
DCB_se2_ag1_f_01_1,28375,IH1,10829,in,597.4810232273118,2190.2966795525904,2634.2750148570867,600.4994073376841,2229.6522749474575,3222.4504580739967,599.5836569877367,2237.9470142506307,3236.034337460562,0.03999999999996362,T,N
DCB_se2_ag1_f_01_1,28378,IY1,10830,dc,507.3647300017875,2140.243573370994,3174.0679782636107,1148.482801094079,2248.584869390943,3320.7303109988834,528.3489825305338,2822.2583233796086,3455.613936801372,0.1000000000003638,D,S
DCB_se2_ag1_f_01_1,28380,IY1,10830,dc,515.1038971292717,2773.300038354248,3214.3631585740272,544.6907669327696,2573.9064650529726,3162.4616955312467,523.074017983228,2788.398309947069,3226.7333553552203,0.07000000000016371,S,EH2
DCB_se2_ag1_f_01_1,28381,EH2,10831,anymore,575.6942958340695,2515.5383490161603,3199.9210299652464,585.0418054060287,2458.290702751606,3215.763682959979,534.397541067523,2651.313676359828,3211.98869838643,0.02999999999974534,IY1,N
DCB_se2_ag1_f_01_1,28383,IY0,10831,anymore,569.5423327357678,2540.6996325175005,2995.837853383775,569.4263238312222,2683.0161709513786,3083.567870318217,558.8039565844317,2991.12884192842,3235.874144289916,0.0500000000001819,N,M
DCB_se2_ag1_f_01_1,28385,AO1,10831,anymore,545.7319031786847,926.5596565646938,2629.832002839997,615.658082877216,857.335612100888,2962.547615039164,618.3931387160403,1308.9002132760425,2993.0485597245843,0.11999999999989086,M,R
DCB_se2_ag1_f_01_1,28388,AY1,10833,i,967.2493599493421,1628.7441317533458,2284.1983450985717,969.0882215058693,1638.3324792887754,2265.146692412881,781.8590493027156,1850.4114897753898,2638.176362505925,0.11999999999989086,sp,F
DCB_se2_ag1_f_01_1,28390,IY1,10834,feel,657.8581623335524,1451.2389417795005,2938.464182389659,949.4405899767571,1858.6581849043046,2980.372863301421,949.4405899767571,1858.6581849043046,2980.372863301421,0.03000000000020009,F,L
DCB_se2_ag1_f_01_1,28393,AY1,10835,like,826.6886165782189,1826.6004985989694,2040.2783919905053,866.6650228618157,1825.3135862659567,3183.3243181054527,613.9225357102475,2239.437892608463,2498.697746537713,0.05999999999994543,L,K
DCB_se2_ag1_f_01_1,28396,AE1,10836,that,681.6662254420404,2035.4537472577454,2186.5617313857488,710.1467664641121,1644.287561218982,2136.874861740568,670.7182915441463,2146.0795527634523,2400.684210531862,0.03999999999996362,DH,T
DCB_se2_ag1_f_01_1,28400,AY1,10838,my,924.2463336177573,1594.9100500828831,2443.0687101351937,953.2252350688019,1645.5842051653576,2315.193197263459,888.4691100425548,1711.4293943823147,2913.8941389270863,0.14000000000032742,M,sp
DCB_se2_ag1_f_01_1,28403,AH1,10840,huh,769.3775126389593,1674.3311958268773,2695.4845023116864,857.4000049432327,1708.490028672732,2814.4141975922244,835.1838600471392,1744.557033700875,2715.824753094018,0.15999999999985448,HH,
DCB_se2_ag1_f_01_1,28405,IH1,10842,it,645.3591328749826,1980.2109417480222,2877.6460207219034,795.3760286773543,1758.3171689526143,2535.6126596876907,562.7077200882318,2234.5215197502193,3111.4232108167785,0.08000000000038199,,T
DCB_se2_ag1_f_01_1,28409,AA1,10844,not,884.1827535092447,1943.2729216059242,2809.733793873285,958.9121918167084,1953.1554914008932,3209.4031513993887,857.0268232989093,1987.448303439482,3003.5780296404864,0.07000000000016371,N,T
DCB_se2_ag1_f_01_1,28411,IH1,10845,it,652.9269112485036,2263.3850576675186,3164.7175130960745,653.2695661308553,2267.8812131155987,3183.7880226000207,650.8439713773805,2280.2616120079815,3210.867206201389,0.03999999999996362,T,T
DCB_se2_ag1_f_01_1,28415,AA1,10847,not,748.7974350825338,1961.5991935022068,2594.2203040962104,850.9676093446134,1816.9778856194812,2546.8928689818204,751.0946101944762,1979.1485900040518,2482.5709371644857,0.11999999999989086,N,T
DCB_se2_ag1_f_01_1,28418,AE1,10848,yeah,620.6934141947967,2163.11928497998,3125.055552517093,665.8132433646261,2349.971047507479,2418.6040228244688,629.4997068042221,2406.131214950675,2505.9686632094144,0.20000000000027285,Y,Y
DCB_se2_ag1_f_01_1,28420,UW1,10849,you're,483.6696803813885,2231.6045458664103,2797.5868519523674,489.3075189682342,2352.501523390836,2854.5908461169192,468.8160998800387,2518.9138006842218,2911.1570676902174,0.0500000000001819,Y,R
DCB_se2_ag1_f_01_1,28423,AY1,10850,right,783.159172147707,1775.7451328404286,2168.004692701882,803.0841002048148,1724.3515799285647,2142.475622342852,657.6940889616195,2051.903159271219,2627.6018165508117,0.12000000000034561,R,T
DCB_se2_ag1_f_01_1,28430,AY1,10854,right,767.5290323971332,1951.7921450659594,2365.044839838511,800.8608763440183,1870.2679447034227,2296.270278364994,653.8856861535467,2166.193560383247,2484.3848024445533,0.14000000000032742,R,T
DCB_se2_ag1_f_01_1,28435,AE1,10856,yeah,787.5896180724437,1884.704988090227,3053.815128048685,787.6395146427864,1892.4628604197203,3052.3423287767664,613.31164349123,2342.096174976984,3166.1980497147133,0.2199999999997999,Y,sp
DCB_se2_ag1_f_01_1,28438,AH1,10858,but,701.1988270854105,1776.0489927445442,3086.5125669107824,808.3842891667325,1736.957474321332,3134.2268199810087,704.3215224673121,1784.834505714113,3044.5952935185533,0.09000000000014552,B,T
DCB_se2_ag1_f_01_1,28440,AH1,10859,um,797.0355400548639,1535.508091230512,1897.4908529297788,835.023539415815,1624.3780685658548,1637.2476849117488,809.7128534665146,1870.0716720782937,3122.400121598112,0.1799999999998363,T,M
DCB_se2_ag1_f_01_1,28444,AY1,10861,i,1002.1873117110059,1771.8282015280752,2475.9061297222906,1001.5494845679553,1772.821126215297,2473.020817849173,894.3504477122206,1981.681889274626,2771.8893087959955,0.13999999999987267,,F
DCB_se2_ag1_f_01_1,28446,IY1,10862,feel,681.7803231258698,1431.7094200055878,2807.767562600736,737.8542682155547,1510.9603425497871,2580.360426125213,737.8542682155547,1510.9603425497871,2580.360426125213,0.02999999999974534,F,L
DCB_se2_ag1_f_01_1,28449,AY1,10863,like,716.3044224601666,1975.5397953846266,3282.7491205300344,892.441988594705,1599.670059706221,2717.8376872311856,696.4161716008377,2152.818862805696,3116.0486869386964,0.05999999999994543,L,K
DCB_se2_ag1_f_01_1,28452,IH0,10864,because,534.0538272179267,2693.878211198019,3270.02707906105,584.908724175597,2683.0023079773487,3264.1033663775165,503.3238439993328,2720.071592993401,3008.2242153039265,0.07000000000016371,B,K
DCB_se2_ag1_f_01_1,28454,AH1,10864,because,682.9248509260602,1755.133216934761,3228.026703954079,698.7405753210579,1651.7581644625095,3209.864266420834,638.7943949128813,1847.9195386474316,3100.9975258044997,0.1299999999996544,K,Z
DCB_se2_ag1_f_01_1,28457,EY1,10865,they,476.088196720328,2438.0534659016325,3137.2558444444453,612.1512059951178,2235.058068134978,3104.1117119944947,522.1872464584012,2510.8861530018116,2705.5498294793656,0.09000000000014552,DH,HH
DCB_se2_ag1_f_01_1,28459,AE1,10866,have,709.4272709572326,2075.6429688688954,3184.0341874181454,711.1432693483193,1974.871834210872,2926.578426064086,710.3254969189502,2083.2881395729537,3195.9912996178396,0.08999999999969077,HH,V
DCB_se2_ag1_f_01_1,28463,IY1,10868,dc,512.9875998876603,2896.805345438794,2994.8027016321694,614.2289346372088,2804.6309500294296,3326.1580351967414,591.770320189235,2891.102046197699,3364.5719054349483,0.11999999999989086,D,S
DCB_se2_ag1_f_01_1,28465,IY1,10868,dc,554.1250174497601,2918.972355720516,3414.4302741405636,591.8142233913308,2678.0285335968188,3145.1578215678537,539.3457233426501,2931.3885045345487,3243.786219205779,0.08999999999969077,S,HH
DCB_se2_ag1_f_01_1,28467,AE1,10869,has,677.214802572322,1874.412374073325,3161.207172020118,727.9359626437812,2107.946596924722,3269.527858023292,725.2798299296422,2098.2415890894727,3255.876571557128,0.04999999999972715,HH,Z
DCB_se2_ag1_f_01_1,28470,OW1,10870,so,654.00315472136,1100.6486034314544,3221.250411055611,715.7080109733342,1055.1041962698453,2492.1123346773797,637.9192389131309,1753.875125709485,3232.993811840252,0.10999999999967258,S,M
DCB_se2_ag1_f_01_1,28472,EH1,10871,many,517.2370434490168,2185.6173920624824,2991.7156823335176,562.7681408613377,2598.50314648418,3261.051771537646,562.2796607454003,2597.9000474134277,3258.6208315024287,0.03999999999996362,M,N
DCB_se2_ag1_f_01_1,28474,IY0,10871,many,497.13474430668293,1821.315545371972,3323.9723114043472,526.1009700397651,2851.778762261899,3794.742050627509,519.3371107852869,2893.754881577055,3505.9083581028844,0.07999999999992724,N,P
DCB_se2_ag1_f_01_1,28477,OW1,10872,programs,614.6837526401147,1221.912681090677,2712.54680878782,629.7574878058241,1260.4184863569717,2256.3546577742695,625.0683674911013,1273.2316897045448,2492.4543231250263,0.06999999999970896,R,G
DCB_se2_ag1_f_01_1,28480,AE2,10872,programs,599.4640414466442,2026.8531995386104,3043.1003874626963,674.9519016759367,2012.1559373991972,2677.630503294626,606.1945562094389,2130.4899540882056,2925.0231061782642,0.1299999999996544,R,M
DCB_se2_ag1_f_01_1,28485,AH0,10874,and,548.9541104631843,2245.2640152621116,2908.4771685106075,679.0415836019506,1727.1479467209515,2844.584859672352,560.9016917095386,2297.2580903280136,2972.3225333352584,0.02999999999974534,sil,N
DCB_se2_ag1_f_01_1,28488,OW1,10875,so,671.3160391164174,1315.1952405949423,3172.486694019239,696.8537411885244,1296.0464108112938,3370.889443793748,590.07896880404,1778.051025536906,3139.3235542094385,0.07999999999992724,S,M
DCB_se2_ag1_f_01_1,28490,EH1,10876,many,495.9428407056093,2202.109760212893,3098.2324254594314,575.1482859755899,1692.2809303977895,3031.0125730743866,493.01077019486695,2231.5681922015415,3103.50238425152,0.03000000000020009,M,N
DCB_se2_ag1_f_01_1,28492,IY0,10876,many,477.9528199952302,2661.261207512397,3274.698088347336,519.7251431471904,2523.535885101111,3191.4684636714233,485.1492676186925,2745.1037142231967,3504.9233631465954,0.06999999999970896,N,D
DCB_se2_ag1_f_01_1,28494,IH1,10877,different,586.8762112808236,2107.251938678555,2848.0352158051446,795.7447475909229,2163.053687914764,3339.5701260418928,471.573139942423,2218.53612356649,2965.5637887832872,0.06999999999970896,D,F
DCB_se2_ag1_f_01_1,28497,AH0,10877,different,612.2893560717596,2104.3473078077,2640.808938314099,611.5891112126913,2074.7695417860446,2617.8369889663027,586.0121607114434,2156.2432432426435,2734.680851605639,0.03000000000020009,R,N
DCB_se2_ag1_f_01_1,28501,IH1,10878,things,536.4159332782478,2334.3654974259375,3339.4334455057788,576.2812239802362,2118.719713974201,3118.372920980755,530.3161436559741,2586.6271037053066,3398.6444063942718,0.03999999999996362,TH,NG
DCB_se2_ag1_f_01_1,28505,ER0,10879,for,539.2781723501593,1545.0863087156472,3128.942366902548,581.6818162947425,1346.9646632894567,2953.8561348846874,565.1434497145399,1631.1493996345523,3195.6922639939166,0.09000000000014552,F,DH
DCB_se2_ag1_f_01_1,28507,EH1,10880,their,427.1690666346244,2228.261312921581,2917.8059165393247,568.3789806228924,2324.5396943779874,2953.4710649362823,544.9348324863508,2435.0070464104624,2822.9575868477386,0.10999999999967258,DH,R
DCB_se2_ag1_f_01_1,28511,UW1,10881,students,549.3615171643964,1117.328699267892,2846.743024169911,549.3061774722962,1120.2567481678382,2853.4467905425877,519.6189686018421,1933.0144607353338,3019.568539405572,0.09000000000014552,T,D
DCB_se2_ag1_f_01_1,28513,AH0,10881,students,478.8518536835554,1853.6301240137223,3116.8655590417866,540.0050309312131,2041.3068123398016,3337.9413809055523,540.0050309312131,2041.3068123398016,3337.9413809055523,0.05999999999994543,D,N
DCB_se2_ag1_f_01_1,28517,IH0,10882,it,527.7781868774684,1958.5754114420208,2945.9031772033095,537.8585092807386,1949.7058017207464,2863.756830720812,479.3858710747658,1971.9076286042368,3355.2672752077615,0.03999999999996362,S,T
DCB_se2_ag1_f_01_1,28521,OW1,10884,so,674.9286509115116,1243.8564939794433,3160.0486553498013,675.599265238003,1273.8584045841624,3200.285719880172,590.9681678396141,1594.6944724891039,3002.20393063237,0.11000000000012733,S,M
DCB_se2_ag1_f_01_1,28523,AH1,10885,much,756.5867020940314,1820.942496528945,3275.0917173480857,758.6523206925806,1841.7429887771482,3264.113393478535,705.4771224013392,2100.622064348445,3180.1468144201203,0.09000000000014552,M,CH
DCB_se2_ag1_f_01_1,28526,EH1,10886,set,752.7605087912826,2114.5477871772187,3219.49756925306,778.1641626286577,1958.1173592399814,3266.5117485686483,747.9460467544477,2153.823748032754,3292.0041917864537,0.15000000000009095,S,T
DCB_se2_ag1_f_01_1,28528,AH1,10887,up,793.2994591185984,1583.461527397476,3218.512624175706,793.319835805981,1583.508749727106,3218.41238067291,739.2149428763405,1801.3590227274553,3176.26644173829,0.13000000000010914,T,P
DCB_se2_ag1_f_01_1,28531,ER0,10888,for,578.0460477564806,1756.1723808482334,3220.161638337347,591.5216945664993,1693.2509836560603,3137.5876529365873,571.4422659215314,1760.5730916701445,3224.6884145960703,0.04999999999972715,F,DH
DCB_se2_ag1_f_01_1,28533,EH1,10889,their,410.20809289175924,530.6383228780206,2569.763596052864,577.8867102996111,2188.4398716429387,3024.4668780536745,554.9573079379852,2610.7245903201833,3547.103692993362,0.0500000000001819,DH,R
DCB_se2_ag1_f_01_1,28537,UW1,10890,students,491.60370617116575,1536.963273101327,3071.63661824623,499.85010937971145,1724.0788372260931,3013.700792803253,499.7812185875661,1743.115732137161,3031.63027959484,0.03999999999996362,T,D
DCB_se2_ag1_f_01_1,28539,AH0,10890,students,466.0572112699883,1772.7888243779262,2807.9872316087663,510.22677605940356,1688.30611321551,2851.318320163809,510.5230935796705,1813.9845137959703,3172.945050049608,0.02999999999974534,D,N
DCB_se2_ag1_f_01_1,28544,OW1,10891,so,548.2962426655595,1434.4276488064659,3313.2371927903423,547.7367752229095,1435.8496484541042,3304.716127613469,535.9532736627015,1560.9388444323117,3034.858244112968,0.03000000000020009,S,DH
DCB_se2_ag1_f_01_1,28546,AH0,10892,that,571.5079883677951,1979.1495434632022,2999.8111891094745,581.5500892112258,1992.1565069020037,2934.6657307316395,577.3261812946422,1993.2522956788955,2933.0851531416993,0.02999999999974534,DH,T
DCB_se2_ag1_f_01_1,28550,EY1,10894,they,496.9685273647082,2602.8532157877744,3204.347095458529,605.3793796836397,2349.2819896104406,3123.503097099191,491.2734873593406,2800.5652419507223,3220.650132112805,0.10999999999967258,DH,K
DCB_se2_ag1_f_01_1,28552,AH0,10895,can,530.0404548386583,2368.585550864233,3159.4190001463917,835.0548841504609,2064.779056401016,3015.7139680286136,527.3621756187448,2396.5956927301504,3112.960007491587,0.03999999999996362,K,N
DCB_se2_ag1_f_01_1,28555,IY1,10896,be,572.28813488442,2508.0279196805745,2845.709498261925,596.5695203090169,2353.5553597000144,2904.379660853006,578.1002881367054,2533.7013881692696,2853.6607710821036,0.06999999999970896,B,S
DCB_se2_ag1_f_01_1,28557,AH0,10897,successful,508.5062707415772,1768.0839204324695,2863.3779662376282,784.4624465188818,2046.4528160481211,2945.9289915532295,784.4624465188818,2046.4528160481211,2945.9289915532295,0.04999999999972715,S,K
DCB_se2_ag1_f_01_1,28560,EH1,10897,successful,692.7466831964772,1853.525174656615,2359.9263426613993,838.8271359241443,1839.2127817362827,3169.0618130712096,667.8932721176552,1854.2878683048732,3102.308161863877,0.11000000000012733,S,S
DCB_se2_ag1_f_01_1,28563,AH0,10897,successful,534.7812712812846,1170.1180417013697,2466.7692854039265,540.3577125413624,1707.8592603948837,2356.5260980130724,531.2468930432586,1939.6350581863635,2868.340482165195,0.03000000000020009,F,L
DCB_se2_ag1_f_01_1,28566,AE1,10899,and,648.0213908348575,1668.4986693786045,2401.1392155916174,1072.4773502113553,2135.48951004143,3072.535689960109,641.5725667314307,2250.3575000299206,2893.206729976723,0.05999999999994543,sp,N
DCB_se2_ag1_f_01_1,28569,AW1,10900,now,838.5513608928925,1535.8573037053552,2578.6126104018113,891.3360579190445,1747.357352564887,3048.971625422442,794.7454891920622,1914.0435068574131,1975.8185766419265,0.09999999999990905,N,DH
DCB_se2_ag1_f_01_1,28571,AE1,10901,that,644.644238967008,1146.8719105513283,2136.0266649658847,663.6836289746996,1422.005223945362,1952.860764885979,663.6836289746996,1422.005223945362,1952.860764885979,0.03000000000020009,DH,T
DCB_se2_ag1_f_01_1,28573,AY1,10902,i'm,938.6075347590828,1682.6127338336894,2456.4231947891776,944.4392084199214,1711.6571804182763,2445.6213926345126,886.4454706819414,1773.9207425279913,3225.840994165202,0.08999999999969077,T,M
DCB_se2_ag1_f_01_1,28575,IH0,10903,in,626.4332313803391,1790.699878945893,3000.6671164462937,629.0923711985365,1780.415194811329,3010.0800649499593,626.4232571394922,1790.8921442389255,3001.1061785504403,0.0500000000001819,M,N
DCB_se2_ag1_f_01_1,28578,EH1,10904,maryland,646.6408667212389,1556.730581595397,2530.292402706932,657.7057371534569,1667.5191910760484,2586.095301341274,657.7057371534569,1667.5191910760484,2586.095301341274,0.03999999999996362,M,R
DCB_se2_ag1_f_01_1,28580,AH0,10904,maryland,669.9513171415969,1700.587713551632,2877.1423133162166,670.3524453049171,1697.6492396657582,2835.6852702953593,669.0316189960158,1703.8855843098736,2909.087203195109,0.03000000000020009,R,L
DCB_se2_ag1_f_01_1,28582,AH0,10904,maryland,591.2758188643774,1585.2428852296514,2953.041485844042,660.6242558347883,1621.3668750185386,2974.7169067387863,606.3458948990558,1671.5537041969294,2490.2783199114456,0.02999999999974534,L,N
DCB_se2_ag1_f_01_1,28586,IH1,10906,it,622.8024158775448,2694.2277234649823,3269.793786629108,693.9647325682282,1660.5903770801729,2888.410074006381,623.258731061799,2713.45608050415,3287.352093439581,0.06999999999970896,sp,T
DCB_se2_ag1_f_01_1,28590,AY1,10908,kind,847.6919375259536,1644.9024052242191,2538.572111818605,858.515635287971,1613.2246735256524,2466.9643608405445,811.4093590435241,1760.410011492958,2836.288154888879,0.05999999999994543,K,N
DCB_se2_ag1_f_01_1,28592,AH0,10909,of,762.5637856864986,1718.7723797187627,2687.3060003460073,775.7354383124898,1681.0327150722326,2817.943616535985,764.2458447135816,1736.6804165510632,2799.942790872948,0.02999999999974534,N,V
DCB_se2_ag1_f_01_1,28595,AY1,10910,like,788.8000063132256,1155.0805450455664,1986.9236108905372,804.4096410004693,1512.9182458835016,2021.6143420648382,732.8421887983338,2072.0098782701752,3391.172778918049,0.09999999999990905,L,K
DCB_se2_ag1_f_01_1,28602,AY1,10914,i,843.9473866354543,1949.4659125187595,2787.3871493953916,896.0073382548093,1839.741972572298,2692.4572115654782,621.1737428423424,2056.1120300777034,2869.3284309200058,0.06000000000040018,sil,G
DCB_se2_ag1_f_01_1,28604,AA1,10915,got,978.7555721080392,1202.146706349213,1998.70001734456,981.9201015691464,1208.9985302143734,1994.8660541679283,962.3632231395748,1804.1750417898768,2595.6389854557146,0.09000000000014552,G,T
DCB_se2_ag1_f_01_1,28607,AH0,10916,the,561.4092783154516,1918.0237430106238,3058.4635944977276,559.789718998593,1921.1825272704236,3084.1238560238776,538.7119176986057,2085.7801572671287,3189.548391322884,0.04999999999972715,DH,SH
DCB_se2_ag1_f_01_1,28609,AO1,10917,short,506.01790080980004,1088.8162179033932,2892.1923144229045,597.9485057936588,1263.187750707692,2682.181114120873,570.7734007172387,1599.4029009780975,3167.0557770727846,0.07999999999992724,SH,R
DCB_se2_ag1_f_01_1,28612,EH1,10918,end,588.3292286583581,2330.786804578592,2792.235303012571,594.7029281258341,2318.8619005745213,2829.6323610662453,584.4969823851111,2337.956764373783,2769.749972932621,0.05999999999994543,T,N
DCB_se2_ag1_f_01_1,28615,AH0,10919,of,666.0839627356415,1116.0073255643943,2309.737013996713,684.5076579703655,1951.8392828452543,3111.686768402702,684.4402446635498,1958.265786999898,3103.004910856466,0.08999999999969077,D,V
DCB_se2_ag1_f_01_1,28618,IY0,10920,the,438.02585221112577,2031.3953452468074,2924.0971192576676,554.6069544134884,2031.9752696705164,2872.679088304366,442.93933775500506,2040.686943898708,2875.892003773246,0.0500000000001819,DH,S
DCB_se2_ag1_f_01_1,28621,IH1,10921,stick,618.7462463680207,2392.0886868404755,3008.978099112211,626.1891468619228,1533.622199334218,2458.6912407913787,597.6850650967496,2483.971501660706,2962.3164518362714,0.07999999999992724,T,K
DCB_se2_ag1_f_01_1,28623,AE1,10922,and,664.7366229355281,2155.4832211591206,2806.167908864271,741.9278620742449,2145.9618606174704,2878.5813959549605,570.8635206544552,2370.838545006585,2845.2337049578205,0.05999999999994543,K,N
DCB_se2_ag1_f_01_1,28625,AY1,10923,i,989.1744805001663,1784.1957127966896,2136.268894163709,1030.6181162400708,1799.7675080060849,2548.7808174547963,923.255359162499,1865.0664756239428,2565.751085756582,0.09000000000014552,N,HH
DCB_se2_ag1_f_01_1,28627,AE1,10924,have,993.059763136137,1734.2136677626456,2414.5811598033283,1060.639529389503,1795.7834511383464,2512.281577653276,832.5333084810327,1825.3280452928507,2576.092438920452,0.05999999999994543,HH,V
DCB_se2_ag1_f_01_1,28630,AH0,10925,to,609.09908564945,1282.4591140185046,3028.5215232099554,620.2559511735406,1025.4898345135994,2809.0574770981534,586.2383052234392,1747.4489784294412,3015.7445434829406,0.04999999999972715,T,W
DCB_se2_ag1_f_01_1,28632,ER1,10926,work,637.2599472519106,1514.4762307122826,1994.9938349879556,659.0688699176593,1354.146447306712,1834.3254598290785,636.7827099901592,1516.5231625461279,2001.5329733554095,0.05999999999994543,W,K
DCB_se2_ag1_f_01_1,28635,AY1,10927,like,860.4075035926099,1960.4592429558036,2621.14296093111,893.4749159736256,1880.0356316682949,2573.958594040656,645.2587130389556,2260.254726997867,2309.6126374454034,0.0500000000001819,L,K
DCB_se2_ag1_f_01_1,28639,EH1,10929,extra,824.5001520533075,2062.480109440634,2522.9398624112487,1010.203626565694,1774.2137322285055,2851.783987177483,849.6669470172004,2350.865296410362,2876.291576594147,0.07999999999992724,sil,K
DCB_se2_ag1_f_01_1,28644,AH0,10929,extra,728.5478125946987,1962.9088187923062,2697.0076899471924,769.9076797230053,2075.395818930199,2856.1131519755895,770.8308032275978,2084.7302800971374,2951.186565147143,0.12000000000034561,R,EH1
DCB_se2_ag1_f_01_1,28645,EH1,10930,extra,808.1838854686954,1735.4890248003526,2646.9247433250557,821.5185688586932,1943.663965585597,2778.2667282106986,824.221928202985,2218.379558215231,2973.9549244704513,0.08999999999969077,AH0,K
DCB_se2_ag1_f_01_1,28650,AH0,10930,extra,494.37811115601045,2006.0380925867196,4108.9928810418305,598.154517706988,1983.469949252918,3874.409253504592,488.8902157294089,2038.628095499005,3544.376036973495,0.05999999999994543,R,T
DCB_se2_ag1_f_01_1,28653,AE1,10931,tra-,829.9660664100414,1478.8007522138857,2707.2818118744117,898.4326619337347,1575.1112062881066,2752.67260139461,798.3634441199097,1833.7871762388859,3229.7010048451357,0.1799999999998363,R,
DCB_se2_ag1_f_01_1,28656,EH1,10933,extra,751.0101118863575,1800.101822111239,2439.9978039260836,805.8845734237663,2172.336558858451,3055.0039496039485,792.4248053422153,2322.415222234805,3045.6221566614995,0.06999999999970896,sil,K
DCB_se2_ag1_f_01_1,28661,AH0,10933,extra,783.0452194640214,1509.1786277362232,2555.7470805140997,925.4688834421296,1332.321671977086,2695.855984445069,641.4774872095024,1667.1333108171932,2729.6697271688313,0.07999999999992724,R,HH
DCB_se2_ag1_f_01_1,28663,AA1,10934,hard,836.0649973825687,1358.185011960109,2426.5037297691133,904.4091595754013,1252.8186100766925,2645.111442238051,802.8537274093661,1493.5007913849017,2082.91387082487,0.12000000000034561,HH,R
DCB_se2_ag1_f_01_1,28669,IH0,10936,because,527.1112329050768,2610.3032668149217,3064.964844885318,528.6346168975563,2573.666189592913,3100.3862761978976,510.6694590000702,2694.199064560877,3041.2265538693123,0.0500000000001819,B,K
DCB_se2_ag1_f_01_1,28671,AA1,10936,because,580.0479746093117,1828.6107904085084,3140.3777922125337,593.097944117246,2041.4735535500545,2905.4804314253706,551.8711736789849,2059.672736745335,2985.2440695761484,0.0500000000001819,K,Z
DCB_se2_ag1_f_01_1,28673,AY1,10937,i,998.6787209947503,1645.8867224781152,2302.527834944075,1035.2520073222504,1717.329762748395,2386.4668406380556,819.294422209939,1755.0573469676935,2614.381774988083,0.14000000000032742,Z,W
DCB_se2_ag1_f_01_1,28675,AA1,10938,want,686.5566978015938,1547.5842644647457,2300.901300375838,751.294507547636,1742.1890944709687,3436.850345569652,742.0253748522035,1751.396188852919,3393.7698993523577,0.05999999999994543,W,N
DCB_se2_ag1_f_01_1,28678,IH1,10939,it,663.9762200478184,2291.784506053548,3348.30355603889,665.0643708588259,2318.197363669612,3348.0047732985995,539.986496451653,2424.4498054829046,2757.0006641552745,0.0500000000001819,T,T
DCB_se2_ag1_f_01_1,28682,OW1,10941,so,764.4969812030698,1155.6896499624634,1734.1466773216275,813.9075932781717,1411.867291677277,1965.8010063635963,676.3599125448953,1628.3824953848048,2976.926028837891,0.03000000000020009,S,AY1
DCB_se2_ag1_f_01_1,28683,AY1,10942,i'm,811.5186072414441,1387.287696051763,2413.7579634560416,820.188009545538,1405.4754590047007,2328.861432469096,813.9075932781717,1411.867291677277,1965.8010063635963,0.03999999999996362,OW1,M
DCB_se2_ag1_f_01_1,28686,AH1,10943,gonna,575.6356196399801,1053.3194294449556,1893.725580984646,686.007302142497,1203.3749011368022,2430.374217524531,658.6739152943069,1278.6279395251645,2775.9814643002155,0.06999999999970896,G,N
DCB_se2_ag1_f_01_1,28688,AH0,10943,gonna,540.3099787968346,1205.8658485366807,2629.3637041072125,623.1967390116064,1443.9225632250843,2793.6705654307325,602.3097056262683,1472.2559460449054,2497.1304428131407,0.07999999999992724,N,W
DCB_se2_ag1_f_01_1,28690,ER1,10944,work,574.8919886657911,1545.9640040894783,1771.6223618026784,720.0470325744404,1514.8828568804088,1790.866123142501,584.0199870069133,1546.464563913805,1767.3745087265502,0.09999999999990905,W,K
DCB_se2_ag1_f_01_1,28693,AO1,10945,for,524.4079751658904,902.1011965953668,2723.2105046832767,538.7974965080948,976.8150393282307,2652.690757590163,538.7974965080948,976.8150393282307,2652.690757590163,0.03000000000020009,F,R
DCB_se2_ag1_f_01_1,28696,AH2,10946,whatever,591.5619348409512,1481.0344404215675,2571.858898743992,592.8614420697029,1477.180054313225,2538.3054814280235,557.044665212754,1598.8172195814113,2654.885232011278,0.03000000000020009,W,T
DCB_se2_ag1_f_01_1,28698,EH1,10946,whatever,772.2570452724209,1897.5450128455045,3210.4994835094267,776.4066898692664,1924.0003316512814,3185.856057879772,684.621239895546,1962.0668256697975,3240.4540148681876,0.0500000000001819,T,V
DCB_se2_ag1_f_01_1,28700,ER0,10946,whatever,669.2272346991399,1603.6048570870328,2713.871576607837,803.7593429912888,1694.689529363291,2551.417088280043,685.4098621834213,1778.449478031353,3112.5052845907962,0.04999999999972715,V,AY1
DCB_se2_ag1_f_01_1,28701,AY1,10947,i,898.0932752375511,1657.8643267199514,2343.8219173990638,902.2059389452739,1649.2692873446385,2383.06652455721,757.3128747848862,1918.9094709082485,2670.2982264835505,0.11999999999989086,ER0,N
DCB_se2_ag1_f_01_1,28703,IY1,10948,need,527.537342106521,1367.8997458539154,3138.3015783422097,584.3973503689186,2060.4382699041057,3174.491447974677,526.5563533337885,2993.505003419305,3436.5496560589704,0.15000000000009095,N,D
DCB_se2_ag1_f_01_1,28706,IH0,10949,to,472.3068832265362,1976.4911141774826,3007.7472340333375,508.24266754446273,1952.7941716038706,3034.5591124855755,443.3916936920468,2089.3284315965357,2979.3454802136885,0.0500000000001819,T,D
DCB_se2_ag1_f_01_1,28708,UW1,10950,do,478.0455032275727,1807.2446857204545,2756.406842410946,510.33190953950697,1623.4848955263603,2803.6460419105356,463.13012222681346,2050.7021505969237,3003.86948952813,0.07000000000016371,D,sp
DCB_se2_ag1_f_01_1,28710,AY1,10952,i,914.1652861086685,1682.1204085541149,2444.7522871451665,919.8603415075208,1690.45395145716,2494.3050468843758,825.3914371745914,1916.7265404534678,3143.0060967478144,0.09999999999990905,sp,M
DCB_se2_ag1_f_01_1,28712,IY1,10953,mean,497.72816386060424,1019.2652567325797,2101.5314783775684,528.2167260030187,1022.3953421413547,2174.3518560130765,505.7163628667322,1099.8546483105144,1883.5589255758043,0.0500000000001819,M,N
DCB_se2_ag1_f_01_1,28716,UW1,10955,do,495.87629787284516,1727.9384183670159,2839.534057105823,536.9907512624575,1225.7631861260404,2761.22534149689,428.1266359187452,2027.430302838049,3107.676405912931,0.04999999999972715,D,W
DCB_se2_ag1_f_01_1,28718,AH2,10956,whatever,502.35737851663043,1419.624668357056,2125.6128850046234,546.1115235013305,1316.213675987544,1651.4733930497896,497.022710567412,1465.8052357739048,1640.3262584234608,0.02999999999974534,W,T
DCB_se2_ag1_f_01_1,28720,EH1,10956,whatever,741.6218872029863,1813.7393416883883,2772.7897025208877,749.3782628936352,1815.8483320272585,2758.2412041176026,629.3897761844208,1855.6583023548553,2896.408650152087,0.03999999999996362,T,V
DCB_se2_ag1_f_01_1,28722,ER0,10956,whatever,640.5689697686794,1582.1522138491423,2624.6179844033636,670.6030054989176,1712.7988488874516,2502.038081500328,670.6030054989176,1712.7988488874516,2502.038081500328,0.03999999999996362,V,AY1
DCB_se2_ag1_f_01_1,28723,AY1,10957,i,785.1935095512802,1771.957113565569,2505.8733768686056,786.0373140498505,1795.2785011828937,2515.102266045215,627.5859886153987,1902.3370269743923,2808.077780062232,0.07999999999992724,ER0,N
DCB_se2_ag1_f_01_1,28725,IY1,10958,need,554.2574523512704,2746.987368457874,3370.9151844554344,561.6325593763871,2742.7393661971228,3382.2302290640328,546.8583624897777,2747.3536539712404,3365.6998232265523,0.0500000000001819,N,D
DCB_se2_ag1_f_01_1,28728,IH0,10959,to,496.7764762586383,2146.6176226825705,3088.3590091862097,501.18376728300734,2145.3988553076365,3083.8454665938425,429.09727297518697,2218.598834297496,3071.8291888551507,0.0500000000001819,T,D
DCB_se2_ag1_f_01_1,28730,UW1,10960,do,473.05683531187776,1103.1027654266882,2776.305719559786,477.308270713512,1094.2183878535584,2778.434667952553,471.0422481164675,2023.329440260727,2891.7091274962095,0.09999999999990905,D,sp
DCB_se2_ag1_f_01_1,28733,OW1,10962,so,754.6981949335604,1431.4797721609316,2157.3163968713175,895.3265539727964,1542.8995818466026,2238.075266077766,667.5134753857818,1548.822101855671,2467.930215808172,0.03999999999996362,S,AY1
DCB_se2_ag1_f_01_1,28734,AY1,10963,i,992.8406517867267,1675.0375028622013,2468.8662788367383,996.0168945228794,1661.1789896035834,2426.4425340637717,781.5272051536922,1761.8412532984466,2676.414689951929,0.09000000000014552,OW1,K
DCB_se2_ag1_f_01_1,28736,AH0,10964,can,581.7616207725397,2405.520601393097,2556.4860177180676,646.5797826920522,2184.1244893587887,2769.352575324964,582.9853734078798,2384.972653048737,2598.9410478390996,0.04000000000041837,K,N
DCB_se2_ag1_f_01_1,28742,AH0,10966,progress,417.8744798724914,1133.0510173612731,2580.4315717711606,516.1359617197966,1295.6206478084703,2632.954672685114,511.05015621491737,1333.7997437793636,2621.8723822393304,0.07000000000016371,R,G
DCB_se2_ag1_f_01_1,28745,EH1,10966,progress,706.4972707809887,1790.2397288384411,1975.2284636915724,723.2694010498739,1826.4208241177785,2700.7890622062964,716.6393641883168,1865.7824785745545,2593.662167692782,0.05999999999994543,R,S
DCB_se2_ag1_f_01_1,28747,IH0,10967,in,637.8189784499905,1820.3080912760336,2948.3986977425147,779.6247353580852,1916.393947586552,2957.000212554816,779.6247353580852,1916.393947586552,2957.000212554816,0.03999999999996362,S,N
DCB_se2_ag1_f_01_1,28750,AY1,10968,life,719.9293437072106,1632.6552446017467,2309.4043729256177,928.5896835447405,1594.5717383577369,2495.8307986509026,619.7936523404056,2135.2965020912497,2504.808220448175,0.10999999999967258,L,F
DCB_se2_ag1_f_01_1,28754,AH1,10970,but,578.5866863290937,1612.9373054370114,2883.4995653908727,619.5460676843655,1746.7223844790253,2903.8446025544677,614.3232762115804,1780.6664036363409,2941.7782738829296,0.02999999999974534,B,T
DCB_se2_ag1_f_01_1,28756,IH0,10971,it,497.82260240945243,1898.9973839635904,2920.994855576024,553.8592146714119,1799.7046743579447,2829.9500625667974,513.681183865167,1901.7390368933916,2884.595768945363,0.02999999999974534,T,T
DCB_se2_ag1_f_01_1,28760,AY1,10973,kind,836.240989225826,1525.3431082388852,2720.8507036366896,836.1315340133622,1519.1599407139179,2709.6893065663694,781.6090809015421,1617.497148697924,2978.1654101552135,0.03000000000020009,K,N
DCB_se2_ag1_f_01_1,28762,AH0,10974,of,790.4132940190817,1858.0760762317746,2712.2684164862794,831.759272954391,1642.4477127625075,2709.9103527321317,665.083166541806,2428.9714610315523,2692.6277759421782,0.0500000000001819,N,V
DCB_se2_ag1_f_01_1,28765,AY1,10975,like,535.8462415651732,2582.55460728459,3203.677604655549,547.5271847101649,2565.666578877436,3180.7369388802454,513.3611170229835,2605.4017326022436,2952.569228279406,0.03000000000020009,L,K
DCB_se2_ag1_f_01_1,28767,IH1,10976,it,491.9092555513735,2619.37173925071,3177.9744328931333,554.621583267628,2330.9559025622257,3056.4738405388803,465.9934218355298,2642.9124218122543,3116.978201257632,0.03000000000020009,K,T
DCB_se2_ag1_f_01_1,28770,UH1,10977,could,566.6473246322075,1585.698748322215,2965.364963262638,668.9551011860264,1726.6311584633024,3214.2778214702307,662.8679553593192,1748.2069027740147,3177.3946131944795,0.05999999999994543,K,D
DCB_se2_ag1_f_01_1,28773,AE1,10978,have,580.4789860897386,1891.4777113114424,3072.828040853846,585.3178841002765,1960.032240055316,3129.318047540463,578.0239414574842,1984.0478637998424,3145.6524207885936,0.03000000000020009,HH,V
DCB_se2_ag1_f_01_1,28776,IH1,10979,been,554.5945881274135,2359.3108644654158,2916.2987051182454,555.2952544963046,2255.7400474205037,3011.601042854536,510.22383966197935,2700.0699356834266,3243.7308177391196,0.11000000000012733,B,N
DCB_se2_ag1_f_01_1,28779,IY1,10981,easier,511.42603522100336,1842.2591367008408,2944.846406604743,662.6759365635118,2340.5497857955384,3081.893934140769,558.9264822068749,2928.333633779675,3103.4262882742887,0.24000000000023647,sp,Z
DCB_se2_ag1_f_01_1,28781,IY0,10981,easier,524.5643011235344,2688.919534613602,3140.6810978260733,553.6608850780943,2795.883859036693,3390.639802911485,543.6622771012127,2793.958557015754,3322.0198978805274,0.08999999999969077,Z,ER0
DCB_se2_ag1_f_01_1,28782,ER0,10981,easier,572.4642782697701,1544.0915567076465,1949.5668052152735,685.7683896344715,1725.222616307722,2771.219572918277,685.7683896344715,1725.222616307722,2771.219572918277,0.09000000000014552,IY0,F
DCB_se2_ag1_f_01_1,28784,ER0,10982,for,521.7750288662693,1181.658928989206,2727.9325321858623,521.4327292041964,1179.4789644296109,2722.10498367224,527.4716927400867,1301.593156375858,2617.5093759628257,0.03999999999996362,F,M
DCB_se2_ag1_f_01_1,28786,IY1,10983,me,437.0911706425691,1737.1649009496348,3110.9691050514575,999.0372085553798,1370.343140237226,2966.846431858283,534.7424755621778,1984.032273712979,3033.8935988133726,0.18000000000029104,M,
DCB_se2_ag1_f_01_1,28789,AY1,10985,type,735.8198393704064,2107.127622954861,2414.5341785719656,827.6779913463897,1825.102650506729,2405.696959368622,568.6883891058195,2337.9540112336963,2431.8158643222964,0.09000000000014552,T,P
DCB_se2_ag1_f_01_1,28792,IH1,10986,thing,560.2474170043279,2264.6114638843314,3468.8597705035154,563.9199969138358,2268.945996025892,3412.276283154594,536.1717077167195,2423.8136406631884,2559.7992158670963,0.05999999999994543,TH,NG
DCB_se2_ag1_f_01_1,28796,OW1,10988,no,720.1762368516029,1651.527616836312,3339.906197761005,875.9111164070438,1782.4333562183022,3389.739059040501,599.078406800623,1939.2468012771078,3272.4103077004893,0.2600000000002183,N,
DCB_se2_ag1_f_01_1,28799,AY1,10990,my,809.7257314623197,1367.677073245336,3256.445218377536,831.7167400187946,1413.2295227166053,3241.9075689259375,782.501405392409,1430.884198458955,1896.6433097991542,0.03999999999996362,M,M
DCB_se2_ag1_f_01_1,28801,AA1,10991,mom,746.6665116663755,1343.5849128759205,2629.230957983259,750.6933244567733,1311.6026317071753,2720.614395089461,748.5694096810955,1353.2981301907612,2632.3316010258764,0.03000000000020009,M,M
DCB_se2_ag1_f_01_1,28804,EY1,10992,makes,591.2599011508213,1346.6196516208101,2468.5653128981244,648.7549713773806,2233.5863860940967,3148.438431748983,550.1356040465503,2507.5837874779704,3137.80112242745,0.04000000000041837,M,K
DCB_se2_ag1_f_01_1,28808,UW1,10993,too,524.3839650407907,1600.5183150807177,3239.2598323265984,569.732927124688,1574.7701822160727,3204.5141996167417,499.59246249841317,1731.645043379862,3212.4869230769264,0.03999999999996362,T,M
DCB_se2_ag1_f_01_1,28810,AH1,10994,much,769.9380423221129,1713.2125382326653,3343.179846611849,878.1896466116285,1646.1643543510256,3487.642907765429,683.2914798360581,1818.6524663392177,3485.2291440223776,0.08000000000038199,M,CH
DCB_se2_ag1_f_01_1,28813,AH1,10995,money,715.7844697667979,1704.097555664679,3456.222694046845,714.5546105498146,1706.1093582432297,3473.3496204583444,612.6383381823592,1866.551311525244,2993.7491247577514,0.07000000000016371,M,N
DCB_se2_ag1_f_01_1,28815,IY0,10995,money,409.0057760681053,1882.2484631901996,3207.718529264431,556.3157606300143,1853.4943447709027,2932.1544352052715,473.941800034932,1984.156607814241,3228.4621959989404,0.11999999999989086,N,
DCB_se2_ag1_f_01_1,28817,AE1,10997,and,660.7940312534749,2130.658911889189,3225.776891524908,1113.0774423881596,1618.64356103918,2881.583693185668,630.2839586015239,2325.6692174783902,3405.4492073038177,0.12000000000034561,,N
DCB_se2_ag1_f_01_1,28820,EH1,10998,then,662.754546017193,2358.366617468964,3125.885570349009,707.9511368363037,2118.304455428551,3194.778180303974,663.4449944229908,2357.873841203325,3125.0875668177855,0.07999999999992724,DH,N
DCB_se2_ag1_f_01_1,28823,AY1,10999,my,937.087864204209,1915.2493900648415,2872.111693128442,960.9440802845808,1827.3654439607512,2862.235809454938,799.7104514910397,2061.518554028933,3041.0450672381808,0.06999999999970896,M,D
DCB_se2_ag1_f_01_1,28825,AE1,11000,dad,730.0827815708559,1472.903021602232,2346.8843224239777,804.2454232611843,2043.8194229462033,2755.4559349937185,724.2557660120838,2237.7725473562623,3185.360343478476,0.11999999999989086,D,D
DCB_se2_ag1_f_01_1,28827,AO1,11001,also,635.4273697504111,1151.267300615877,2972.742491128075,693.0983064691188,1237.7198420980994,2445.3417893421556,693.5592456203216,1416.2092512631414,2612.8547436293543,0.07999999999992724,D,L
DCB_se2_ag1_f_01_1,28830,OW0,11001,also,638.8745005460701,1267.048457146133,3371.341035464044,644.9799782210533,1381.2393221665477,3371.5424865112445,622.1549712566707,1486.968348132914,3379.8065772345185,0.03000000000020009,S,M
DCB_se2_ag1_f_01_1,28832,EY1,11002,makes,616.9178326944698,2295.525651962044,3063.585846350815,623.9960233046311,2083.565321986067,3041.027118116789,566.219412699003,2356.6475520483623,3060.36423139989,0.0500000000001819,M,K
DCB_se2_ag1_f_01_1,28836,UW1,11003,too,481.75694334973196,1494.7794047288662,3256.307990976079,757.4118366370958,1746.5093705167164,3338.796614956926,757.4118366370958,1746.5093705167164,3338.796614956926,0.03999999999996362,T,M
DCB_se2_ag1_f_01_1,28838,AH1,11004,much,643.9359613507253,1696.1835636407613,3441.8805377244976,646.2717899458124,1843.4697809789054,3372.0868429490033,636.0683877354846,1936.301240406694,3518.8228931932804,0.05999999999994543,M,CH
DCB_se2_ag1_f_01_1,28841,AH1,11005,money,640.8775659181063,1561.678355772002,3273.0222839696003,641.5745044849309,1514.9883379428848,3368.3891878419154,621.5411779805843,1796.8551501362542,2912.4075883687606,0.03999999999996362,M,N
DCB_se2_ag1_f_01_1,28843,IY0,11005,money,490.465811197059,1612.1906504462463,2787.4994724895214,538.9848311891279,1746.7830916120365,2963.5333706991623,464.5028351435495,1776.1518639253034,2821.9366435119255,0.07999999999992724,N,
DCB_se2_ag1_f_01_1,28846,AY1,11007,i,1017.4883762146867,1857.6820150480683,2621.338993995915,1016.8399248921526,1858.8817740136637,2643.2950071612404,752.9075244355303,2399.2438998629614,2799.5732641840864,0.13999999999987267,sil,HH
DCB_se2_ag1_f_01_1,28848,AE1,11008,have,732.1917318895496,1746.5809625703666,2987.6903559012285,742.4027813087827,1984.4034434096059,2893.6950729742534,742.4027813087827,1984.4034434096059,2893.6950729742534,0.06999999999970896,HH,V
DCB_se2_ag1_f_01_1,28852,UW1,11010,u,545.6603032622313,1447.7807022633488,2792.5142005395073,646.8324804278603,1349.3453284232237,2940.5126550730347,497.3825553797122,2138.3562000800725,2918.5629583557375,0.04000000000041837,Y,Y
DCB_se2_ag1_f_01_1,28854,AE1,11011,yeah,743.7231183947251,1425.1738992133419,2498.5676727453483,869.3263373254657,2146.1811316677845,3402.76379019528,705.9093958589599,2287.9600856825705,2433.9770398046358,0.20000000000027285,Y,sp
DCB_se2_ag1_f_01_1,28856,AY1,11013,i,862.8533955812126,1753.0583516953836,2583.865135134131,890.9056684254748,1780.8064763705547,2653.587442626267,870.5742749558511,1915.391736441219,2690.618175028008,0.13999999999987267,sp,HH
DCB_se2_ag1_f_01_1,28858,AE1,11014,have,778.5407343215486,1971.3166072158901,3163.707436557215,874.9692494789554,1979.1503862135412,3126.9049186030747,826.8001303145053,2019.1777826603225,3152.857010135454,0.03999999999996362,HH,V
DCB_se2_ag1_f_01_1,28860,AH0,11015,a,498.48850490275896,1850.2647965375131,3071.809293646178,589.5667352254625,1698.197489591803,3053.2868426387636,497.3299387337237,1848.9311176442682,3071.519993214244,0.08999999999969077,V,T
DCB_se2_ag1_f_01_1,28865,AY1,11018,i'm,715.5790723528881,1610.903206522263,2878.4927882266948,969.3485392743295,1889.2812667577357,3024.37304229148,641.8160448507356,1971.979514398435,3118.6720005323064,0.12000000000034561,sil,M
DCB_se2_ag1_f_01_1,28868,AE1,11019,fafsa,778.9758809638033,2131.8899896490943,3070.829096177131,845.508750977799,2169.721447711678,3229.6554589803513,826.3480560331445,2182.23218640484,3226.37290846889,0.10999999999967258,F,F
DCB_se2_ag1_f_01_1,28871,AH0,11019,fafsa,577.267472883878,1600.8312569791328,3055.7826638682504,602.2196592329233,1776.6635417757952,2519.343543270077,588.8588469482851,1850.3888521545125,2449.0673906329016,0.06999999999970896,S,IH0
DCB_se2_ag1_f_01_1,28872,IH0,11020,is,510.496685847183,1779.3889790556832,2941.584637576605,588.8588469482851,1850.3888521545125,2449.0673906329016,588.3401951940398,1853.6282563242187,2441.7900209501186,0.0500000000001819,AH0,Z
DCB_se2_ag1_f_01_1,28875,AA1,11021,not,970.4802884607246,1880.149459264338,2233.19199248462,976.1900986481401,1685.4697431032125,1878.5556635052963,918.7473377490028,1924.9652740921636,3116.826735614923,0.05999999999994543,N,T
DCB_se2_ag1_f_01_1,28878,AH1,11022,gonna,638.7934926922791,1672.4954069276173,2866.621117322593,643.0809841325721,1674.4580093141171,2882.5040677735624,642.8389206115265,1674.8896724524418,2888.732647075022,0.02999999999974534,G,N
DCB_se2_ag1_f_01_1,28880,AH0,11022,gonna,536.5979914894156,2290.0737763258526,2608.4039744108213,536.883471596423,2185.9753682102814,2651.3869130335033,534.6673939860411,2283.149669595655,2602.361105193102,0.04999999999972715,N,G
DCB_se2_ag1_f_01_1,28882,IH1,11023,give,438.84159338240767,1839.6517754095335,2475.514435721518,455.60838424913163,1013.5996260089614,2385.8037456829134,436.8928000313969,1904.5055960389363,2490.605971581612,0.02999999999974534,G,V
DCB_se2_ag1_f_01_1,28886,IY1,11025,me,393.7658527585804,1368.3359787682828,2830.27956199115,405.1473251892121,1565.5595463561517,2802.1890322395757,400.3942552695496,1774.7110325527312,2668.557657669815,0.04999999999972715,M,sp
DCB_se2_ag1_f_01_1,28888,EH1,11027,anything,597.8450294423046,2037.4174223075759,2753.3608034584618,639.5785117175759,2142.9289004299862,2753.1187014043962,612.4273802680492,2535.8677613284003,3138.4479779839126,0.13999999999987267,sp,N
DCB_se2_ag1_f_01_1,28890,IY0,11027,anything,516.5533912497716,2780.408466339755,3242.2633634929352,550.6346776972929,2621.371120298617,3007.817085995192,515.6837004649018,2917.1500326889795,3428.9846098442363,0.15999999999985448,N,TH
DCB_se2_ag1_f_01_1,28892,IH2,11027,anything,708.6336121744962,1936.4762680126169,3117.4263457880747,793.766242679985,1753.1180752723137,3012.184165239885,557.5908308179838,2627.103321366606,3108.2871351429176,0.16000000000030923,TH,NG
DCB_se2_ag1_f_01_1,28896,AY1,11029,like,685.1418796929378,1768.6036903883746,2641.9528667337554,731.1711895451945,1734.7615553148587,2447.4777784920425,613.4475682832274,1873.2450668343474,2671.9569347590927,0.0500000000001819,L,K
DCB_se2_ag1_f_01_1,28898,AY1,11030,i,766.7985193793727,1594.5178817348203,2305.897720624814,1023.3048366421393,1758.4150539580469,2435.2513246669714,978.2440538821547,1892.8307226296583,2595.4394624601605,0.23999999999978172,K,
DCB_se2_ag1_f_01_1,28901,AY1,11032,i,905.7616160058867,1528.1321369811817,2389.9912726072425,1056.727247497024,1805.374265016095,2635.361569598585,1056.727247497024,1805.374265016095,2635.361569598585,0.15000000000009095,sil,P
DCB_se2_ag1_f_01_1,28904,AA1,11033,promise,682.957769484186,1292.1387317511233,3085.7580762411894,974.9765797319999,1241.8043745849802,2223.0825520443364,740.4074886118788,1359.344710778642,3295.85359322404,0.20999999999958163,R,M
DCB_se2_ag1_f_01_1,28906,AH0,11033,promise,480.52304673853604,2142.5339098284026,2800.8904932672613,507.5315090939095,1945.0319832903076,2641.3147851024482,475.889858811252,2298.130607108073,2830.91246616014,0.2199999999997999,M,S
DCB_se2_ag1_f_01_1,28910,UW1,11035,you,444.07797995631,1598.9455308841077,2610.278888174991,486.9934569547514,1507.6138991772127,2265.5590501583824,467.25424009699265,1911.3362222773442,2658.9902866991733,0.36000000000012733,Y,sp
DCB_se2_ag1_f_01_1,28913,AY1,11037,like,544.4215055002217,1992.142851450538,3019.8656298030805,633.332488504103,1910.3468803709245,3259.648330038518,525.1831360150076,2220.6398642709137,3000.4744330674985,0.03999999999996362,L,K
DCB_se2_ag1_f_01_1,28918,AY1,11039,right,666.933644973891,977.0290111323121,2760.4981670855527,891.0299484709799,2493.42097573617,3016.694470307373,889.868268487475,2492.143196804223,2991.9035707256853,0.09999999999990905,R,T
DCB_se2_ag1_f_01_1,28922,AY1,11041,i'm,767.0725801393963,1621.8220294150117,2362.261690108065,989.5246461547431,1938.6659732790256,3194.3987979061976,935.372537398196,1934.0089113385623,3079.1995038071423,0.11999999999989086,,M
DCB_se2_ag1_f_01_1,28925,AA1,11042,not,819.1799411543665,1072.3513031751459,2149.0544999739745,821.0662082965052,1070.2560342634301,2166.5219222330065,737.0811298771902,1621.2029108765034,2072.9735502879544,0.04999999999972715,N,T
DCB_se2_ag1_f_01_1,28928,IH1,11043,getting,572.5368038800474,2635.2657075642387,3405.957915297139,576.8134221596304,2659.559833336293,3322.590857368611,560.8012457428542,2667.165101534551,3278.329227876365,0.02999999999974534,G,T
DCB_se2_ag1_f_01_1,28930,IH0,11043,getting,425.00068345244233,1918.484688403935,3027.683914876693,493.19689322350507,2092.8315119095964,3008.453720046911,493.19689322350507,2092.8315119095964,3008.453720046911,0.03000000000020009,T,NG
DCB_se2_ag1_f_01_1,28933,AY1,11045,i'm,1010.3962481879113,1986.0582337613582,3082.160176015359,1099.0210397592107,1969.6008886981144,3169.8268810990676,784.7948355396867,2100.8937960446647,3141.4421805547977,0.07999999999992724,sp,M
DCB_se2_ag1_f_01_1,28937,AA1,11047,not,815.414169663254,1962.4795935228187,2957.9324755652115,817.2262538395257,2005.1671925660648,2937.081359305952,728.5443882812207,2313.951322790072,2911.5080725618764,0.02999999999974534,N,T
DCB_se2_ag1_f_01_1,28940,AH1,11048,gonna,497.52882576752245,1787.921252646123,2824.3953193162806,626.0188553859604,2683.2029232807736,3255.484687527065,626.0188553859604,2683.2029232807736,3255.484687527065,0.03000000000020009,G,N
DCB_se2_ag1_f_01_1,28942,AH0,11048,gonna,448.1483823987552,984.1947593071634,2648.461811308737,530.0841501758374,2331.142167625912,2931.7568572748232,503.65829041750845,2385.0348182953207,3084.710718179312,0.03000000000020009,N,G
DCB_se2_ag1_f_01_1,28944,EH1,11049,get,626.8393861184192,2630.6765258058504,3229.2064993781996,645.4833501354109,2599.911459517246,3237.6986035848704,595.0795110569438,2833.6349734539704,3128.9968290150073,0.07000000000016371,G,T
DCB_se2_ag1_f_01_1,28947,EH1,11051,any,566.9194288709414,2456.177040940666,2974.6694170415453,825.3079550127509,2372.7181908156895,2731.855849984498,819.5040668759717,2636.2456137444897,3174.7405067156333,0.09999999999990905,sp,N
DCB_se2_ag1_f_01_1,28949,IY0,11051,any,609.2596744903999,2845.3378993624037,4158.838253706117,629.6783438064625,2518.7090822803307,3189.0689709473772,620.7056071207638,2876.867228922241,3557.902403063365,0.11000000000012733,N,M
DCB_se2_ag1_f_01_1,28951,AH1,11052,money,853.9423419114594,1800.7280232874696,3345.173697656874,902.4765176612166,2068.4613787018784,3512.367917833905,901.568132405999,2101.5917670471526,3513.9202191295913,0.09000000000014552,M,N
DCB_se2_ag1_f_01_1,28953,IY0,11052,money,496.01817570982575,2766.4358847074036,3047.56094178105,618.0935608385489,2496.709944126718,3029.8997481968977,529.3904689221928,2837.1988671470567,3695.926397349898,0.33999999999969077,N,spn
DCB_se2_ag1_f_01_1,28963,AH1,11057,but,618.2861564053255,1636.4812317221777,3070.865672955759,674.9616144231093,1911.618191915605,3211.680460664961,644.9932581671303,1988.7336318975638,3262.168060128874,0.03999999999996362,B,T
DCB_se2_ag1_f_01_1,28966,EH1,11058,then,593.2847311734082,2104.911235292925,3274.296313446672,684.3928411173816,1360.555847113109,1969.8496713530685,574.225405385469,2179.7117598294776,3449.5596300076686,0.07999999999992724,DH,N
DCB_se2_ag1_f_01_1,28968,AY1,11059,i'm,994.4039957705878,1680.5580335804727,2400.380831546191,1026.3818498829223,1842.2784103511992,2710.711201396075,945.7067698989426,1867.9804257531866,2584.1568350772395,0.09000000000014552,N,M
DCB_se2_ag1_f_01_1,28972,AA1,11060,probably,1032.9470199195673,1694.02570909978,3177.777278011922,1034.174343858361,1692.725812738106,3142.97003135737,1029.7990162693707,1696.9944280028494,3283.6375953998854,0.08000000000038199,R,B
DCB_se2_ag1_f_01_1,28975,IY0,11060,probably,536.6700341887432,2138.822978934556,2972.594070760099,690.8144112690015,2141.2121329158304,3093.8782769560135,572.261550702108,2260.8786137997586,3083.1937323303173,0.04999999999972715,L,G
DCB_se2_ag1_f_01_1,28977,AH1,11061,gonna,576.2138632005915,1362.6299819899612,3133.7063873774478,650.0804781391137,1375.2999070824505,3125.6517321407923,504.0953282847085,1424.0251870260279,3139.764562888647,0.03000000000020009,G,N
DCB_se2_ag1_f_01_1,28979,AH0,11061,gonna,491.51668193797934,1513.1919781281763,2503.7326074033313,637.5758285474019,2096.512649586549,2741.372001017771,637.5758285474019,2096.512649586549,2741.372001017771,0.02999999999974534,N,Y
DCB_se2_ag1_f_01_1,28981,UW1,11062,use,513.847807242096,1871.7424034007324,2881.925561206203,633.3971215186135,2155.58396532907,2748.85746850047,603.3481900345839,2312.7797232019593,2738.930652099584,0.07999999999992724,Y,Z
DCB_se2_ag1_f_01_1,28984,AH0,11063,that,617.9686449589943,2212.6765618295826,3150.854219064004,627.9094151828317,2198.6062719423794,3133.685720784003,620.6176990857105,2213.711315862566,3142.3104513303033,0.07999999999992724,DH,T
DCB_se2_ag1_f_01_1,28987,IY1,11064,dc,506.14578614649025,2450.126139466721,2941.370648623986,510.9130763506888,2672.5739052226895,2902.7843476270164,510.9390545744364,2703.827797935687,3033.5301760649663,0.13000000000010914,D,S
DCB_se2_ag1_f_01_1,28989,IY1,11064,dc,381.7016653108587,1829.9350354537355,2586.5996704306694,742.2735178024882,2098.2714037176197,2985.450685160722,445.70657909751833,2688.050348541546,3153.154695689435,0.11999999999989086,S,AE1
DCB_se2_ag1_f_01_1,28990,AE1,11065,address,963.0066110149492,2201.9692901077437,2987.6507757459026,966.619803684315,2207.4145611980975,3004.438491838207,721.3333981155132,2333.2281394114593,3225.3323588225203,0.09999999999990905,IY1,D
DCB_se2_ag1_f_01_1,28993,EH2,11065,address,477.65161388227966,2021.3306054021646,2829.2304960907436,530.810606219189,2095.548018747704,2891.1792697676656,476.50262784204295,2198.7574404754755,3263.3214040940575,0.03000000000020009,R,S
DCB_se2_ag1_f_01_1,28998,OW1,11067,so,540.8017640618416,1758.3371784963763,2614.2204646926884,584.5510589489662,1842.1588835822977,2679.6245544452977,584.5510589489662,1842.1588835822977,2679.6245544452977,0.02999999999974534,S,DH
DCB_se2_ag1_f_01_1,29000,AE1,11068,that,811.5004028103342,1976.4021252661478,2643.5035510841553,860.7557273773732,1970.936028566367,2672.8661956254837,796.3440018994514,1980.264184742552,2639.3125377362194,0.0500000000001819,DH,T
DCB_se2_ag1_f_01_1,29002,AY1,11069,i,960.020892534627,1964.6602201837534,2763.2461496531114,1077.2466079465821,2107.2998386515414,2857.722521393777,1036.576808055025,2192.951434782891,2837.4298876420257,0.0500000000001819,T,K
DCB_se2_ag1_f_01_1,29004,AE1,11070,can,899.304101831397,1898.0225931225355,2632.9328530338416,995.0885156961776,1995.7505239855786,2832.0678378200696,919.6525387234826,2049.598126181436,2675.8147948390547,0.12000000000034561,K,N
DCB_se2_ag1_f_01_1,29008,EH1,11072,get,605.3198431589941,2126.5925741984997,3061.770149847221,700.377352169942,2199.749169071895,2818.7425279394506,666.3193016354885,2221.7148041247565,2618.8565598738714,0.06000000000040018,G,T
DCB_se2_ag1_f_01_1,29010,IH1,11073,in,583.2204030855571,2252.430700128619,2892.265309308483,583.99567816972,2249.943919097732,2888.9648362153175,549.582430384455,2288.360697470086,2961.0944237798926,0.07000000000016371,T,N
DCB_se2_ag1_f_01_1,29014,EY1,11074,state,457.024071723822,2465.2831361829753,2524.7358750778726,515.9343001184509,2247.6269232703894,2364.5979817903926,456.33300206834355,2501.8417672458236,2613.871802800473,0.07999999999992724,T,T
DCB_se2_ag1_f_01_1,29019,UW0,11076,tuition,521.3741961848207,1648.6510813461275,2409.538052617822,530.269562232591,1830.145172994992,2465.3063549514904,530.269562232591,1830.145172994992,2465.3063549514904,0.03000000000020009,Y,IH1
DCB_se2_ag1_f_01_1,29020,IH1,11076,tuition,543.2017813362984,1818.112752180104,2437.2815717384633,628.495063346246,1931.276966915808,2441.623789130504,530.7949867877446,1932.0003737857994,2501.510596672318,0.03000000000020009,UW0,SH
DCB_se2_ag1_f_01_1,29022,AH0,11076,tuition,656.7940095645397,1929.3604883246362,2474.614208205983,670.7614261429917,1979.9611893464955,2536.160941447198,660.6942536819315,2041.4087041525866,2545.2669983647006,0.03000000000020009,SH,N
DCB_se2_ag1_f_01_1,29026,OW1,11078,so,697.0978017259076,1662.2542792760232,2629.2000282932563,846.6887720503768,1656.881379593284,2725.6788721443813,727.0282152893435,1801.5672063669178,2463.137558601302,0.2800000000002001,S,
DCB_se2_ag1_f_01_1,29029,AY1,11080,right,797.8054304753125,1707.0864699246822,2208.532591961785,818.0484530111394,1555.38093442137,2364.7492980237967,519.7214334486498,2323.6205315439925,2428.474536829732,0.18000000000029104,R,T
DCB_se2_ag1_f_01_1,29032,AH1,11082,um,793.0449652266674,1409.817144502316,3470.118173958984,1050.2826120271966,2018.8568847487477,3329.0566380574587,1032.9894772290393,2013.918085950583,3304.7615301729343,0.23999999999978172,,M
DCB_se2_ag1_f_01_1,29035,IH1,11084,it,603.4174237829483,2243.9021569927163,3086.685649465276,829.5232371274266,1809.477627425752,2496.888476106181,585.6231892171756,2315.086897036623,3098.8384318073845,0.07000000000016371,sp,T
DCB_se2_ag1_f_01_1,29039,AA1,11085,started,850.5474067006854,1565.198583132616,2388.8613338347727,863.983998818205,1575.4742250405752,2404.487749254031,859.0402288632382,1784.6078496332318,2495.9116953232206,0.13000000000010914,T,R
DCB_se2_ag1_f_01_1,29042,AH0,11085,started,546.8425894060993,2114.9503980579075,3113.7065616629516,569.284237598176,2214.61506014586,3217.4908018616225,561.0820770827626,2186.739742410016,3145.9556403212196,0.05999999999994543,T,D
DCB_se2_ag1_f_01_1,29045,EH1,11086,when,682.4049646491367,1161.841354780476,2114.6230875546817,707.6477392584756,1509.8263381990068,3442.7832240618654,658.3072731510222,1710.82186671193,3314.7579352851867,0.0500000000001819,W,N
DCB_se2_ag1_f_01_1,29047,AY1,11087,i,856.1232953578228,1569.5106179113202,2793.5738017115127,856.4167672736728,1605.8038145554078,2750.1322757919165,805.3251802694674,1721.5157769971636,2742.466970150412,0.06999999999970896,N,W
DCB_se2_ag1_f_01_1,29049,AH0,11088,was,451.9393458882805,1504.6323345522862,3120.882667960606,505.74311785761154,1406.1418610134854,3042.8932338208706,426.35540971223145,1528.8761079886156,3085.971669767009,0.02999999999974534,W,Z
DCB_se2_ag1_f_01_1,29051,IH0,11089,in,562.3599485639742,1756.1067565292628,2832.6915914218002,585.4765499249544,1788.9813109927584,3211.6914270425787,581.1636950013175,1844.7084032395217,3018.3967764056492,0.02999999999974534,Z,N
DCB_se2_ag1_f_01_1,29054,AY1,11090,like,750.6255844301818,2056.476500645123,3118.117214756097,775.7576945506833,1699.3056599206068,3130.169183208614,525.1585578065077,2551.058858540239,3172.1093910562236,0.09999999999990905,L,K
DCB_se2_ag1_f_01_1,29059,IH1,11092,sixth,506.81116103327895,2228.445935355533,3204.7703853561766,535.5736422631549,2241.7795076812445,3205.3648739569207,504.6511138924972,2291.1585114485024,3216.756296906819,0.07999999999992724,S,K
DCB_se2_ag1_f_01_1,29063,ER0,11093,or,591.0205493237817,1569.664718371938,3115.738748111565,621.814210139201,1587.9297522308468,3073.225623930003,566.2108163121997,1995.3167583668035,3207.792736819191,0.09999999999990905,TH,S
DCB_se2_ag1_f_01_1,29065,EH1,11094,seventh,739.2053238383126,1842.8543082429258,3093.9746122967344,739.3855886776644,1834.4341017457618,3082.595951893122,598.0085089663463,1874.0110986380387,3062.125701865225,0.07999999999992724,S,V
DCB_se2_ag1_f_01_1,29067,AH0,11094,seventh,525.1150330659538,1370.6754672454128,2255.522854403427,604.3004159869486,1650.9702567854988,3076.85954388585,528.906031333799,1697.9997454164152,2005.4572352071305,0.07999999999992724,V,N
DCB_se2_ag1_f_01_1,29072,EY1,11095,grade,513.8048514138803,1996.204367656621,2869.066854008205,614.9844841155843,2098.405414445896,2695.85137714645,473.6143368344252,2453.0672676439476,3022.5142694421565,0.09999999999990905,R,D
DCB_se2_ag1_f_01_1,29075,AY1,11097,i,705.1817214162785,1613.260818114285,2378.7882159757787,805.313510643654,1918.8327726352504,2604.02004934708,623.8927789295146,2007.7843222673562,2865.761026920847,0.07999999999992724,sp,sp
DCB_se2_ag1_f_01_1,29078,OW1,11099,don't,625.9182916528788,1263.1083913734924,3213.4986817316367,714.852521263214,1210.390691894296,3117.739347149675,637.7918155189382,1636.5249691331057,3080.453509345361,0.03999999999996362,D,N
DCB_se2_ag1_f_01_1,29082,AY1,11101,my,842.5800773459397,1639.9185711132957,2874.306102718446,898.0765854251882,1715.8562359766404,2985.5334648651565,845.6824018448257,1882.5779740873836,2961.48571172186,0.09999999999990905,M,sp
DCB_se2_ag1_f_01_1,29088,AY1,11105,my,1054.9852183706355,1907.1922414756207,2936.660074517706,1122.0629841350776,1880.583464978841,3061.671937218128,1065.567945355938,2043.006463629966,2558.717412712012,0.2300000000000182,M,AE1
DCB_se2_ag1_f_01_1,29089,AE1,11106,actually,1054.609143767221,1940.6468121064597,2120.7690913767874,1130.4054255088686,2040.16786135675,2862.295623532736,1129.3874818921006,2040.1319260145951,2878.241461177903,0.07000000000016371,AY1,K
DCB_se2_ag1_f_01_1,29092,AH0,11106,actually,563.8531403887971,2296.475873286967,3183.617526035989,710.7794632921203,2372.428479809586,3381.910229383787,551.1643352247655,2417.9137309856183,3328.158248085434,0.03999999999996362,SH,L
DCB_se2_ag1_f_01_1,29094,IY0,11106,actually,478.7545799106125,1296.6272736387427,3034.84301469009,525.263935478197,1882.4638960859613,3180.9954242323174,525.263935478197,1882.4638960859613,3180.9954242323174,0.05999999999994543,L,M
DCB_se2_ag1_f_01_1,29096,AY1,11107,my,944.4131536435129,1667.5591852364316,2634.774879272091,968.9515225948126,1656.9856624989236,2633.120346602851,918.8071769320217,1722.9486738041771,3075.610138855773,0.11000000000012733,M,F
DCB_se2_ag1_f_01_1,29098,ER1,11108,first,589.5116407236885,1525.3746192292883,2021.3957873959303,699.2050154342606,1478.2696855594495,1912.2028760629669,551.7903147961488,1637.9994910274283,2078.918796941204,0.08999999999969077,F,S
DCB_se2_ag1_f_01_1,29102,OW1,11109,poem,771.9583176020442,943.0809741700328,2124.4999469838085,908.4471377353633,955.1348608074788,2081.6043684956708,824.1584818706662,1450.591706600362,1586.6837823127664,0.04999999999972715,P,AH0
DCB_se2_ag1_f_01_1,29103,AH0,11109,poem,783.4327376509814,1060.1494157723803,1986.0877564226153,824.1584818706662,1450.591706600362,1586.6837823127664,656.5013147413916,1639.4961749102267,1759.7176905284446,0.0500000000001819,OW1,M
DCB_se2_ag1_f_01_1,29106,IY1,11110,b,520.6576042251477,1449.7767893118603,3144.59862324124,593.7318748554394,1389.4822003701697,3145.7729200853005,577.4791751098862,1468.2522561197009,3158.847161952947,0.07999999999992724,B,sp
DCB_se2_ag1_f_01_1,29109,OW1,11112,goes,611.050355713335,1215.5159112625586,3170.5159024517584,620.2590350528565,1261.491891873793,3128.436561481923,502.8549724577394,1353.9737819908705,3001.214936666138,0.11000000000012733,G,Z
DCB_se2_ag1_f_01_1,29112,AE1,11113,back,811.9510996531634,1869.7208468238612,2771.943371949534,839.0684917982388,1884.1682755637833,2980.95186039353,766.6667817021812,2023.8513863145772,2685.5929271927857,0.07000000000016371,B,K
DCB_se2_ag1_f_01_1,29115,IH0,11114,to,435.0723465278774,1867.9106197908643,3220.6115701953067,454.4920318146743,1880.2489843996427,2942.694969414241,442.08210072907985,2114.5175278318957,3048.0439650510652,0.07999999999992724,T,T
DCB_se2_ag1_f_01_1,29117,UW1,11115,two,515.453797816715,1122.9629920987531,3128.1425945396954,705.7262003867102,1269.7109714258609,3188.6356249421888,479.6245407459677,2191.915381893511,3229.1252653196007,0.08999999999969077,T,TH
DCB_se2_ag1_f_01_1,29119,AW1,11116,thousand,861.909284872979,1644.6739891738669,3159.0760265304334,877.5977589052967,1524.1612896976321,1831.9199220662906,779.5599748643552,1871.8863355368487,2994.9507300681644,0.14000000000032742,TH,Z
DCB_se2_ag1_f_01_1,29121,AH0,11116,thousand,506.0556096553725,1747.2913467294334,3370.151848888314,640.9926003167283,1610.0189335896478,2889.7786037505684,512.0488012381475,1749.1450327318169,3388.9869558407213,0.03000000000020009,Z,N
DCB_se2_ag1_f_01_1,29124,IH0,11117,eleven,629.0116964510885,1380.8198381352165,1735.1048342708168,644.3210224828315,1620.9152132553738,3280.9236248041434,643.9165917783381,1706.753665863276,3404.8775355375055,0.0500000000001819,D,L
DCB_se2_ag1_f_01_1,29126,EH1,11117,eleven,776.1970525606108,1907.0267260200922,3283.4847710390177,780.4351953966449,1885.572749068282,3299.926976903994,763.5269667883271,1932.3183974786502,3157.9645034049768,0.06999999999970896,L,V
DCB_se2_ag1_f_01_1,29128,AH0,11117,eleven,658.1286758417123,1786.0584982263827,2986.1174833976474,683.0412373127905,1854.6358801194797,3037.9482762322164,641.8232119696189,1918.2330055781374,3113.2404254619087,0.03999999999996362,V,N
DCB_se2_ag1_f_01_1,29132,OW1,11119,so,580.1088304699753,1220.8220437716573,3301.1328878633867,682.6649755897541,1501.1686952720038,3098.672461311183,673.8592492768333,1536.162449451704,3005.2852770832756,0.15999999999985448,S,sp
DCB_se2_ag1_f_01_1,29134,AY1,11121,i,934.7885819751145,1700.4633798730629,2260.069954386728,980.6847008786627,1587.7956504460215,2038.650002944752,673.3586460315194,1770.3265682148026,2822.182808081308,0.1999999999998181,sp,W
DCB_se2_ag1_f_01_1,29136,AO1,11122,was,538.2621103645885,1405.5562173481176,3166.906117219631,599.5265106981102,1530.8733673907514,3241.08982414723,540.4946576693058,1598.2708256060694,3211.866336749431,0.20000000000027285,W,Z
DCB_se2_ag1_f_01_1,29142,AY1,11126,i'm,950.7983021205222,1607.67426548203,2893.952053196165,1072.2716709446747,1661.2894063876013,3490.1322442458636,1053.199302250294,2041.8699692330151,3090.3939339946232,0.07999999999992724,sp,M
DCB_se2_ag1_f_01_1,29146,EH1,11128,seventeen,657.5591899694435,1723.3704806712838,2415.055271095128,663.2207738605695,1703.5091612189722,2548.9660008410046,595.5275738719163,1884.5565376867855,2396.094110360006,0.02999999999974534,S,V
DCB_se2_ag1_f_01_1,29148,AH0,11128,seventeen,551.8871585637652,1819.4947359742778,2780.7564274980964,849.174053553559,1990.1136860168085,3001.88614340584,806.2090119967802,2030.6147948284256,3015.2706484251316,0.02999999999974534,V,N
DCB_se2_ag1_f_01_1,29151,IY1,11128,seventeen,524.2789189651514,1875.0210440959543,2599.7679277452376,531.5502173449011,1861.208623175363,2592.590033037585,507.44827529156527,1892.712838570832,2600.656403395402,0.03000000000020009,T,N
DCB_se2_ag1_f_01_1,29155,AE1,11130,math,803.5608683819144,2126.5797056901188,2541.962011259287,960.9911578983721,2098.773997805396,2862.670211113233,857.9679826466754,2320.5552208454,2616.8213296169292,0.6300000000001091,M,TH
DCB_se2_ag1_f_01_1,29159,AY1,11132,right,662.3724078925591,1962.6496829200455,2136.820374834066,755.4361315139085,1538.201367749737,2030.8394966469978,506.10411885517414,2362.672443644542,2606.6691483561376,0.12000000000034561,R,T
DCB_se2_ag1_f_01_1,29163,OW1,11134,so,609.5780266998129,1871.0345567353309,2501.592659822536,641.1033079887704,1800.155857563173,2226.797279994146,625.5230624858584,1899.155361121171,2246.4394423173835,0.04999999999972715,S,sp
DCB_se2_ag1_f_01_1,29166,AO1,11136,four,495.35199569077844,974.6406015920908,2481.7252603502684,683.9252285698772,1225.834107727953,2549.9503501981594,683.9252285698772,1225.834107727953,2549.9503501981594,0.06999999999970896,F,R
DCB_se2_ag1_f_01_1,29170,AH1,11138,some,764.0485726872363,1701.249610105607,2866.6480109813847,766.9892118393659,1664.26400914825,2890.272975598141,757.2532911997475,1760.9229858809647,2869.102154875542,0.0500000000001819,S,M
DCB_se2_ag1_f_01_1,29173,ER0,11139,years,485.91166197134135,2074.0442589822874,2681.459006361312,495.0143598845727,2092.3173737895922,2764.8637984847746,472.70075896504613,2126.9491618148313,2813.0592518640797,0.07999999999992724,Y,Z
DCB_se2_ag1_f_01_1,29175,AH0,11140,ago,449.9050675699719,1688.14553349788,2521.8967848629595,475.127509196562,1760.4715038129837,2718.960701184383,415.7660766501109,1915.994702424953,3439.9403489471456,0.0500000000001819,Z,G
DCB_se2_ag1_f_01_1,29177,OW1,11140,ago,492.10077193542344,1618.118946720274,2409.121457067686,513.4218644227593,1606.1523658176675,2396.407767215559,473.10082810231404,1672.8271846548425,2486.853399355495,0.03000000000020009,G,sp
DCB_se2_ag1_f_01_1,29180,AE1,11142,yeah,618.186326468158,2095.1685732040037,2900.112309386317,674.4332863330349,2014.274172894331,2655.5104601708686,499.7750708007698,2317.2205639678423,2960.0593500614264,0.09999999999990905,Y,S
DCB_se2_ag1_f_01_1,29182,OW1,11143,so,572.4940237085751,1262.6350453769746,2800.2340155828274,573.5600620787619,1278.200764356457,2799.1383227779806,538.7429856568401,1629.6727181442354,2475.1440458595307,0.1000000000003638,S,sp
DCB_se2_ag1_f_01_1,29185,OW1,11145,so,607.2906625610669,1416.485248196137,2983.222398962259,629.5953319400272,1667.7791854937593,2991.1429946228877,594.6013350358934,1671.5704396735339,3028.7014274682815,0.07000000000016371,S,IH0
DCB_se2_ag1_f_01_1,29186,IH0,11146,it,583.6745813352127,1276.999654305114,2973.06464188955,608.7563399841048,1287.5792917775782,3036.5444135898356,607.8240326943386,1286.497969777717,3034.0554140125873,0.03999999999996362,OW1,T
DCB_se2_ag1_f_01_1,29189,AH0,11147,was,518.694196078445,1241.6521626831302,3113.562519046799,536.333967930729,1213.8873350316906,3093.3040380158736,500.8031278882431,1315.6110288642642,2795.636276464154,0.03000000000020009,W,Z
DCB_se2_ag1_f_01_1,29192,AY1,11148,like,806.7623355723645,1849.7305262321981,2915.5089285803733,873.9218680362687,1625.5879728463763,2717.1832077400054,588.831886350877,2099.4437796340294,2527.8722231557404,0.05999999999994543,L,K
DCB_se2_ag1_f_01_1,29196,UW1,11150,two,515.6932447341035,1155.890527443834,2864.731906945048,550.726008042039,1785.7963404280215,3235.4575335138734,503.7564727241772,2070.1571088337555,2974.90091360605,0.09999999999990905,T,TH
DCB_se2_ag1_f_01_1,29198,AW1,11151,thousand,912.243259151931,1695.2452405691515,3145.964354766156,964.7319384314582,1722.78480343426,3150.1507270232783,764.8698209050787,1806.1598073013363,3288.616716498253,0.15000000000009095,TH,Z
DCB_se2_ag1_f_01_1,29200,AH0,11151,thousand,577.5297138644177,1655.3793247263652,3118.3059786949384,759.3762796554688,1659.6289257959181,3218.811499927018,734.0638225335847,1692.8314145400998,3178.84135443331,0.05999999999994543,Z,N
DCB_se2_ag1_f_01_1,29203,IH0,11152,eleven,609.2040784170674,1571.404156754964,3302.912923597378,722.6672100320931,1547.4821930564176,3324.1447202028708,644.6341379769486,1578.0551184634433,3317.1466391515146,0.05999999999994543,D,L
DCB_se2_ag1_f_01_1,29205,EH1,11152,eleven,795.6978141859535,1747.7826053351248,3327.2756468675857,797.613513761876,1755.068790877973,3329.5245834186458,774.9433403183525,1772.2519011902605,3195.510182897944,0.03999999999996362,L,V
DCB_se2_ag1_f_01_1,29207,AH0,11152,eleven,480.9521688075547,1535.725723366193,2696.444568846244,568.7940766118955,1550.969557431086,2914.172891417235,513.2415173966261,1566.764714086244,2766.9249869426467,0.02999999999974534,V,N
DCB_se2_ag1_f_01_1,29210,AO1,11154,or,619.8312508962011,1215.0953474329035,2626.7349081375696,691.3192021049115,1546.0607721748947,2456.5212120897845,668.5102804942982,1671.3590334783605,2648.118451735246,0.07000000000016371,sp,R
DCB_se2_ag1_f_01_1,29213,EY1,11155,may,537.9676890999268,1234.1634050859236,2789.9185908236736,604.0394127809034,1892.5449032063725,3158.032652154088,580.3501741834332,2576.334215034678,3228.2923815104473,0.06999999999970896,M,sp
DCB_se2_ag1_f_01_1,29215,IH1,11157,it,575.425109486986,2323.4704236679,3067.9930214167334,647.4195344761936,1950.159499508629,2690.2380530542337,545.9745753185174,2576.469579400891,3072.707242451882,0.07999999999992724,sp,T
DCB_se2_ag1_f_01_1,29218,AY1,11158,might,810.0414217014386,1991.3921874375983,2843.004644542603,1000.0415408053709,1567.42889554179,3082.7104964681293,569.6422493344689,2378.3625442658567,3141.753658620872,0.11000000000012733,M,T
DCB_se2_ag1_f_01_1,29221,AE1,11159,have,502.73327274410974,1490.639921039096,2128.6087204663445,560.3858824083129,1982.1234594974153,2954.197537644748,535.1536243414757,2047.7049624338708,2989.512643432776,0.02999999999974534,HH,V
DCB_se2_ag1_f_01_1,29224,AH0,11160,been,696.7027922030358,2004.2813231549978,2894.054557502159,746.2898486568989,2014.2547467741917,2936.965742552626,746.465401350923,2020.7621214036517,2895.841385169003,0.0500000000001819,B,N
DCB_se2_ag1_f_01_1,29227,IH0,11162,it,699.5441919817764,1865.3026707284382,2812.1587970567534,743.0596241157411,2021.4021861500562,2841.2994858740662,721.3775516271108,2018.3599985738506,2834.891218922465,0.05999999999994543,sp,T
DCB_se2_ag1_f_01_1,29230,AY1,11163,might,796.7308341059462,1986.092936474924,2904.7654143679456,962.7949609772095,1633.847941196773,2889.0084449884152,781.0011710932697,1992.4928870189567,2913.73244197166,0.11000000000012733,M,T
DCB_se2_ag1_f_01_1,29233,AE1,11164,have,640.8921846755215,1688.7775573138947,2719.00511098115,641.3928683106751,1706.1638529247311,2689.1931298732925,640.5288944126844,1767.331060404042,2627.434396569439,0.04000000000041837,HH,V
DCB_se2_ag1_f_01_1,29237,IH0,11166,been,606.0040099470136,1440.1336874861188,2361.700280368719,1203.5224949171175,1665.6850798069618,2510.915663777376,874.2433887813056,1679.3905471062994,2483.7155785159625,0.03000000000020009,B,N
DCB_se2_ag1_f_01_1,29240,ER1,11167,further,502.61373496110383,1737.9530331445524,2142.5507854516545,627.3528445896742,1773.1037476280178,2094.4278900359545,524.53897373702,1892.0986172196983,1941.9829088046267,0.0500000000001819,F,DH
DCB_se2_ag1_f_01_1,29242,ER0,11167,further,608.7161472972576,1544.8140363758903,2715.549924874531,612.6796766998709,1638.006316559322,2679.345068142656,582.7386438569006,1693.1659713955398,2577.8713558592035,0.03999999999996362,DH,sp
DCB_se2_ag1_f_01_1,29245,AE1,11169,back,868.3145493002951,1693.1665009949243,2448.495952472935,938.1337076353967,1842.402878617654,2671.253121960294,877.0392871163696,1931.6078958861779,2103.849354180404,0.07000000000016371,B,K
DCB_se2_ag1_f_01_1,29248,AY1,11171,i,1034.2240743698537,1841.568258413727,2851.7767633160847,1059.1772631920082,1717.3885802181653,2839.725850982032,995.6099591630706,1876.2487844539041,2887.3588278986595,0.09999999999990905,,D
DCB_se2_ag1_f_01_1,29250,OW1,11172,don't,853.9578491407889,1282.1661140145088,2380.876299781355,884.8443323531314,1569.085253740841,3020.3579927677674,874.1269819671478,1608.9774885220825,2975.466755958678,0.07000000000016371,D,N
DCB_se2_ag1_f_01_1,29255,IH1,11174,really,587.2250593358044,1667.6263375058277,2316.471563849095,614.6198284664955,1562.6847975805088,2551.9173892171575,579.5636709187577,1876.905900376149,3048.052893834204,0.03999999999996362,R,L
DCB_se2_ag1_f_01_1,29257,IY0,11174,really,418.46909230671275,2072.7617202456427,3065.633644335832,455.0763506035612,2146.1682800060603,3012.885356057193,453.2497289083225,2149.033052434868,3025.835564087663,0.05999999999994543,L,sp
DCB_se2_ag1_f_01_1,29260,IH0,11176,remember,451.3932374223726,1403.8151880951884,2431.590524832259,558.3553907021272,1389.395817522789,2255.6307295343217,445.8894083769199,1446.406810308257,2602.3802846204826,0.04999999999972715,R,M
DCB_se2_ag1_f_01_1,29262,EH1,11176,remember,621.7409677908171,1552.2412016307414,2461.132160366244,622.1434465498303,1562.7562891783334,2902.8653889486823,622.0191652017339,1565.6546042676532,2896.5369843489807,0.0500000000001819,M,M
DCB_se2_ag1_f_01_1,29265,ER0,11176,remember,734.0122803165556,1670.1859985689755,2864.9458242915443,859.3474837002186,1823.5202717166378,2931.9535716599066,856.4164066559646,1836.411995562843,2913.23906635624,0.03000000000020009,B,sp
DCB_se2_ag1_f_01_1,29268,AH1,11178,but,696.561998778029,1566.9631643278633,3103.805364384586,779.5067834730537,1662.9821472060607,3113.924763997081,779.5067834730537,1662.9821472060607,3113.924763997081,0.03999999999996362,B,T
DCB_se2_ag1_f_01_1,29270,AY1,11179,i,955.0469059645202,1921.3157488497598,2760.3915469710732,993.3802553855372,1925.9909638985641,2772.3331003802155,894.7288943142121,1995.9022460621586,2720.6644954705566,0.09000000000014552,T,S
DCB_se2_ag1_f_01_1,29273,IH1,11180,still,566.4802151078422,1899.10667121795,3153.94759379544,594.2846521176806,2080.0724498203176,3144.9029608875267,593.249072895874,2079.7254704349443,3145.3731785517894,0.03999999999996362,T,L
DCB_se2_ag1_f_01_1,29276,AE1,11181,have,727.5009950442734,1858.8474762678763,3087.106532021366,742.7741772803492,1860.1262787107162,3119.2504383789533,724.9720540562616,1862.4104492465503,3091.31942986546,0.03999999999996362,HH,V
DCB_se2_ag1_f_01_1,29279,AY1,11182,my,782.1517740907333,1610.3563772125515,2435.42432726074,801.6801640594808,1639.6824302202024,2449.895195809012,776.1579696411872,1651.3278858265182,2875.2808831221855,0.09999999999990905,M,F
DCB_se2_ag1_f_01_1,29281,ER1,11183,first,635.4914146885867,1503.901232752062,1976.378397130416,667.0862964794669,1410.4902175507718,1931.5930932129233,587.0814714187666,1905.5775154833545,2226.778316028987,0.09000000000014552,F,S
DCB_se2_ag1_f_01_1,29285,OW1,11184,poem,822.6419709317956,1165.8840443809152,2203.3753127916057,895.606853125893,1350.1624619887807,1749.8284990578036,866.8655122636642,1462.4795043285064,1650.0203503653483,0.05999999999994543,P,AH0
DCB_se2_ag1_f_01_1,29286,AH0,11184,poem,750.8081257814977,1274.0449177885507,2128.1886937681284,866.8655122636642,1462.4795043285064,1650.0203503653483,852.7056581929542,1465.539955640711,1672.8355002560986,0.05999999999994543,OW1,M
DCB_se2_ag1_f_01_1,29289,UH1,11185,book,523.5604648124698,1439.6809088042787,3072.7128459564324,584.2734637590873,1362.1203672944018,3093.446940749449,525.1886176404181,1439.0654297443832,3069.6096426884365,0.08000000000038199,B,K
DCB_se2_ag1_f_01_1,29292,ER0,11186,from,553.5915544968904,1043.5670914629693,2386.8066848086623,628.6979437126895,1325.7365961615394,2548.9556340425165,628.6979437126895,1325.7365961615394,2548.9556340425165,0.0500000000001819,F,M
DCB_se2_ag1_f_01_1,29295,EH1,11187,when,644.1067071279555,1483.5622057781925,2692.019704807519,664.6405660898824,1580.613910540801,3151.0306437629924,605.7331515682415,1696.9586106950114,3173.9362606148397,0.03999999999996362,W,N
DCB_se2_ag1_f_01_1,29297,AY1,11188,i,868.1797562785383,1681.4690263375971,2430.687526078991,871.6381264475305,1750.7242468577272,2670.2858110200646,815.16799297897,1835.3776999670852,3071.803408554362,0.11999999999989086,N,F
DCB_se2_ag1_f_01_1,29299,ER1,11189,first,644.1114293065781,1477.0151358702963,1863.0293461302897,666.7125748878295,1338.5219631562834,1710.6500978273018,633.035729364429,1733.492378085437,1885.3786180452164,0.07999999999992724,F,S
DCB_se2_ag1_f_01_1,29304,AA1,11190,started,872.636650422294,1541.7618052333887,2434.316503572546,870.9360140691132,1534.9717262701433,2391.8775595175016,874.0912530108313,1666.662472210961,2334.9565604337795,0.07000000000016371,T,R
DCB_se2_ag1_f_01_1,29307,AH0,11190,started,642.7448700274489,1827.6010194185092,2643.669637772862,648.5652432592905,1877.4386395432866,2615.6400123886447,644.026160742125,1888.5021137885694,2605.491221409533,0.02999999999974534,T,D
DCB_se2_ag1_f_01_1,29310,AY1,11191,writing,639.4400267638258,1896.5621337656576,2275.0437073557036,794.8465262463573,1580.4787378313345,1941.782577105044,655.5962293188102,1902.886397007099,2105.995495698242,0.07999999999992724,R,T
DCB_se2_ag1_f_01_1,29312,IH0,11191,writing,507.82546025751157,2500.7982691877405,3025.657695184788,600.2782221806378,2548.3444168728633,3167.9468002189087,588.1748517288189,2610.329246964336,3293.287466902582,0.03999999999996362,T,NG
DCB_se2_ag1_f_01_1,29315,AH0,11193,and,888.3350486840671,1871.0502534336981,3126.976582577325,971.9151470841742,2114.440853287134,3103.5539467671824,644.7048414185992,2214.3318527130896,3124.1562623857612,0.07000000000016371,,N
DCB_se2_ag1_f_01_1,29317,IH0,11194,it,523.9613941703298,1948.3417108905373,3191.32078499079,566.3587368904243,1818.8421311117079,3244.1240022822412,542.1152778527937,1967.0135310605738,3173.9655099613137,0.03000000000020009,N,T
DCB_se2_ag1_f_01_1,29320,AH0,11195,was,510.0474317904155,1596.6256557049219,3236.5350704259313,530.3180984370332,1591.2187704599933,3185.4392227534913,515.1940286219956,1616.0548979107696,3177.760952669452,0.03000000000020009,W,Z
DCB_se2_ag1_f_01_1,29323,IH0,11196,because,520.6264970837642,1509.1792476205715,2672.601142001605,542.4320798085654,2551.704229716964,3023.5718013098353,541.758092038233,2543.0283282182877,3020.2914466707157,0.05999999999994543,B,K
DCB_se2_ag1_f_01_1,29325,AH1,11196,because,693.604939886473,1668.9083163560933,2406.213997075226,701.9768701858073,1677.781072714269,2602.2905141667225,571.8881889187825,1746.8348366055227,3344.6039561246293,0.07000000000016371,K,Z
DCB_se2_ag1_f_01_1,29327,AY1,11197,i,987.7621122281574,1756.6039038429383,2596.613804455446,994.9935759483292,1699.4326490908059,2573.108047398937,961.6392719443965,1909.9561095541414,2766.7853631239946,0.13000000000010914,Z,W
DCB_se2_ag1_f_01_1,29329,AH0,11198,was,469.8872498613316,1493.543543648194,3245.892026959121,472.8563108340234,1501.5036738632293,3263.9682906200687,449.82321710796856,1616.7228878372105,3197.075972647543,0.03999999999996362,W,Z
DCB_se2_ag1_f_01_1,29333,IH1,11200,in,609.9512842196838,2187.0148959131197,2968.0106325255497,815.2159643067573,2065.4902569097817,2986.5058782020674,609.3903614325961,2221.5408241659648,2933.8181097680126,0.10999999999967258,,N
DCB_se2_ag1_f_01_1,29335,AH0,11201,a,638.8260599459986,1792.0715043677562,3073.902673139643,765.86100722961,1954.5314899895052,3297.82692539033,745.6011341168432,1964.8314362491792,3311.24880908452,0.11999999999989086,N,D
DCB_se2_ag1_f_01_1,29337,AA1,11202,dark,837.347612719683,1481.945151007773,2100.6231453577307,850.634331651606,1474.3766635404886,2047.972760255516,714.7486056915878,1608.6247290039005,2386.223021902722,0.05999999999994543,D,R
DCB_se2_ag1_f_01_1,29343,EY1,11204,place,483.03803442826376,1919.0080196694344,3022.8493040957774,1116.9770224326267,2246.6020027890463,3265.5759731653557,509.4738739359397,2867.4071590118033,3227.5888559504174,0.18000000000029104,L,S
DCB_se2_ag1_f_01_1,29347,AH0,11206,and,632.7647593205188,1767.0078136709383,2262.242553666424,889.8283003218235,1694.6456727651794,2793.3704383202767,677.7464984810763,1899.7665631118937,2884.1701062101242,0.1000000000003638,sil,N
DCB_se2_ag1_f_01_1,29350,AY1,11207,like,837.0516067932375,1855.916105212585,2530.3275118202328,973.4402416396636,1573.8992243157645,2600.4351335929978,654.7628992473007,2083.328754573156,2442.0859714121043,0.09999999999990905,L,K
DCB_se2_ag1_f_01_1,29353,AY1,11209,i,920.7187068716397,1724.5888484909021,2451.6657862632833,1167.0199551153287,2069.193626960543,3381.259047593771,1155.3903048721359,2056.118584258428,3380.7712842454953,0.13000000000010914,,R
DCB_se2_ag1_f_01_1,29355,IH0,11210,remember,539.0538696506501,1285.4438686671997,2537.0657263035405,566.7703951475471,1352.8088015859068,2415.341198824549,566.7703951475471,1352.8088015859068,2415.341198824549,0.03000000000020009,R,M
DCB_se2_ag1_f_01_1,29357,EH1,11210,remember,596.9950580774334,1305.7015000890558,2071.9209108365308,677.9783630603439,1427.259524033755,2793.9422806986477,547.1208555172673,1527.1343321223449,2500.8425777358566,0.02999999999974534,M,M
DCB_se2_ag1_f_01_1,29360,ER0,11210,remember,519.03946044454,1009.2002749728858,3155.5847535456887,565.7650986690946,1264.7811186154656,2768.5141033707478,556.7772088716188,1364.5366716578526,2742.4566940466266,0.03999999999996362,B,W
DCB_se2_ag1_f_01_1,29362,IY1,11211,we,527.7847004442256,2653.844065828875,2904.2725058174624,531.227173155957,2163.215250588441,2863.2152975468057,524.9332973248502,2751.8108436281277,2926.0891089786883,0.08000000000038199,W,W
DCB_se2_ag1_f_01_1,29364,ER0,11212,were,530.5357075657073,1689.424195611276,2359.4841156265798,563.0195641088413,1512.448409524447,2227.900103220242,494.1183540960978,2056.3434810660865,2365.8324009128264,0.04999999999972715,W,D
DCB_se2_ag1_f_01_1,29366,UW1,11213,doing,543.8058486860589,1111.615190069855,3097.286466094008,707.890373107326,1005.1700723971499,1974.6134090151531,432.82037329264205,1975.8245136282333,2847.680028857206,0.11000000000012733,D,IH0
DCB_se2_ag1_f_01_1,29367,IH0,11213,doing,695.2239516032586,1224.5014411952411,2022.810195382029,699.6526040627826,1171.611493461702,2018.6483653450975,686.3214545497851,1248.4437697880985,1929.9103315178252,0.02999999999974534,UW1,NG
DCB_se2_ag1_f_01_1,29370,AY1,11214,like,698.3191159594405,1036.4980830017041,2616.5201203497427,771.1370475084731,1754.2857848700176,3128.2631001576106,580.8722413918546,2682.4133318932036,3265.485514954352,0.05999999999994543,L,K
DCB_se2_ag1_f_01_1,29374,ER1,11216,journaling-,736.6761552295285,1500.5603280117705,1781.9609444966475,750.1656126920568,1542.8966522866706,1938.676487409296,667.9379193242511,1730.301172048573,1828.1724046131649,0.11000000000012733,JH,N
DCB_se2_ag1_f_01_1,29376,AH0,11216,journaling-,567.03654587122,1112.2335919008317,3268.1310759853054,601.1850385980575,1290.6953122632642,3109.0911428198897,499.20557273979387,1578.904403088946,2558.1712779975555,0.09999999999990905,N,L
DCB_se2_ag1_f_01_1,29378,IH0,11216,journaling-,639.4503679608534,1637.1275848500766,3254.479238480483,644.5586529258712,1610.1805043122179,3405.5150409775206,636.6599213627031,1701.9565502035016,3213.4422180658194,0.03000000000020009,L,NG
DCB_se2_ag1_f_01_1,29382,IY1,11218,we,483.75238615692655,1308.0805384441817,2901.7104571553227,490.4457521848276,1253.6888184734385,2913.6762897734943,482.38900686029666,1335.1419582213414,2894.997400952371,0.02999999999974534,W,W
DCB_se2_ag1_f_01_1,29384,ER0,11219,were,545.1976448472003,1342.5349692240704,2751.2160224770164,588.0349251278149,1333.637410649918,2748.3238997756316,522.9742246356717,1345.3452175159214,2757.655591747102,0.03999999999996362,W,L
DCB_se2_ag1_f_01_1,29386,AY1,11220,like,850.2543915844708,1723.47074770612,2677.9364556943538,863.8738144706674,1712.9317918442748,2577.5512413409706,760.327515593994,1832.9839514579974,2481.8892149048293,0.05999999999994543,L,K
DCB_se2_ag1_f_01_1,29390,ER1,11222,journaling,721.4353583694012,1506.8839217586055,1908.9114607946992,723.2489353352037,1499.513564136709,1909.4398381506821,644.6271813978207,1648.6618241879567,1930.2319088600786,0.07999999999992724,JH,N
DCB_se2_ag1_f_01_1,29392,AH0,11222,journaling,694.9755460401079,1492.8369488607914,3395.6033763167534,725.5370329624546,1514.9214501116344,3416.852655527557,653.1739442655289,1566.845267612901,3322.2931021668383,0.07999999999992724,N,L
DCB_se2_ag1_f_01_1,29394,IH0,11222,journaling,637.4396009790617,1826.1095137247978,3619.5737846886004,652.0317709828886,2065.3598856261065,3432.9292220135394,641.47869891471,2081.382015013357,3468.8281120626816,0.05999999999994543,L,NG
DCB_se2_ag1_f_01_1,29397,IH1,11224,in,544.0815160639235,2253.223755469691,3085.411395614776,640.1374659307695,2157.4191592321654,2604.240491600814,592.0738170619572,2223.114767906436,2931.5379202949052,0.10999999999967258,sp,N
DCB_se2_ag1_f_01_1,29401,UW1,11225,school,516.4337915984933,772.8852982309219,3348.13000114756,602.8529301004342,1054.5230587252797,2443.504774298379,602.8529301004342,1054.5230587252797,2443.504774298379,0.1799999999998363,K,L
DCB_se2_ag1_f_01_1,29405,AY1,11227,like,611.9490542417377,1910.189733734962,3172.908271203871,663.2249498536611,1829.0591461915683,3351.929246492714,583.896213629466,2117.3237582779816,3166.973648449458,0.03000000000020009,L,K
DCB_se2_ag1_f_01_1,29408,AY1,11228,kind,867.5348311265114,1201.1270059348924,1863.9113632926685,875.3699571956265,1158.4104358096145,1855.6938953935814,814.1384519710505,2035.6271234315277,2923.732210771855,0.05999999999994543,K,N
DCB_se2_ag1_f_01_1,29410,AH0,11229,of,644.2028581954352,1792.30968250567,3332.342868272111,660.430633939122,1697.678198062292,3364.244991729471,608.0481816561924,1826.7680404088946,3273.9650222437285,0.03000000000020009,N,V
DCB_se2_ag1_f_01_1,29413,UW1,11230,doing,564.168142597119,975.2330518370314,1899.0781870414262,667.0603933586377,919.910850266286,2216.4426342029574,384.77371390620914,1902.5455303250626,2755.876099600914,0.10999999999967258,D,IH0
DCB_se2_ag1_f_01_1,29414,IH0,11230,doing,625.9086532526268,1133.6415186732947,2472.1879664834246,667.0603933586377,919.910850266286,2216.4426342029574,530.8937386355957,1188.9396793352173,2462.791291365109,0.03000000000020009,UW1,NG
DCB_se2_ag1_f_01_1,29417,AY1,11231,like,677.4060582161968,1902.5697952514986,2925.3582731800234,807.2933028965165,1751.0307177515053,3209.830002002656,642.5573115075209,2101.214513890739,3027.0744069977786,0.05999999999994543,L,K
DCB_se2_ag1_f_01_1,29421,ER1,11233,journals,736.0863461938625,1591.8017874172901,1948.3822113887634,738.5208951741587,1587.6457095342337,1956.2540292599656,708.0639068613765,1671.043513726864,1954.1905239922655,0.07999999999992724,JH,N
DCB_se2_ag1_f_01_1,29423,AH0,11233,journals,577.9371420528341,1513.9514827457745,3002.141210130726,604.5500544784322,1426.5567003487909,2796.4251461616786,545.3045120002577,1578.7306836084863,2379.79083291239,0.03999999999996362,N,L
DCB_se2_ag1_f_01_1,29426,AH1,11234,of,636.0813086242974,1871.0332213259958,3222.5135568301303,666.0864877984394,1752.783119179982,3182.2524519572717,641.1251455874508,1908.152960040099,3201.4535671122717,0.1299999999996544,Z,V
DCB_se2_ag1_f_01_1,29429,AY1,11235,like,808.7544750418165,1906.2193052375183,3257.1538371796537,894.5097119764274,1641.9447379431842,2794.0185945733197,791.3517129736482,1905.9897155359988,3253.7500957987327,0.07000000000016371,L,K
DCB_se2_ag1_f_01_1,29433,AW1,11237,how,688.096187034932,1280.5208685537987,2315.8698672798096,978.5013610714884,1677.9694240201982,2409.134378283325,976.0564175090819,1676.829152709011,2415.024430302859,0.11999999999989086,HH,AA1
DCB_se2_ag1_f_01_1,29434,AA1,11238,our,889.9407334773044,1571.0401180163992,2469.6338447264407,909.3087844081764,1596.6350983446416,2501.2087904235177,908.9069214224044,1596.0375652151704,2500.4682919409306,0.03999999999996362,AW1,R
DCB_se2_ag1_f_01_1,29437,EY1,11239,day,497.31313828723705,2178.904233694018,3082.007680253933,519.3679667489531,2337.3107334690817,3116.3019129540053,515.2790133460127,2361.233236327338,3127.9176472721697,0.03999999999996362,D,W
DCB_se2_ag1_f_01_1,29439,AH0,11240,was,480.8164180688486,1630.1688466644143,3014.181998866762,537.9006125455475,1576.034436364996,3088.0266022105957,478.2456977867266,1778.6249275543487,3024.0911865571416,0.02999999999974534,W,Z
DCB_se2_ag1_f_01_1,29442,OW1,11241,going,510.56586306461213,1107.4080367216927,2671.8481100284766,640.6516518465935,1196.800145405917,2697.4608164596925,506.98898009229623,1357.4117208104249,2909.0620512074693,0.03999999999996362,G,IH0
DCB_se2_ag1_f_01_1,29443,IH0,11241,going,601.4374110064616,1232.459506807313,2841.502302190144,647.8842552929233,1164.4291902242378,2689.0855859819094,570.5834322801112,1264.0284057926983,3049.489914032734,0.03000000000020009,OW1,NG
DCB_se2_ag1_f_01_1,29448,AY1,11243,kind,806.4209970900722,1763.6743150785405,3018.1435404432304,829.2739349751122,1794.9238568256199,2956.8438464166866,805.6365711396651,1853.0404054123069,3180.175100492026,0.03999999999996362,K,N
DCB_se2_ag1_f_01_1,29450,AH0,11244,of,725.2771367334578,1827.570039012717,2303.1876991897943,810.7880288982082,1777.1063657606687,2256.77358469138,555.4990450498749,2129.4408157627545,2859.6627672288637,0.05999999999994543,N,V
DCB_se2_ag1_f_01_1,29453,AY1,11245,like,743.9643856719368,2008.738308501562,3263.6540241592347,785.9016265685865,2030.8882059466955,3231.696256404256,760.4207098137975,2046.109085781569,3199.476561351824,0.02999999999974534,L,K
DCB_se2_ag1_f_01_1,29456,AH0,11246,the,1145.3006235124572,2253.035165405883,3379.538577747896,1482.858481624327,2382.9141001912944,3650.5931636856603,1502.7167953521775,2453.552386710882,3726.5540071181267,0.03000000000020009,DH,F
DCB_se2_ag1_f_01_1,29459,IY1,11247,freedom,507.4157081193452,2190.3641697283097,2311.3977936826595,515.6888510239124,2033.2870957792425,2306.913265308274,505.6835469771564,2283.8356201342363,2375.1936927566276,0.02999999999974534,R,D
DCB_se2_ag1_f_01_1,29461,AH0,11247,freedom,554.4585772801627,1448.4772873540264,2619.614262960823,581.9982302379018,1271.073978221652,2589.809647745128,509.70069336278095,2142.279317638904,2929.151245008382,0.08000000000038199,D,M
DCB_se2_ag1_f_01_1,29464,AY1,11248,writers,767.4897034324366,1389.1235640822026,2102.4339082589595,769.0103939383508,1385.9831774987945,2080.472253858413,712.2580593601368,1700.8296606693732,2303.1460157920096,0.04999999999972715,R,T
DCB_se2_ag1_f_01_1,29466,ER0,11248,writers,481.24726870825737,1755.759802102776,2442.938803478632,499.7730268086756,1726.9341851650818,2442.926415836277,470.4470268282769,1770.8453838461687,2340.0776800062463,0.08999999999969077,T,Z
DCB_se2_ag1_f_01_1,29469,AY1,11249,type,714.0100415477318,1957.1186900229259,2123.6118991113335,747.5781667850001,1708.659969823764,2364.509675884798,706.7914580321362,1986.9759483178038,2215.3097414596305,0.05999999999994543,T,P
DCB_se2_ag1_f_01_1,29473,IH1,11251,thing,544.3889927122465,1754.9271512340829,2450.9678809075513,563.2811296859898,2200.2233510899714,3144.904625087948,534.279693349811,2448.364377416865,3823.1949227097316,0.09000000000014552,TH,NG
DCB_se2_ag1_f_01_1,29477,OW1,11253,so,629.0818559196144,1446.2428912390812,2852.378537261853,674.4253666400015,1697.799218157359,2694.9878198572574,643.1676203252177,1760.3658483633103,2541.458623144744,0.15000000000009095,S,W
DCB_se2_ag1_f_01_1,29479,IY1,11254,we,518.6332189099007,2027.8922754795174,2721.717621934372,533.5826764765876,1840.0041694165136,2722.1301516867743,513.5561409184251,2051.6530453707187,2691.381790531356,0.17000000000007276,W,W
DCB_se2_ag1_f_01_1,29481,ER0,11255,were,467.10939631683834,2104.921137368767,2584.5039695980554,475.0058656829245,2053.025736114765,2537.758245150744,456.52737440568256,2135.61456294949,2682.0745958669017,0.05999999999994543,W,K
DCB_se2_ag1_f_01_1,29483,AY1,11256,kind,790.2120744307629,1735.7510450502928,2307.8357626135894,812.2869657273213,1759.9846096162316,2009.734123775098,788.3380450996449,1824.150419148035,2066.9614194300166,0.07999999999992724,K,N
DCB_se2_ag1_f_01_1,29485,AH0,11257,of,563.5818077876813,1452.6055490680235,2409.515936779701,581.2018358861125,1555.9669289059839,2308.3844470123877,572.4994433137745,1621.3906238714058,2507.1702051642783,0.03000000000020009,N,V
DCB_se2_ag1_f_01_1,29488,AY1,11258,like,772.7441447876098,2072.338593740909,3099.6003123097526,831.6414303891779,1844.6831077212505,2632.2369022914936,525.7551154619396,2586.975664622372,2733.062144950549,0.09000000000014552,L,K
DCB_se2_ag1_f_01_1,29492,UW1,11260,doing,778.7698291164879,1034.588034144034,2058.955300800814,781.1755246431965,1011.9371634905601,2061.2474057060513,476.91676785208756,1976.9061096203595,2848.585552170715,0.15999999999985448,D,IH0
DCB_se2_ag1_f_01_1,29493,IH0,11260,doing,678.0686759757627,1540.5235804619117,1859.4586429176627,678.4469457960164,1534.7325297574737,1863.389939387091,655.2257126400244,1706.777638770815,1978.36653804202,0.0500000000001819,UW1,NG
DCB_se2_ag1_f_01_1,29496,IH1,11261,this,626.3385446100023,2149.572604616124,3320.200534197321,657.3409834808056,2194.0333554312356,3016.3886762804846,617.4148388566908,2213.288333165665,3095.272292972176,0.09000000000014552,DH,S
DCB_se2_ag1_f_01_1,29501,AE1,11263,that,675.189527130693,2157.595662856803,2467.7388993709483,684.2621685745358,2189.032689536223,3048.4996124920644,684.5769324299554,2191.162040185953,3042.085935468777,0.0500000000001819,DH,T
DCB_se2_ag1_f_01_1,29504,AY1,11264,type,717.9243607756039,1974.2038952283553,2408.322101450716,822.7988543070961,1651.6368993515528,2511.2849033310013,618.0323923195948,2066.4689925449325,2486.747253195956,0.04999999999972715,T,P
DCB_se2_ag1_f_01_1,29508,AH1,11265,stuff,783.6125465337516,1772.476624835594,3105.104052666699,801.741101208733,1905.703493890424,3090.1317375542894,800.0692192256258,1925.1577178691718,3057.8988477414155,0.13000000000010914,T,F
DCB_se2_ag1_f_01_1,29512,AH0,11267,and,696.7163630369089,2246.583434034468,3163.7759230626866,783.4075182718598,1990.3713737508037,2757.1078627198926,701.5132297136163,2263.1883339277742,3126.4676284717584,0.17000000000007276,sil,N
DCB_se2_ag1_f_01_1,29514,AH1,11268,um,744.186944951157,1503.9382267113021,3207.8153462249225,896.4782348100348,1784.5705838403735,2814.30792487959,890.8845099320442,1780.6985134529184,2820.6331202709957,0.25,N,M
DCB_se2_ag1_f_01_1,29517,OW1,11270,over,667.9625095326006,1105.0374068941494,3143.917970178719,706.8946002143218,1583.9214698504293,2723.091836661264,706.8946002143218,1583.9214698504293,2723.091836661264,0.09999999999990905,sp,V
DCB_se2_ag1_f_01_1,29519,ER0,11270,over,534.2795822379288,1533.5263819593433,2747.639320242208,720.6552300209323,1542.3248594469658,2776.571746497447,511.33915299642433,1805.1228730537382,2869.876875422282,0.08999999999969077,V,T
DCB_se2_ag1_f_01_1,29521,AY1,11271,time,906.2584303841734,1619.2742269209716,2055.7650872609247,906.5961991816124,1617.92923085267,2044.6468007898472,850.8226890013816,1667.9142947684636,2278.9405759290166,0.0500000000001819,T,M
DCB_se2_ag1_f_01_1,29523,AY1,11272,i,817.762303600066,1611.9072112449455,2492.493224188109,825.8009461876262,1584.7694540928126,2506.7011698389956,814.0637100138217,1613.794873689226,2597.710915952585,0.06999999999970896,M,W
DCB_se2_ag1_f_01_1,29525,AH0,11273,was,645.0925545333384,1630.8998794689023,2448.4288114890683,678.573890055651,1588.958991974658,2918.0408269483128,606.5821559787344,1749.615313595989,3037.848873158308,0.02999999999974534,W,Z
DCB_se2_ag1_f_01_1,29528,IH0,11274,just,483.2236887743251,1864.7162003945339,3207.407469121584,483.29463122156363,1864.7580003019011,3207.7549313627237,471.10720070797584,1879.1389124361713,3115.8345143341676,0.04000000000041837,JH,S
DCB_se2_ag1_f_01_1,29531,AY1,11275,like,790.3288316174841,2169.396158687116,3043.0596137663283,857.6424092648107,1775.4588449605121,2846.399880717688,739.0986906840589,2302.623706902548,3066.533635164115,0.06999999999970896,L,K
DCB_se2_ag1_f_01_1,29535,AY1,11278,i,1015.0623073000619,1588.4239273668777,2417.753988486306,1061.8405939441998,1658.35772730082,2762.9895206674605,622.5846191068925,1987.3814297479805,2760.2568091250396,0.2300000000000182,sp,sp
DCB_se2_ag1_f_01_1,29537,AY1,11280,i,1065.244895403796,1633.7177038662055,2897.092525749676,1065.4079340429194,1635.3275839573378,2908.9252085737157,897.855272052918,1922.4049215555374,2969.29175964157,0.17000000000007276,sp,R
DCB_se2_ag1_f_01_1,29539,AY1,11281,write,702.8839564391711,1804.4074810084992,2282.2200730165455,915.7701045059891,1575.7769684471748,2074.6642944842706,669.8412834410155,2078.6466003759874,2665.4774437290184,0.11000000000012733,R,T
DCB_se2_ag1_f_01_1,29543,EH1,11283,well,507.2411893467297,2192.3787405769463,3048.726965430818,615.6042927865619,1982.6249997876384,3011.6323081753294,505.8776410999923,2192.221510249704,3048.5512809946613,0.169999999999618,W,L
DCB_se2_ag1_f_01_1,29546,IH1,11285,it,520.6241286179699,2184.7021360110807,3002.8716360368226,738.0482583909235,1687.0893675498892,2822.352382268636,518.4344416123183,2347.3901745585968,3106.637065774947,0.09999999999990905,sp,T
DCB_se2_ag1_f_01_1,29550,UW1,11287,cool,532.5856437727301,736.6021905050587,3178.8519618803625,668.3213770976992,2243.3469172093764,4160.544763708018,668.3213770976992,2243.3469172093764,4160.544763708018,0.11000000000012733,K,L
DCB_se2_ag1_f_01_1,29553,ER0,11288,for,540.1317791719462,1184.9504711645372,3080.8071988511206,610.4153371833058,1335.0630219947805,2683.963871711922,531.6080203556709,1408.7217663967215,2480.063385587979,0.07000000000016371,F,M
DCB_se2_ag1_f_01_1,29555,IY1,11289,me,484.0584358177043,1629.2322383033638,2912.369141314586,512.0206502627847,2921.0873196012817,3019.068065695733,507.0253048787155,2892.578251866198,3049.6341856302893,0.07999999999992724,M,
DCB_se2_ag1_f_01_1,29558,OW1,11291,so,607.9423790935064,1779.8449091416962,3097.9896886682423,617.6035755874994,1799.0514031992964,3090.2038378883167,598.5454593064502,1840.475677498701,3091.012460486946,0.02999999999974534,S,DH
DCB_se2_ag1_f_01_1,29560,EH1,11292,then,622.4308538888464,1947.612487669227,3032.75781325457,622.3668939093068,1952.5862766815426,3043.7761552342295,610.592510975337,1979.6627879700509,3084.805501346849,0.0500000000001819,DH,N
DCB_se2_ag1_f_01_1,29562,AY1,11293,i,882.6749808072806,1533.930760870602,2133.5260254769332,909.1929902878338,1701.5666617448799,2367.903616018146,849.9160193390488,2012.5584518068674,2792.8377566740983,0.11000000000012733,N,S
DCB_se2_ag1_f_01_1,29565,AA1,11294,started,783.6960341908422,1564.1355016202392,2519.129602344522,811.1940745570814,1628.6950054430088,2558.712515475704,808.0656073088983,1639.5235916752824,2557.6581960185517,0.03000000000020009,T,R
DCB_se2_ag1_f_01_1,29568,AH0,11294,started,504.64905876355806,1914.1468909806647,2711.216501653146,619.0011555305051,1954.8467291661411,2906.9291161943042,503.21346336103977,2057.9673069583355,2684.883594697102,0.03999999999996362,T,D
DCB_se2_ag1_f_01_1,29571,OW1,11295,going,551.2167270891374,933.8921704505963,2671.5867614820995,716.7330359878249,895.9895460939285,2489.2999488969417,473.5531753140988,1032.4902448102794,2789.7072317223215,0.05999999999994543,G,IH0
DCB_se2_ag1_f_01_1,29572,IH0,11295,going,676.8363804578771,1234.7172131042018,2739.9272133163163,687.9009994846177,946.1490072202848,2482.7122457783294,664.6512303493073,1279.7456005613924,2829.204262737428,0.0500000000001819,OW1,NG
DCB_se2_ag1_f_01_1,29575,AH0,11296,to,654.0806697930554,1603.4115587528252,2952.946215139543,661.4629920013449,1716.6341957864208,2997.0611024623486,609.0184879381515,1804.4602759865122,3020.4969287202503,0.02999999999974534,T,M
DCB_se2_ag1_f_01_1,29577,AY1,11297,my,877.0285933828964,1450.074186334127,1974.211585121711,932.0095761589976,1506.6315627660083,1948.7971913886506,816.8383116874918,1636.469435491466,1674.8487469121133,0.07000000000016371,M,R
DCB_se2_ag1_f_01_1,29579,UW1,11298,room,684.8699312958869,1211.4365447896903,2066.414615208906,693.2786702051492,1166.8335057583981,2149.5510557223115,672.7477685681134,1219.8770721559,2000.0486565380422,0.03999999999996362,R,M
DCB_se2_ag1_f_01_1,29582,AY1,11299,like,807.5696326180496,1860.7039440043009,2609.8128474617097,893.2216681255514,1842.342957503214,2543.4358926994887,767.6808461434466,1867.8372737910613,2648.661625316996,0.05999999999994543,L,K
DCB_se2_ag1_f_01_1,29585,EH1,11300,when,741.9542407911576,1511.81894618116,2388.895007894487,741.9109449306616,1514.029310614372,2389.127435031833,719.200597788612,1549.3997310569796,2865.8851551632215,0.03999999999996362,W,N
DCB_se2_ag1_f_01_1,29587,AY1,11301,i,939.4407648309403,1375.566224714845,2207.9312986797822,959.0692123779987,1536.2569738859993,2299.966411995549,951.3924721230978,1540.8901701180139,2240.6644248030057,0.05999999999994543,N,W
DCB_se2_ag1_f_01_1,29589,AH0,11302,was,484.7722593048296,1292.6175012970953,2801.059639209051,547.075247294808,1402.587558867479,2863.3403877367036,449.2924594483376,1435.275284757065,2708.437758380309,0.02999999999974534,W,Z
DCB_se2_ag1_f_01_1,29592,OW1,11303,going,676.3306396738243,1160.5864219582618,1778.6126336887407,751.4896180525612,977.632979745968,1761.9368300928663,673.5259730351273,1437.3088349248328,3238.8986586575184,0.08999999999969077,G,IH0
DCB_se2_ag1_f_01_1,29593,IH0,11303,going,703.3730298818136,1134.4852369725754,1767.6849492312324,749.3438534107614,982.1741055918263,1766.5247941169423,661.9450581234074,1341.4729916824847,3206.1169719892564,0.03000000000020009,OW1,NG
DCB_se2_ag1_f_01_1,29597,UW1,11304,through,430.6672839118831,1561.104938590752,3251.0588967255917,1532.3238029621525,3535.750073513907,3774.2440987488226,1513.6428849613008,3514.6392405400447,3778.7420160207325,0.07999999999992724,R,S
DCB_se2_ag1_f_01_1,29599,AH1,11305,something,772.9525300337423,1583.2136898788094,3102.9817158440537,828.4021073532664,1543.7228817638536,1972.4704484371694,688.2956009053659,1733.485810913442,3176.7599547109144,0.0500000000001819,S,M
DCB_se2_ag1_f_01_1,29602,IH0,11305,something,672.716719465276,1494.5767362437018,3421.2587502185015,708.9191736144669,1482.8215786258484,2992.5727219563732,641.4396186938865,1514.2547339955129,3207.742899530438,0.03000000000020009,TH,NG
DCB_se2_ag1_f_01_1,29605,AY1,11306,like,764.2728605714265,1996.9982518506313,3221.1209503623336,845.9139038629693,1572.3083217447486,2701.593001062892,596.7237801311594,2407.1215842755396,3113.019347044523,0.04999999999972715,L,K
DCB_se2_ag1_f_01_1,29609,EH1,11308,when,743.1965561880473,1425.1217688807558,3406.384489191045,743.1021151275,1425.504900967681,3401.3487125806296,553.4226473513037,1610.8509195525805,3182.193250387099,0.03999999999996362,W,N
DCB_se2_ag1_f_01_1,29611,AY1,11309,i,864.0727265283492,1523.1724170189282,2432.0135672376114,876.9489935075919,1607.031898258044,2403.2709179820654,870.8795788713122,1615.4037603921574,2445.8202142667765,0.05999999999994543,N,W
DCB_se2_ag1_f_01_1,29613,AH0,11310,was,572.5346165157123,1456.6662972920303,3263.7593623287908,624.2109489920409,1446.5305345412287,3147.7691778239255,563.1935948058803,1558.8270236293608,2823.725553747608,0.03999999999996362,W,Z
DCB_se2_ag1_f_01_1,29616,IY1,11311,feeling,647.5063359418222,1749.060775182153,3032.290644489083,703.6885629142854,1703.4812425313646,2891.5429922090593,649.8769353372394,1892.9322786792386,2238.7997807820607,0.04999999999972715,F,L
DCB_se2_ag1_f_01_1,29618,IH0,11311,feeling,575.6690187511939,658.205444002494,2013.184212203822,651.7336363701168,740.8506085576319,2026.2138481538097,612.1172995901076,1174.9655273725873,2201.708566937335,0.04000000000041837,L,NG
DCB_se2_ag1_f_01_1,29622,AE1,11313,bad,626.6460083423281,2035.9183986675823,3067.513640967267,711.2127589728155,2117.579359729358,3159.064247166331,626.5523737502057,2321.8811668187973,3209.3375910208683,0.15999999999985448,B,D
DCB_se2_ag1_f_01_1,29624,AO1,11314,or,535.5282119294752,1129.3075728697524,2998.6183202912534,580.2300570967212,1335.4499543370332,3154.3588454385394,580.2300570967212,1335.4499543370332,3154.3588454385394,0.04999999999972715,D,R
DCB_se2_ag1_f_01_1,29628,AW1,11316,down,783.6534044354102,1951.7488085620485,2536.163742538264,791.578112750096,1979.8262652665155,2590.448007292352,777.5605297164703,2092.030529943552,2346.076675229208,0.11000000000012733,D,N
DCB_se2_ag1_f_01_1,29631,AY1,11318,i,934.7755869931976,1832.3296065711222,2557.900048339298,1029.0090330162966,1783.132341709885,2372.4380477891323,634.520166728523,2040.40035049036,3001.4676577371292,0.11000000000012733,sp,D
DCB_se2_ag1_f_01_1,29634,IH0,11320,just,487.0578775331995,1996.9031555724985,3104.8747093489637,518.8198778892732,1937.7612214572114,2856.6727190722563,469.61522499637357,2012.8118844813735,3205.7019817873665,0.06999999999970896,JH,S
DCB_se2_ag1_f_01_1,29637,AY1,11321,write,687.3595950590665,2035.5151817277363,2448.1328235866727,785.8106637628129,1446.0787092121498,2010.273181809937,611.1023558911053,2184.9986322772384,2377.7140388184725,0.06999999999970896,R,T
DCB_se2_ag1_f_01_1,29639,IH0,11322,it,610.2664961785823,2002.5315830267455,2123.982945403495,615.9021428214832,2090.3863826790175,2201.9176094208565,615.1212572233043,2086.5862354259093,2196.1614476255672,0.0500000000001819,T,T
DCB_se2_ag1_f_01_1,29641,AW1,11323,out,891.2497984291028,1648.3561694714053,2539.2461841240975,897.3765992128777,1646.3815390030152,2496.0032318541857,813.85367475979,1868.0185222712244,1912.0877131330283,0.11999999999989086,T,T
DCB_se2_ag1_f_01_1,29645,AE1,11325,and,602.3569357078771,2422.7858879110804,3227.0887157472134,957.7924926392695,2092.0452728163064,2893.059355297239,601.4515639618036,2424.027658950822,3246.833972760802,0.0500000000001819,sil,N
DCB_se2_ag1_f_01_1,29647,IH1,11326,it,568.7976916846059,2449.0652020231396,3183.8443648288862,583.7451573593768,2113.524200943588,3057.3682770692035,566.2528387718587,2457.6028769392815,3191.3409594321743,0.05999999999994543,N,T
DCB_se2_ag1_f_01_1,29650,AY1,11327,might,838.9479641200494,1992.1312491738165,2815.9511616582945,968.925935220631,1694.3336799262909,2755.2354639562523,651.479548500135,2421.1448687102147,2999.9880057321116,0.11000000000012733,M,T
DCB_se2_ag1_f_01_1,29653,IH1,11329,it,603.9492297664507,2578.385278424645,3037.356041953043,604.0647320363926,1611.004958158884,2910.501796859807,586.5040565271411,2671.664293234633,3137.0582546063965,0.09000000000014552,sp,T
DCB_se2_ag1_f_01_1,29656,AY1,11330,might,771.0063436223799,1940.4849360341004,2734.6429731033195,846.0403372053079,1727.9919707842457,2645.5367638457283,733.9279166696809,1946.7039411332403,2727.679726418511,0.08999999999969077,M,T
DCB_se2_ag1_f_01_1,29659,IH1,11332,it,517.3441408507684,2515.6337813585624,3013.954330696657,594.2031605266152,2453.449581114279,3144.4507747650187,505.49901493903434,2623.8531526434163,3235.284644418475,0.07000000000016371,sp,T
DCB_se2_ag1_f_01_1,29662,AY1,11333,might,790.336151323868,1788.3129626774598,2589.3350336882677,908.5238980417305,1672.8914127059672,2623.2010152814064,634.3543858886263,2030.152933639093,2873.8426315077213,0.06999999999970896,M,T
DCB_se2_ag1_f_01_1,29665,IY1,11334,be,497.06749783716396,2783.9202862551,3102.5009633095274,541.6523439909851,2769.118796732154,3138.0367658996583,505.75950469303723,2780.4899156900397,3107.922661734534,0.07000000000016371,B,D
DCB_se2_ag1_f_01_1,29667,IY1,11335,deep,537.1124982092417,2891.1661156716837,3324.8987655586357,546.6690343337582,2876.4393284709695,3435.3562195642803,508.395292489538,2922.0633434079914,3719.3777636820305,0.14000000000032742,D,P
DCB_se2_ag1_f_01_1,29669,IH1,11336,it,491.4861119286658,2341.2675440735356,2949.3533298287825,579.8592053484067,2118.08864197176,3258.048346834816,471.1264842065403,2439.0210884537864,3087.9978001234704,0.09000000000014552,P,T
DCB_se2_ag1_f_01_1,29672,AY1,11337,might,775.3503685850369,2071.0673940540764,2783.5975049935387,940.3741658033075,1657.3069319839083,2587.994965246997,478.96268160805806,2567.5518838524604,2903.0452053154904,0.11999999999989086,M,T
DCB_se2_ag1_f_01_1,29675,AA1,11338,not,935.711460948317,1898.3692516740298,2404.359866396033,954.2131890639172,1881.636294964981,2373.396673230334,740.4044137095605,2053.3579120554045,2415.0557565622335,0.08999999999969077,N,T
DCB_se2_ag1_f_01_1,29677,IH0,11339,it,639.1531273199811,2024.6221864624117,2546.867603025891,653.6750200130589,1971.4917428764493,2852.5850494984807,625.6805317084701,2060.4092555412008,2270.037955591977,0.02999999999974534,T,T
DCB_se2_ag1_f_01_1,29681,AY1,11341,might,693.3548917072333,2130.5388700497742,2504.937132032279,909.212382778409,1616.0967523394065,3102.8192856914134,567.2084611889065,2457.952897549461,2788.5260511498077,0.08999999999969077,M,T
DCB_se2_ag1_f_01_1,29684,IH0,11342,just,467.61174777848095,1984.9649297780215,3277.6705074860492,503.7382515136005,1851.1686998416033,3174.33418129422,491.6068524241888,2033.5980436386114,3162.6120696278817,0.07000000000016371,JH,S
DCB_se2_ag1_f_01_1,29687,IY1,11343,be,446.7703942646488,1959.7825824956262,2944.152589877584,1538.9733561499231,2353.49969019991,3088.097662535759,551.6648029326117,3096.9505320623834,3244.0088999599025,0.18000000000029104,B,
DCB_se2_ag1_f_01_1,29689,AH0,11345,a,707.8604747168368,1549.1908100755097,2893.731957124014,999.0066009045432,1888.9421007114863,3196.2178657920954,957.7431445480657,1887.8096384821497,3174.3394286486737,0.15000000000009095,,JH
DCB_se2_ag1_f_01_1,29691,ER1,11346,journaling,727.542975026846,1421.6411137845175,1729.5193000542547,790.5139574785602,1649.8709737942404,1675.853828085119,687.6492182860819,1693.266601708675,2253.5299467932587,0.09999999999990905,JH,N
DCB_se2_ag1_f_01_1,29693,AH0,11346,journaling,516.6840141956998,1613.4894361916201,2076.2152284312315,554.0697931127389,1449.128681099957,1988.6744923240017,542.6706070641269,1617.3939681292936,2669.1537791315395,0.0500000000001819,N,L
DCB_se2_ag1_f_01_1,29695,IH0,11346,journaling,651.5618704019487,1761.861032918147,3137.3320328515833,717.5844930616385,1688.7296760950976,3151.0040318711117,688.8959586844738,1844.1098611371103,3175.148641965082,0.03000000000020009,L,NG
DCB_se2_ag1_f_01_1,29699,EH1,11348,entry,588.5876367031083,2497.118855981971,2548.63863579969,786.3839299935768,1837.287465052707,3044.9609306980624,567.7130724131177,2604.2921250809723,2847.3261690831396,0.07999999999992724,sil,N
DCB_se2_ag1_f_01_1,29703,IY0,11348,entry,452.03927003788914,2000.7097184303084,2740.6888674716533,618.1393284208156,1714.7649329512794,2762.6840891898523,477.6740283117308,2283.9945002667164,2637.144719422392,0.09999999999990905,R,
DCB_se2_ag1_f_01_1,29706,AW1,11350,how,621.268923985836,1214.0135483481354,2521.4218337678158,1003.6070707490032,1594.4032488707533,2328.0846685910624,999.8013534449336,1597.8848456967232,2339.0146971008166,0.15000000000009095,HH,AY1
DCB_se2_ag1_f_01_1,29707,AY1,11351,i'm,812.5271401256805,1241.7835426575807,2124.1066983499686,825.3336141957733,1287.6358440816457,2844.3773221558267,825.0305963835315,1288.3988266321594,2917.2286428867615,0.0500000000001819,AW1,M
DCB_se2_ag1_f_01_1,29711,IY1,11353,feeling,652.5985519193725,2060.14628503645,3174.893895232927,667.4004218898801,2044.1685269694758,3245.126896986051,645.1924854109246,2063.190260411696,3159.4513566548676,0.05999999999994543,F,L
DCB_se2_ag1_f_01_1,29713,IH0,11353,feeling,620.7861129238759,1842.1593998355372,3408.5602315242136,625.5844546932653,1854.3152430405548,3436.1318260165567,625.6409133701966,1854.416727133707,3436.5802307931644,0.03999999999996362,L,NG
DCB_se2_ag1_f_01_1,29715,AH0,11354,a,526.4299244061101,1909.6905696176962,3111.3310451381717,877.8177079618873,2133.31605620452,3621.2895988852465,736.3190290955913,2164.319699300149,3718.508063015268,0.07999999999992724,NG,S
DCB_se2_ag1_f_01_1,29717,ER1,11355,certain,608.9849226164165,1608.7446000644322,2010.74180398929,660.9918192138598,1579.5332676241949,2123.7713215806425,563.646067902276,1763.0660739388077,1989.4029259805181,0.08999999999969077,S,T
DCB_se2_ag1_f_01_1,29719,AH0,11355,certain,543.512717242149,2170.2206484422404,2568.606511805953,557.6109736993608,2051.696095536051,2533.2618683076134,549.9725451655339,2292.2745576742946,2396.170810478024,0.03999999999996362,T,N
DCB_se2_ag1_f_01_1,29722,EY1,11356,day,579.11803927265,2311.235080102308,2651.6583046502546,681.2978578914219,2268.6031058808057,3057.898627048546,528.6543463632091,2852.2350581372684,3198.7107238157923,0.2300000000000182,D,
DCB_se2_ag1_f_01_1,29725,AH1,11358,but,613.7863361617578,1670.8933443676203,3015.4395729806206,625.3447077687906,1770.4433366892777,3113.27965918053,617.6855369250266,1834.3395604885184,3122.316409007201,0.02999999999974534,B,T
DCB_se2_ag1_f_01_1,29728,AE1,11359,that,740.9762529537791,2003.3181466229057,3121.3958212529283,790.1004149622847,1986.9725912156887,3095.0765088322005,776.9345143777061,2016.5598819086397,3122.6842152665563,0.04999999999972715,DH,T
DCB_se2_ag1_f_01_1,29732,AW1,11361,how,597.216853135308,1191.253936920877,2105.5110497668325,992.2012732634817,1548.0980182735373,2373.2789718614936,977.6755137979012,1572.0334535635727,2418.58802207808,0.11999999999989086,HH,AY1
DCB_se2_ag1_f_01_1,29733,AY1,11362,i,877.99346033131,1428.58996051372,2833.825342295169,915.0388140612573,1412.4923478188002,2683.0837461988517,807.1921479773008,1805.5318774296777,3052.775228498347,0.07999999999992724,AW1,S
DCB_se2_ag1_f_01_1,29736,AA1,11363,started,772.2581559002542,1635.5058556216477,2368.4135787377995,796.2602341085158,1555.340472404243,2154.730931188698,771.7996507093437,1636.8421878672332,2347.4542693193366,0.03999999999996362,T,R
DCB_se2_ag1_f_01_1,29739,AH0,11363,started,571.5278280834892,1698.3938229638652,2666.625358772611,627.6120884674293,1866.9007160222525,2741.6301252150756,622.1300650101854,1892.268201635679,2728.6861905726582,0.04999999999972715,T,D
DCB_se2_ag1_f_01_1,29742,AY1,11364,writing,689.367105175162,1738.097874021293,2329.6974015552055,738.7091387263483,1457.8021198935448,2024.047505542543,701.201671485829,1774.9970789299773,2277.0497415675322,0.07999999999992724,R,T
DCB_se2_ag1_f_01_1,29744,IH0,11364,writing,525.3039979289447,1829.8490903111503,2627.7844585349667,606.3302349966107,1971.513339782785,2566.607509545456,606.3302349966107,1971.513339782785,2566.607509545456,0.03000000000020009,T,NG
DCB_se2_ag1_f_01_1,29748,AH0,11366,and,618.6483558023638,2175.914796022107,2410.403401312477,711.9561086444173,1969.0686002255109,2851.1895548490625,620.4195122356375,2193.1413902504164,2295.192253977268,0.03000000000020009,sil,N
DCB_se2_ag1_f_01_1,29751,EH1,11367,then,552.1909732087962,1928.6610143266269,3117.7280943598294,620.3089859746792,1899.924991421387,3145.5469567822106,592.72412084931,1939.8191622681425,3115.5725195540904,0.02999999999974534,DH,N
DCB_se2_ag1_f_01_1,29753,OW1,11368,over,637.1912458808534,1271.6873323221535,3251.2296714134723,663.4099057897989,1402.9374927728525,3140.4824566167413,648.5299353770012,1532.8369805307686,2843.2345966187427,0.06000000000040018,N,V
DCB_se2_ag1_f_01_1,29755,ER0,11368,over,563.1374178164423,1880.7136523044762,3058.594443392407,610.5311871222308,1538.531259199203,3055.205984411015,559.8124142637715,1893.1247384417718,3067.5770244337928,0.07999999999992724,V,T
DCB_se2_ag1_f_01_1,29757,AY1,11369,time,961.497842236954,1786.062622172195,2947.8259399092894,974.5997968729059,1805.7020976987956,3165.140945554539,956.2766058315267,1817.8627806340162,3158.300664857554,0.15000000000009095,T,M
DCB_se2_ag1_f_01_1,29761,AY1,11371,like,787.4401196326287,1988.250394794684,3132.2596619393644,817.716936705844,1716.5416292087396,2914.352322753175,722.3165515453038,2229.7117153967474,3143.5042779585133,0.04999999999972715,L,K
DCB_se2_ag1_f_01_1,29763,AY1,11372,i,955.1727183092992,1677.052287961458,2465.831783985557,978.1282340849785,1721.0073438224952,2352.9758145803403,930.9425806318078,1910.8644664793553,2606.3155332849665,0.08999999999969077,K,S
DCB_se2_ag1_f_01_1,29766,AA1,11373,started,803.0474601618946,1641.792201337969,2500.7553723855276,803.2681799234779,1641.2735377134675,2500.2299885414295,771.3656813335963,1688.2387320009004,2530.175716575918,0.03999999999996362,T,R
DCB_se2_ag1_f_01_1,29769,AH0,11373,started,627.3247786008444,1805.4161061647953,3076.068670029114,634.0367455876084,1800.920095576041,3071.72852485035,629.2671225716803,1805.8813555629508,3075.4532323892013,0.03000000000020009,T,D
DCB_se2_ag1_f_01_1,29772,EH1,11374,letting,685.7015346707951,826.8965435006282,2112.5736386863837,749.1390969546626,2112.056686571492,3303.4882167487335,747.4979893628366,2092.6918883082603,3296.7982257064778,0.03000000000020009,L,T
DCB_se2_ag1_f_01_1,29774,IH0,11374,letting,663.166621795675,1852.525126064836,3064.413393275378,753.823784450197,2111.6740049101036,3229.364970569907,747.8323329213536,2116.5174507481333,3231.434905741003,0.03000000000020009,T,NG
DCB_se2_ag1_f_01_1,29777,AY1,11375,my,883.7904592377517,1828.2399610762595,2553.1788840137533,950.924663694404,1823.560287265602,2463.1734463375847,820.8178283918954,1956.2566899791389,2624.5629503502705,0.06999999999970896,M,T
DCB_se2_ag1_f_01_1,29779,IY1,11376,teacher,572.4017021095875,2449.9261800025383,2963.6190337544135,2767.183766751957,2969.1151471437033,4462.573731158051,2712.0049825124047,2957.9957839054164,4425.744697073705,0.08999999999969077,T,CH
DCB_se2_ag1_f_01_1,29781,ER0,11376,teacher,488.8871489061647,1778.5655891634642,3211.8556477394104,499.1333717206526,1812.545210550941,3198.3002416704944,486.1190749517653,1828.3242602336393,3194.8385865176633,0.11000000000012733,CH,sp
DCB_se2_ag1_f_01_1,29784,AY1,11378,like,824.8370143992373,1659.0740900955168,2517.647060147005,874.8246312455898,1610.1556352371276,2515.6314076599638,728.9455709625083,2300.4776072611276,2599.8237577899786,0.05999999999994543,L,K
DCB_se2_ag1_f_01_1,29787,AY1,11379,my,835.3442363858796,1535.8651217699264,1802.144276907524,876.0891588037821,1434.6110455907012,1882.9153414053253,652.4823537285255,1749.495769966916,2269.950954062588,0.10999999999967258,M,sp
DCB_se2_ag1_f_01_1,29790,IY1,11381,d,480.2890635889025,1755.5276349196183,2817.1968540631083,788.7713977297084,1902.7330197692183,3075.7210740989667,773.4772148249465,1924.9149035850528,3135.184435797756,0.02999999999974534,D,sp
DCB_se2_ag1_f_01_1,29792,AH1,11383,um,856.1664811315046,1406.3726042168817,2497.8068234834927,947.0816548519862,1428.9747021102412,2575.3019988483966,751.5583979521016,1837.980166477501,3205.603219320669,0.17000000000007276,sp,M
DCB_se2_ag1_f_01_1,29796,AY1,11385,my,877.0705130786487,2020.9840766298478,2344.954043967686,1005.721753616758,1786.892156043202,2463.413216695254,778.6179213358774,2051.1872912553526,2684.2124143513097,0.20000000000027285,M,
DCB_se2_ag1_f_01_1,29799,IH1,11387,english,596.1759834423898,781.6009025889296,2626.332582994086,749.1813244557255,1646.6991408093004,2544.4909724010417,662.7247311482024,2452.064995454755,3360.671677741268,0.0500000000001819,sil,NG
DCB_se2_ag1_f_01_1,29802,IH0,11387,english,504.382646867216,1984.9391152433689,2370.1241149432835,536.584518326225,1908.4211096904944,3167.844602000739,507.15324498924366,1993.9176296553244,2070.917414189638,0.07000000000016371,L,SH
DCB_se2_ag1_f_01_1,29805,IY1,11388,teacher,563.9432660230807,2530.1452932553416,3324.983701841522,579.8595344772451,2503.128600320187,2951.6843835247896,568.9416070668204,2603.5734678918475,3089.8956723665005,0.0500000000001819,T,CH
DCB_se2_ag1_f_01_1,29807,ER0,11388,teacher,690.7280487873527,1696.0765742397334,2425.7340448838218,802.2382616564666,1593.4838479701095,2164.490231148407,636.1975833216088,1717.1964937072844,2501.5996529115464,0.02999999999974534,CH,AY1
DCB_se2_ag1_f_01_1,29808,AY1,11389,i,800.1786351241539,1773.8242951199757,2343.6958993297885,806.0692172170216,1610.3972082673129,2184.944536920674,794.0516198680936,1798.281653563862,2382.6813119250182,0.07000000000016371,ER0,S
DCB_se2_ag1_f_01_1,29811,AA1,11390,started,682.1437883928187,1654.7700596603977,2374.6669679408947,718.9048248855318,1679.1721842124423,2412.3619992934678,718.9048248855318,1679.1721842124423,2412.3619992934678,0.02999999999974534,T,R
DCB_se2_ag1_f_01_1,29814,AH0,11390,started,634.0566332273382,1785.142666796519,1859.4394411298376,634.7559532304152,1805.800921807824,1852.7109387176702,597.6786579242705,1815.9087081195862,3227.510352235452,0.03000000000020009,T,D
DCB_se2_ag1_f_01_1,29817,EH1,11391,letting,669.4222710664262,1836.0887018734818,2174.6105976560125,758.5643436782516,2110.886495882243,3181.694056399096,751.903870242891,2116.6518436526335,3167.575469799745,0.07999999999992724,L,T
DCB_se2_ag1_f_01_1,29819,IH0,11391,letting,804.237754668849,1856.4880937160237,2252.1337762808416,804.034972676823,1875.9573953216318,2290.990407864624,793.2157209122919,2202.333087335843,2938.502730633335,0.02999999999974534,T,NG
DCB_se2_ag1_f_01_1,29822,ER0,11392,her,622.841042128176,1348.5072272172868,1785.7676464396116,740.8410145955395,1322.0796530787172,1837.1944900587262,679.8508518822493,1480.9595068654412,1857.3119858419489,0.11999999999989086,HH,R
DCB_se2_ag1_f_01_1,29824,IY1,11393,read,515.8979692158787,1792.952247039893,2947.1663814777844,579.1985516183728,2763.9928375126137,2954.029768704625,524.7110759181347,2863.0382224361215,3000.515049099826,0.16000000000030923,R,D
DCB_se2_ag1_f_01_1,29829,AH1,11395,what,633.7214706198496,1456.4033547569777,3045.204152627262,657.9661649974224,1683.3109572217766,2988.238587721293,657.9661649974224,1683.3109572217766,2988.238587721293,0.02999999999974534,W,T
DCB_se2_ag1_f_01_1,29831,AY1,11396,i,939.8858569256055,1477.15156774344,2118.363417462608,945.420042436914,1603.1814482613681,2367.948246568074,829.9140145129544,1744.1530470777323,2542.3188532739555,0.07999999999992724,T,W
DCB_se2_ag1_f_01_1,29833,AH0,11397,was,592.9686978276823,1617.3846739278672,3056.508949701579,603.9144973124368,1589.497787348289,3176.407442828471,593.0890398994496,1616.2235367541596,3057.406991958277,0.03000000000020009,W,Z
DCB_se2_ag1_f_01_1,29836,AY1,11398,writing,670.3273041693426,1747.113012523167,2487.2378656054284,734.4442127357644,1582.4931756579592,2264.871893420682,664.0099372982015,2087.73911596605,2479.6064980481956,0.06999999999970896,R,T
DCB_se2_ag1_f_01_1,29838,IH0,11398,writing,630.9460487489202,1649.2292148720842,2565.870507986497,689.9218132726459,1538.7681768612088,2473.4913792851075,636.6661869408485,1650.8796139699232,2596.8809567512812,0.03000000000020009,T,NG
DCB_se2_ag1_f_01_1,29842,AH0,11400,and,695.8985134048049,1882.8703139006723,2685.2893775180273,1013.454284255631,1689.8065298711654,2980.612960819461,806.6717743513947,2447.0044103670016,3352.918730072764,0.06999999999970896,,N
DCB_se2_ag1_f_01_1,29845,IY1,11401,she,541.8319234139274,2537.439694249538,3323.2741579972244,667.5315508267064,2353.471170387152,3260.6026871704757,521.1217887483856,2547.1369694962027,3351.622685347021,0.03000000000020009,SH,W
DCB_se2_ag1_f_01_1,29847,AH0,11402,was,484.8984989692858,1835.785371121389,3265.935176248955,515.3896113257263,1900.8100890695557,3420.924879048272,515.3896113257263,1900.8100890695557,3420.924879048272,0.03000000000020009,W,Z
DCB_se2_ag1_f_01_1,29850,AY1,11403,like,614.2366630085788,2039.7120178726375,3178.4911806045066,654.6648659107019,2022.473145666582,3268.217342187214,616.8879699205004,2329.737741192145,3332.785798372246,0.02999999999974534,L,K
DCB_se2_ag1_f_01_1,29853,UW1,11404,you're,463.81786055438914,1773.695779188789,2635.473915801975,495.09976217924174,1104.3344564582135,2358.584833694837,429.4093369908714,2007.7378266730386,2715.0940406541754,0.09000000000014552,Y,R
DCB_se2_ag1_f_01_1,29857,IH1,11406,really,537.4655495370927,1400.0249622752283,1910.6085045824816,544.598828724091,1550.8176920387396,3204.078365986172,499.89252881702475,1607.8292986634167,3179.8795386969305,0.0500000000001819,R,L
DCB_se2_ag1_f_01_1,29859,IY0,11406,really,562.2913608490937,2615.8534405610117,2957.279509499377,560.5925828546305,2617.871610812186,2959.354700513556,541.7003924306376,2731.297304230118,2866.748269317978,0.07000000000016371,L,G
DCB_se2_ag1_f_01_1,29861,UH1,11407,good,458.9933930807345,1722.3225612992017,3039.5323507615276,517.1715935000931,1604.0178648319288,3040.2113490035194,445.2844279018245,1768.650076517095,2902.7729532816384,0.03000000000020009,G,D
DCB_se2_ag1_f_01_1,29864,IH0,11408,with,487.62536936680135,897.672501688316,2529.986015605326,496.1940009092074,941.5511161637377,2471.664631122259,473.2666867323368,1065.7299605823086,2466.6323632300946,0.03000000000020009,W,DH
DCB_se2_ag1_f_01_1,29867,ER1,11409,words,581.7090216796128,1744.1309034919177,2185.9730922018516,699.0883867833317,1475.891338250931,1703.355158936059,504.53630610037885,1795.887237967779,2388.139950055327,0.13999999999987267,W,D
DCB_se2_ag1_f_01_1,29873,IY1,11411,keep,496.16655342834565,2753.0197962135558,3014.4476146372235,575.9192017056755,2585.1283211693194,3739.9699868743996,569.5958958749674,2654.676733985338,3717.0794962966283,0.07999999999992724,K,P
DCB_se2_ag1_f_01_1,29876,AY1,11412,writing,732.270849713236,1860.5853428753571,2382.59275915399,880.0466635894959,1529.8267790203877,1911.920324569669,672.4289743272133,1978.729362535025,2470.634621800418,0.09999999999990905,R,T
DCB_se2_ag1_f_01_1,29878,IH0,11412,writing,615.3483158924154,2007.2470596828962,2853.472195067435,647.9939533356728,2191.4289526410435,2988.5129211275516,628.7601533906111,2175.968711523967,2947.6037976780585,0.02999999999974534,T,NG
DCB_se2_ag1_f_01_1,29882,AH0,11414,and,581.5078005180355,2160.49777261051,2882.45446343685,631.4401112535085,2215.700357283363,2514.130790218537,607.4123902999452,2206.1097081058697,2703.044393735634,0.03999999999996362,sil,N
DCB_se2_ag1_f_01_1,29885,AE1,11415,that,663.8966208723746,2004.223735962945,2976.211441938019,682.1711866798522,1961.2302963212926,3054.9280319443164,591.0567248206565,2062.937238478782,2999.479840070381,0.02999999999974534,DH,T
DCB_se2_ag1_f_01_1,29889,AH1,11417,what,444.28173875097315,2029.547356355394,3595.0493576134136,458.23617742948255,1940.77079770239,3343.1574246015534,248.29927240745855,2429.1773430806365,3773.2127218250603,0.03000000000020009,W,T
DCB_se2_ag1_f_01_1,29892,IY1,11418,she,722.6128603872564,2268.3077033911295,3148.848187048773,1276.6768222799433,2278.2616049411913,3671.659143662546,921.0762471730842,2422.369355678392,2661.5093719064425,0.03000000000020009,SH,S
DCB_se2_ag1_f_01_1,29894,EH1,11419,said,412.58403298537354,2372.5244191774636,2831.035431352498,436.7771591314167,2525.021922152441,2788.1891250936255,436.7771591314167,2525.021922152441,2788.1891250936255,0.03000000000020009,S,D
DCB_se2_ag1_f_01_1,29898,IY1,11421,keep,513.1494495190801,2166.122693837132,2864.272776213877,553.284514166114,1405.6787908743192,2831.9151572258397,519.8444196959306,2988.2100512715665,3668.4706900836563,0.07000000000016371,K,P
DCB_se2_ag1_f_01_1,29901,AY1,11422,writing,769.8054239829885,1801.3056833538692,2164.8031098191623,874.5630106069033,1468.3189761989884,1855.0148826450193,630.6121759140683,2076.927453944896,2475.746948315275,0.09000000000014552,R,T
DCB_se2_ag1_f_01_1,29903,IH0,11422,writing,532.1129878450931,2025.1954370158142,2704.719055647082,589.8225232396983,2008.62627090376,2774.240128118533,534.5851960536982,2038.4459312135552,2624.618030411265,0.03000000000020009,T,NG
DCB_se2_ag1_f_01_1,29906,OW1,11423,so,708.9660136755039,1297.684397999729,2046.5901447115941,757.3336577005789,1371.432558574556,2058.67431953573,677.7922507325445,1648.3766773347484,2439.043914626884,0.02999999999974534,S,AY1
DCB_se2_ag1_f_01_1,29907,AY1,11424,i,808.4722275393154,1383.7017808280648,2247.316213702125,816.688095199838,1403.6696044424293,2229.6806613545464,800.6494212935186,1426.2938327486174,2107.224950574425,0.0500000000001819,OW1,M
DCB_se2_ag1_f_01_1,29909,AH0,11426,a,553.6507208837772,1589.045414822723,2157.4650043613174,688.1684222740201,1606.0499797294801,2740.12997497319,470.5537441181551,1801.0903138334036,2784.1318035930917,0.0500000000001819,M,sp
DCB_se2_ag1_f_01_1,29912,IY1,11428,keep,506.8035016796539,2753.445307666479,3664.086053405612,549.2212009590259,2697.4820475396064,3347.9778332518313,490.1284769608608,2799.8314415640407,3058.331979391218,0.07999999999992724,K,P
DCB_se2_ag1_f_01_1,29917,AY1,11430,writing,632.2689082957975,1905.9688089395677,2380.5385698593423,877.8490863857094,1618.6647986756675,2179.0282421764873,619.2647630964893,1938.9944608894684,2509.548923735865,0.09000000000014552,R,T
DCB_se2_ag1_f_01_1,29919,IH0,11430,writing,561.6274967336626,2293.534599291024,2982.834176779166,621.6534115959845,2309.938880202732,3121.6170716615684,614.5030150731052,2401.86697038634,2550.763550040409,0.02999999999974534,T,NG
DCB_se2_ag1_f_01_1,29922,AH0,11432,and,768.7062872602625,2141.252361829727,3127.501727563695,954.5770553658807,2278.639640715344,3263.677779291861,943.2346506391682,2293.2636951156387,3310.5972309754593,0.07000000000016371,,N
DCB_se2_ag1_f_01_1,29924,AY1,11433,i,803.5224922272132,1918.249107118024,2319.4784314425665,833.5102765993963,1813.8679306349004,2398.7438958362345,793.6771403685689,1947.5887294407435,2125.130528650258,0.05999999999994543,N,JH
DCB_se2_ag1_f_01_1,29926,IH0,11434,just,492.78162192970035,1985.359269666866,3191.791953019435,621.7463101968231,1938.2459449716566,3200.5729537880616,514.6108337065906,1986.137847401669,3201.2295659768365,0.0500000000001819,JH,S
DCB_se2_ag1_f_01_1,29930,AA1,11435,started,838.1687890974556,1565.5020600361074,2311.7800929775894,837.8350915312224,1564.7900583615665,2309.7592694349855,805.7973375266333,1617.5839622776907,2326.446535875563,0.0500000000001819,T,R
DCB_se2_ag1_f_01_1,29933,AH0,11435,started,593.8630534461396,1884.7186262568523,2722.1051590963,611.0880936325701,1878.2375872207228,2643.600631166213,604.5166562629586,1904.4040242348415,2668.7191714074393,0.02999999999974534,T,D
DCB_se2_ag1_f_01_1,29936,AY1,11436,writing,642.83286221354,1763.312676678596,2710.1828523554996,801.8006094850299,1417.7905963187225,2018.2223618630942,664.5559320394707,2474.439400616214,2762.3693797556375,0.13000000000010914,R,T
DCB_se2_ag1_f_01_1,29938,IH0,11436,writing,597.9386543263295,2030.2836851849588,2933.1571796841813,635.7373936248008,1911.6519415748785,3052.7579678318625,574.8643295701609,2193.6590883165413,2822.226415562653,0.03999999999996362,T,NG
DCB_se2_ag1_f_01_1,29941,OW1,11437,poetry,635.73551913406,1108.5861751756765,3116.7621507623126,648.0085193768223,1061.0234862930838,3110.4687580942373,640.6652880233946,1362.8656518286903,2974.915941548002,0.08999999999969077,P,AH0
DCB_se2_ag1_f_01_1,29942,AH0,11437,poetry,615.6420018579172,1571.6440822397833,2899.9024324097554,640.6652880233946,1362.8656518286903,2974.915941548002,608.9336518880793,1571.6042705888372,2884.7128213850415,0.07000000000016371,OW1,T
DCB_se2_ag1_f_01_1,29945,IY0,11437,poetry,462.26819677668124,1919.5885355947994,2587.725834301658,523.9836637680355,2369.589541545912,2611.4990297286,503.33459122437245,2415.7179990948516,2608.833518925351,0.07000000000016371,R,AH0
DCB_se2_ag1_f_01_1,29946,AH0,11438,and,565.6746875894902,2202.3753537195003,2647.116968936501,580.5440741922945,2211.889094693877,2724.597516205238,523.9836637680355,2369.589541545912,2611.4990297286,0.03999999999996362,IY0,N
DCB_se2_ag1_f_01_1,29948,IH0,11439,it,625.7836221667706,2050.7616781277784,2977.3425325687904,626.3393052298863,2042.5228496025086,3003.407400004027,584.8586662877676,2060.2651396271804,3175.7820151143032,0.04999999999972715,N,T
DCB_se2_ag1_f_01_1,29951,IH0,11440,just,518.704148619117,1991.824563640425,3091.0829115524552,519.2615568023291,1983.0490399629211,3098.663451649986,496.30576980290795,2044.9452368557795,3001.9813817316403,0.05999999999994543,JH,S
DCB_se2_ag1_f_01_1,29957,EH1,11442,kept,738.8122115530775,1909.8102832995478,2750.9973188364006,761.7049587079059,1784.2263620124422,2682.639680321179,686.507115970944,2132.2759988720027,3160.9199310305203,0.05999999999994543,K,P
DCB_se2_ag1_f_01_1,29962,OW1,11444,going,494.42457078006805,1425.6051829933474,2094.861241939978,715.1168976848462,1651.4550647674307,3345.892381248283,612.1927347942134,1877.044488218506,3274.4446469104055,0.21000000000003638,G,IH0
DCB_se2_ag1_f_01_1,29963,IH0,11444,going,655.3110051841203,1417.1703932720811,2860.013660829032,708.225948682926,1409.4895866980785,2293.4857192904246,636.3267130574776,1674.197832531753,3214.7435233986716,0.05999999999994543,OW1,N
DCB_se2_ag1_f_01_1,29965,AH0,11445,and,631.8388780808976,2122.2972299044627,3212.356578736085,645.0450532418122,2291.820371363599,3152.2836008202135,643.9572279864144,2322.7380337292834,3171.3703533698554,0.03999999999996362,N,N
DCB_se2_ag1_f_01_1,29968,OW1,11446,going,579.7253809470085,1713.2075414351862,3309.561100645896,736.932764501613,829.670993062782,1988.6756827084632,564.4409209417809,1829.2296696788699,3399.988884839181,0.13999999999987267,G,IH0
DCB_se2_ag1_f_01_1,29969,IH0,11446,going,637.6458765794739,1404.1524583674716,2607.887023235091,732.0960300406982,862.3934673376409,2009.32905851671,621.4644440911858,1611.6775487232192,3004.203622754625,0.07000000000016371,OW1,N
DCB_se2_ag1_f_01_1,29971,AH0,11447,and,557.8629887134526,2246.533809329238,3010.9300355951673,589.150265375774,2292.1574206207506,2965.2135847974573,582.0718372767985,2309.7076322969083,2975.1486966930024,0.03999999999996362,N,N
DCB_se2_ag1_f_01_1,29974,OW1,11448,going,583.3592059529896,822.2295481024078,2374.878666161337,706.9362553608585,942.8227639571985,2131.6512772630736,501.36007721216356,984.7151833326628,3052.9878974238427,0.09999999999990905,G,IH0
DCB_se2_ag1_f_01_1,29975,IH0,11448,going,728.8386785041638,1303.5797582668451,2235.154521971677,804.2348169795611,1042.8318591999475,1975.5135427875261,660.5938747928944,1516.1725709043585,3271.2883470397815,0.0500000000001819,OW1,N
DCB_se2_ag1_f_01_1,29977,AE1,11449,and,710.1232704547873,2047.8213412751813,3201.776350320722,769.3142902091992,2055.5469996509514,3098.880574315331,754.9093857157422,2059.5148379496945,3195.0899445931896,0.05999999999994543,N,N
DCB_se2_ag1_f_01_1,29979,AY1,11450,i,834.6480694629589,1862.1149859952916,2654.6547202912748,907.3987995946371,1826.663175905672,1909.0172395955938,804.4832280393458,2019.2397619921492,2709.005389896505,0.11000000000012733,N,TH
DCB_se2_ag1_f_01_1,29981,IH1,11451,think,550.802030306055,2169.3362892613254,3151.3982952617994,608.325652222942,1953.1863592002496,2956.7014480810967,550.0227399430518,2162.029342953742,3150.9659842402302,0.02999999999974534,TH,NG
DCB_se2_ag1_f_01_1,29984,IH1,11452,it,467.9429710498711,2421.0175909577765,2954.7973930230137,475.65428191045623,2288.268641172826,2795.1485453690575,468.4144332109024,2436.101468646547,2925.0331382048435,0.02999999999974534,K,T
DCB_se2_ag1_f_01_1,29987,IH0,11453,just,498.63265812049906,1894.1063291339258,3059.8107839260074,512.2311399275374,1991.9608499048588,3051.034844968869,512.1696396697504,1988.7589405712583,3050.177952543509,0.07999999999992724,JH,S
DCB_se2_ag1_f_01_1,29991,IH1,11455,it,620.253972501048,1772.4190795590478,2593.7449042057456,938.7811538239256,1509.4753233151564,2735.3537038520276,462.63844371843794,2415.427443118121,3128.2585132492513,0.07000000000016371,,T
DCB_se2_ag1_f_01_1,29994,IH0,11456,just,496.40761033363543,2107.788762552395,3029.1681581404378,507.06526276415235,2123.8936599408567,3029.7171264287563,473.23071714015333,2163.751701673877,3038.0234486435825,0.05999999999994543,JH,S
DCB_se2_ag1_f_01_1,29997,EY1,11457,came,563.5939428306141,2649.002523449183,3278.571153939185,701.5423174732884,2450.5338277187693,3248.1449328211083,528.9774522877923,2764.5017848226976,3330.2187582556458,0.24000000000023647,K,M
DCB_se2_ag1_f_01_1,30001,AY1,11459,kind,895.943237999462,1765.2784754834597,2351.3994706541043,935.1813171839589,1803.5059759248363,2414.5621109779886,876.818998114682,1893.0341438563896,2688.013036454607,0.07999999999992724,K,N
DCB_se2_ag1_f_01_1,30003,AH0,11460,of,639.0622980076871,1374.128773836326,1887.2333443727114,650.4066508707938,1352.6829053583317,1873.749371137635,556.4801759590513,1757.7205530982455,1894.4864329094653,0.07000000000016371,N,V
DCB_se2_ag1_f_01_1,30006,AE1,11461,naturally,960.4628392849527,1788.0650021640777,2252.5856345820716,1034.250415930023,1523.8065224555714,2264.532314793187,951.5574352238829,1950.477316703675,2711.663508297296,0.1299999999996544,N,CH
DCB_se2_ag1_f_01_1,30009,AH0,11461,naturally,550.0586499588436,1504.034914078587,2872.453703841705,619.7405525491126,1588.3170842284817,2522.8575507696437,616.458511411375,1588.850765331776,3010.3410142689145,0.03999999999996362,R,L
DCB_se2_ag1_f_01_1,30011,IY0,11461,naturally,444.1363626885732,1960.0035287259152,3128.9476154194913,624.9251983536601,1697.4488050217992,3024.203127950607,528.2653948003584,2332.962756138175,3092.7377741074974,0.09000000000014552,L,
DCB_se2_ag1_f_01_1,30014,IH0,11463,it,533.3551065815302,2237.6785398512784,3110.0088481610674,1188.8469127432916,2524.4323301479794,3152.332330579805,1188.8469127432916,2524.4323301479794,3152.332330579805,0.04999999999972715,sil,T
DCB_se2_ag1_f_01_1,30017,AH0,11464,was,485.4451483167974,1764.2090320055365,2974.8617795264104,485.3459963056463,1757.9005385410023,2957.863964154534,473.0023344152543,1769.2923871764801,3034.369931998633,0.03000000000020009,W,Z
DCB_se2_ag1_f_01_1,30020,AH1,11465,just,712.7376329813416,1975.3797810484157,2807.472961242956,757.6074154714527,1903.9543408876764,2759.5586731628746,663.2601669556888,2067.392860328521,2842.758375409925,0.05999999999994543,JH,S
DCB_se2_ag1_f_01_1,30023,AY1,11466,like,635.1495128301183,1494.5501558007643,2453.371137961971,659.8472172087822,2028.4880704128745,2983.4673835533063,658.1734420086019,1989.9457496474859,2847.0986329160537,0.03000000000020009,L,K
DCB_se2_ag1_f_01_1,30026,AH0,11468,a,776.8910062152047,1799.5636968215485,2948.587365946701,773.8589395306194,1781.3473423790188,2929.2997106584216,722.8916442418233,1862.0350083373273,2963.326443608405,0.02999999999974534,sp,TH
DCB_se2_ag1_f_01_1,30028,IH1,11469,thing,548.1292604447908,2324.7539341464485,2724.6839123386867,598.6050389985576,2499.8130026101203,3250.8403140740193,564.718532255144,2565.863935811327,3235.0302560955033,0.0500000000001819,TH,NG
DCB_se2_ag1_f_01_1,30031,AH0,11470,that,617.0916055450964,1991.5309791388465,3116.7932175838414,632.6610574830178,1943.6001656696526,3087.049058321099,541.2746502047821,2006.42976320763,3125.84046373602,0.0500000000001819,DH,T
DCB_se2_ag1_f_01_1,30033,AY1,11471,i,922.9031328594161,2067.9481902173966,2672.93890965802,951.2538072673244,1945.4979496680444,2638.71474801866,907.2440824472396,2152.220020815794,2703.1026690357203,0.11000000000012733,T,sp
DCB_se2_ag1_f_01_1,30036,IH1,11473,did,455.062401136956,2786.0891749013535,3170.500459489479,658.9085379967485,2361.62342844885,3320.306421353379,493.18433004952146,2947.4528087492313,3156.7770098594037,0.23999999999978172,D,D
DCB_se2_ag1_f_01_1,30040,IH1,11475,it,534.4440337728362,2206.2647870560027,3105.212907123573,721.3372894957785,2090.59227633423,3018.7186711755703,539.2031797265522,2296.0743091660393,3055.4470861186087,0.15000000000009095,sil,T
DCB_se2_ag1_f_01_1,30044,IH0,11477,because,568.703488938391,1877.8482681179253,2796.040148428064,1080.32082228106,2150.152141422106,2733.276979074532,972.0877366484765,2103.239199696123,2752.9083717855683,0.04999999999972715,B,K
DCB_se2_ag1_f_01_1,30046,AA1,11477,because,625.1966334690937,1849.765908014908,2832.727814511236,828.9767137813641,1687.2881277649306,2355.1694413066884,606.4710205653363,1859.3547009721508,2517.085535741204,0.07999999999992724,K,Z
DCB_se2_ag1_f_01_1,30050,IH0,11479,because,553.2272165098418,2689.9058586585384,3178.8814081405935,557.2530930449896,2683.2238536237223,3090.297528643666,541.4041745821156,2757.855093030651,2997.796760628285,0.07000000000016371,B,K
DCB_se2_ag1_f_01_1,30052,AH1,11479,because,676.1135610625317,1770.5509704932629,3013.1408915555753,695.7800873273659,1751.73913637717,2912.5275649577316,672.0467791648763,1777.0094795867824,3016.8467426923226,0.05999999999994543,K,Z
DCB_se2_ag1_f_01_1,30054,AY1,11480,i,830.4629169161946,1598.1931327766088,2247.2893408673767,840.142632279322,1603.9512894737543,2306.48909134633,717.5866839678642,1670.592803895374,2441.852108550164,0.06999999999970896,Z,W
DCB_se2_ag1_f_01_1,30056,AO1,11481,wanted,702.8813982434897,1192.6922918756961,2120.1589239316695,703.9556431599414,1200.5657949482074,2125.8873849926294,600.8956261786564,1442.6180486248545,1874.7209074131029,0.03999999999996362,W,N
DCB_se2_ag1_f_01_1,30058,IH0,11481,wanted,536.5684603174083,1726.8799278645633,2535.437997581319,589.9485981437689,1610.106223960258,2410.0603265904783,532.4190287034378,1774.0583812496484,2569.623360170709,0.03000000000020009,N,D
DCB_se2_ag1_f_01_1,30061,AH0,11482,to,666.7691102772707,1301.5443932574206,1889.3832952242615,709.8106593410886,1380.4380094741934,1874.8470379011446,709.8106593410886,1380.4380094741934,1874.8470379011446,0.03000000000020009,T,R
DCB_se2_ag1_f_01_1,30063,AY1,11483,write,651.114474776004,1957.5442578716106,2618.0036797370976,750.8439888770099,1410.958567034746,2078.6530194446705,559.6667947192511,2247.511071581754,2728.202990864472,0.05999999999994543,R,T
DCB_se2_ag1_f_01_1,30066,AH0,11485,and,765.7766383200499,2147.9990270021835,3158.037958783429,952.450639866806,2065.815094755158,3076.828782350626,764.9407687939001,2144.23027629246,3150.544206083957,0.04999999999972715,sp,N
DCB_se2_ag1_f_01_1,30068,AY1,11486,i,891.736851763773,1783.5221054465142,2874.888213040662,891.8147610628655,1777.9702898131218,2881.3408014503757,822.0915747767618,1928.8838541789846,3046.660944233793,0.05999999999994543,N,W
DCB_se2_ag1_f_01_1,30070,AH0,11487,was,592.4273054931141,1677.3679041796001,3017.0768204622636,623.6314918249137,1672.9967276174464,3011.7126798045947,604.6744079161948,1747.3261649408205,3144.496397877169,0.02999999999974534,W,Z
DCB_se2_ag1_f_01_1,30074,AY1,11489,like,826.3041189970393,1605.2629886162404,2440.5194366826327,886.9057832446815,1549.8192420299943,2400.4180325376306,765.920716248762,1635.0605969105607,2592.4534114129456,0.03000000000020009,L,K
DCB_se2_ag1_f_01_1,30076,AY1,11490,i,747.625981156121,1072.486833905354,2671.1342493057887,851.6475770670042,1429.273754220568,2615.5021062150686,851.6475770670042,1429.273754220568,2615.5021062150686,0.02999999999974534,K,W
DCB_se2_ag1_f_01_1,30078,AA1,11491,wanna,711.779074733255,1368.8627151692572,3430.4659386332014,730.7526767976318,1558.2311549582969,3405.6275892133763,730.7526767976318,1558.2311549582969,3405.6275892133763,0.02999999999974534,W,N
DCB_se2_ag1_f_01_1,30080,AH0,11491,wanna,582.8783122398387,1682.2511131045123,3048.9477180354834,608.2993308996233,1797.2490227024098,3088.857020050805,512.0280845960957,1773.3738357877162,3403.6449359505914,0.07000000000016371,N,B
DCB_se2_ag1_f_01_1,30082,IY0,11492,be,453.50707156070405,2121.5662548749033,2769.732393024567,537.0076674330375,1725.7934185652987,2902.0150346694973,471.3242522941116,2123.5791866697746,2775.864852719454,0.03000000000020009,B,AO1
DCB_se2_ag1_f_01_1,30083,AO1,11493,on,607.0314235594667,1391.223755452361,3209.6361872704288,640.9977821254342,1409.4863027348797,1879.6693246599825,537.0076674330375,1725.7934185652987,2902.0150346694973,0.05999999999994543,IY0,N
DCB_se2_ag1_f_01_1,30086,AH0,11494,the,561.7614025233963,2069.688227706158,3113.1536216809914,686.2688344653407,2006.6532908758584,3050.4424162059295,562.2399969251364,2071.0709259966775,3116.1329831651237,0.05999999999994543,DH,S
DCB_se2_ag1_f_01_1,30089,EY1,11495,stage,501.09287968407176,2705.200778989322,3020.300322427502,655.4060192226152,1660.1231908557702,2887.7620416597847,489.8204410375532,2847.0696375752514,2934.0762530808797,0.2199999999997999,T,JH
DCB_se2_ag1_f_01_1,30092,AH0,11497,and,555.152076772483,2050.1815046294123,2981.996285597806,566.6021884299399,2043.6832333076497,2893.544020644215,472.9162238533976,2060.511170937908,3261.075217653809,0.0500000000001819,sp,N
DCB_se2_ag1_f_01_1,30095,EY1,11498,say,452.2829992074194,2563.4295966758245,2976.399402636911,609.29379006572,2119.6175886345013,3134.1281565049426,501.01270996892083,2638.379581961762,2940.678094640879,0.11999999999989086,S,EH1
DCB_se2_ag1_f_01_1,30096,EH1,11499,everything,635.8163340016448,2009.218826386932,2917.7371735825477,643.3511126734525,2001.8979497369914,2926.073404464763,559.0964779886239,2398.3526936035437,2951.916750921654,0.03999999999996362,EY1,V
DCB_se2_ag1_f_01_1,30099,IY0,11499,everything,463.7953337799803,2337.5986456944283,2794.329241208859,464.6491706212103,2345.9915337208995,2775.018645963953,462.7155596560804,2399.905794363167,2632.8716630352246,0.05999999999994543,R,TH
DCB_se2_ag1_f_01_1,30101,IH2,11499,everything,510.70651521788227,2108.512581692636,2791.7396479775794,617.9337066640576,1964.5613217912444,2758.443228326022,560.0837869692014,2194.5526247694074,2743.192897219683,0.03999999999996362,TH,NG
DCB_se2_ag1_f_01_1,30105,EY1,11501,say,461.4799717383287,2560.3713453601235,2724.176826945355,589.8422033087369,2180.4771238301596,2434.109231535818,462.4336539409182,2564.1156684043294,2745.1233306757763,0.07000000000016371,S,sp
DCB_se2_ag1_f_01_1,30108,AY1,11503,my,672.8986924199781,1678.965280809447,2955.7511175592194,756.286910261435,1842.5746039415155,2171.048408050939,647.6918385657139,2234.142623302113,2605.9331411643366,0.1799999999998363,M,sp
DCB_se2_ag1_f_01_1,30111,AY1,11505,like,808.9523278089924,1912.0296676201328,2951.886436234255,868.4617493320021,1775.461633914031,2711.046516823363,698.5609183849049,2115.2100254872553,3171.090653099476,0.04999999999972715,L,K
DCB_se2_ag1_f_01_1,30115,IY1,11506,speak,583.9045989349432,1968.7169416217885,2846.6438112007404,582.9254254455516,1955.2091314776173,2763.6641225262106,574.743977471219,2202.141278735345,2841.5092532255376,0.05999999999994543,P,K
DCB_se2_ag1_f_01_1,30118,AY1,11507,my,794.4097263984831,1396.3449684447946,2251.6229839156003,815.9463762870537,1421.360672056434,2226.9615414955992,792.6463364743145,1452.1923524106276,2379.360821312329,0.07000000000016371,M,W
DCB_se2_ag1_f_01_1,30120,ER1,11508,words,600.0353929832186,1627.0285982605617,1988.7593558275705,615.9191488892623,1577.187784878369,1704.362392660983,531.2093955958707,1944.1696165469934,2400.43077305649,0.05999999999994543,W,D
DCB_se2_ag1_f_01_1,30123,IH0,11509,in,500.15130489218154,1729.8570659626844,2690.729518425834,556.767773352707,1721.4202423608735,2919.6657732191643,487.7363168063457,1823.577634109273,2357.332981819012,0.03999999999996362,Z,N
DCB_se2_ag1_f_01_1,30127,AH1,11510,front,753.6604170801074,1544.4464443651727,2273.0446214345848,763.0829104836087,1630.8725040745412,2432.937498152535,752.0743057329049,1670.4524602734239,2497.0585188197456,0.02999999999974534,R,N
DCB_se2_ag1_f_01_1,30130,AH0,11511,of,573.9588322512087,1714.3598054601398,2969.6406446374954,584.9122833835416,1813.4142499231732,2290.4571380357293,579.6660600706925,1831.4971581474117,2460.019848776404,0.02999999999974534,T,V
DCB_se2_ag1_f_01_1,30133,IY1,11512,people,526.123156347445,1599.5031536978204,2127.3296901638605,668.8241012270628,1596.897936185431,2363.8416208028902,468.05925147443145,1852.9290427284134,2655.5487155963897,0.09999999999990905,P,P
DCB_se2_ag1_f_01_1,30135,AH0,11512,people,701.7632937247979,786.5219580491662,2407.0304694114743,765.3120064949807,1875.3235338691961,2544.349226682879,752.4944073418113,1974.3777517982455,2568.215870774186,0.03000000000020009,P,L
DCB_se2_ag1_f_01_1,30140,IY1,11514,we,611.7755599757355,1873.1153865076092,2867.029219033018,737.1821730691844,1799.0685285355376,2911.0472978422104,613.4389193212618,1871.2170355286028,2866.2658928727496,0.03000000000020009,W,sp
DCB_se2_ag1_f_01_1,30143,ER0,11516,perform,613.542204804467,1265.4020313613235,2596.269912862095,792.7675109305899,1586.6215815757537,2796.962998923376,787.8800396655748,1640.9858101302057,2799.9362561787357,0.11999999999989086,P,F
DCB_se2_ag1_f_01_1,30145,AO1,11516,perform,717.4826524120464,1945.8324762368356,2704.858012892267,791.5288307209053,1864.645665652747,2666.831854647649,741.7829097474154,2033.1440959397169,2779.230427400151,0.03000000000020009,F,R
DCB_se2_ag1_f_01_1,30149,AE1,11518,at,706.6007983057899,2077.080227703175,3029.613170108937,754.5699831933996,2056.7443593327125,2908.1154474266345,688.1283449621175,2175.1760008207484,2859.9171062052887,0.17000000000007276,sp,T
DCB_se2_ag1_f_01_1,30152,EH1,11520,every,837.1873354359668,2062.543450787559,2712.799672689373,875.8846128569678,1946.640897925252,2168.380906489119,808.8568650262068,2329.8377456504772,3304.311286213789,0.13999999999987267,sp,V
DCB_se2_ag1_f_01_1,30154,ER0,11520,every,614.1281444843182,1250.8875620647505,2676.446993107529,644.6094696545977,1284.1289022157753,2846.537445213432,551.5632227403598,1609.2287247656514,2518.2260069446,0.07999999999992724,V,IY0
DCB_se2_ag1_f_01_1,30155,IY0,11520,every,578.9428842767369,1969.3868429335714,2869.111480297598,722.9239276659954,1532.775075064088,3015.067808949628,564.7455558811149,2448.5579692682045,2865.538028262906,0.13999999999987267,ER0,AH1
DCB_se2_ag1_f_01_1,30156,AH1,11521,um,736.8451757901618,1231.8431828252776,1927.7079529913385,850.0206053785664,1453.3676665104836,3021.5952916609394,529.4397178200529,1744.5533410169114,1773.7483171806832,0.42000000000007276,IY0,M
DCB_se2_ag1_f_01_1,30158,AE1,11522,at,783.2491806739295,2248.6061134330384,3165.4707857414323,781.5846031530094,2221.502458531157,3156.137701100718,766.5970870815426,2303.168181687107,3166.6428672315865,0.09999999999990905,M,T
DCB_se2_ag1_f_01_1,30160,EH1,11523,every,775.8815820221783,2127.283601682484,3057.7389377802997,820.0089238643312,2242.230737857251,3204.7325922973864,788.2748380788084,2241.893234683122,3341.119696685975,0.11999999999989086,T,V
DCB_se2_ag1_f_01_1,30163,IY0,11523,every,459.9758305021487,2844.7997985967695,2974.2448650723195,496.3555155469932,2336.7231662119602,2655.6154648846655,459.74120318086614,2846.4041632733806,2971.833376292583,0.15000000000009095,R,
DCB_se2_ag1_f_01_1,30167,AH0,11527,assembly,702.7498831734144,1905.119721703729,3040.5680100320183,731.2502403983657,1993.6916258242832,3198.184523205869,731.4560644135586,1997.7684863104098,3211.627709600767,0.09999999999990905,sp,S
DCB_se2_ag1_f_01_1,30169,EH1,11527,assembly,597.8391433222288,1922.1793714474095,3255.1044010997543,686.1621714774783,1849.1777731178565,3276.319726416601,500.9076144915965,1949.2342701318294,3187.1965006792516,0.05999999999994543,S,M
DCB_se2_ag1_f_01_1,30173,IY0,11527,assembly,425.95338237153294,2199.4394519178068,2890.6225461361255,1056.8128654845075,2275.345623310068,3095.715996073323,442.9610156252027,2739.6461129530408,3126.700119380755,0.169999999999618,L,
DCB_se2_ag1_f_01_1,30176,IY1,11529,we,512.577863536522,2027.1811065038248,2956.789788111158,521.4550050511797,1256.7804012123333,2946.029737700619,502.99489108427707,2099.85383564347,2981.0016405565775,0.06999999999970896,W,W
DCB_se2_ag1_f_01_1,30178,UH1,11530,would,518.8336393480995,1610.8072230038035,2927.217212046705,519.2264196155656,1646.0683542336826,2936.653173293511,460.7319014292021,1823.5873630397286,3052.0333748620264,0.05999999999994543,W,D
DCB_se2_ag1_f_01_1,30181,UW1,11531,do,510.8273815230712,945.6227368579976,3033.6865831955884,624.3566376391732,763.811922906233,1947.2793534447392,499.4469643755839,2138.0491996987166,2487.9607264149363,0.22000000000025466,D,AH0
DCB_se2_ag1_f_01_1,30182,AH0,11532,a,604.1000514960316,1579.7210423358422,3130.764388215114,650.8388482222213,1616.0135766406636,3050.498401207868,559.7561524631371,1697.1678086428858,3113.8143907520066,0.17000000000007276,UW1,P
DCB_se2_ag1_f_01_1,30184,IY1,11533,piece,516.321794044795,3158.7084780197297,3828.511663217756,911.5282796423602,2243.8162616355276,3264.405899974859,472.0672029030727,2920.1940551604393,3522.6054950276766,0.1799999999998363,P,S
DCB_se2_ag1_f_01_1,30189,IY1,11535,we,453.6768957571075,1641.7732098734461,2902.1035280260726,456.72482601513826,1679.8172262910693,2935.818361443891,456.3057315497433,1694.9516347063404,2931.587801128619,0.03000000000020009,W,W
DCB_se2_ag1_f_01_1,30191,UH1,11536,would,478.35325083471685,1694.7275107999835,2950.269279870016,488.8924135488764,1740.9138722895586,3083.4603008647687,467.4491998089182,1946.349658930324,2992.1433960200166,0.02999999999974534,W,D
DCB_se2_ag1_f_01_1,30194,UW1,11537,do,463.51705473922084,1070.5891386100702,3020.8420461895575,589.504825972284,1942.268641694042,2983.4417606805473,573.5661975895746,1941.5744513555314,2974.052484646797,0.11000000000012733,D,AH0
DCB_se2_ag1_f_01_1,30195,AH0,11538,a,427.7148309732293,1098.877109556459,2872.2834715962276,456.7108893656518,989.1300616565491,3080.113752640768,397.9684730155229,1262.8485778853722,3219.005970017204,0.07000000000016371,UW1,B
DCB_se2_ag1_f_01_1,30197,IH1,11539,big,514.4033078949933,2390.1199769623227,3064.8045519109914,514.3078596500721,2389.0360590059418,3063.938870413088,454.04588132609643,2594.7676321900417,3029.72293766663,0.04999999999972715,B,G
DCB_se2_ag1_f_01_1,30201,IY1,11541,piece,456.34833772480937,1643.926683718205,3105.392610002405,1134.7857541928963,2252.231920382226,3302.0124222139366,524.7236121587238,3090.179677503636,3323.2246503811534,0.17000000000007276,P,S
DCB_se2_ag1_f_01_1,30206,IH0,11543,with,501.7721015847756,1781.4292944150127,3147.3793447300045,525.2901231673015,1387.4040212369298,2924.900913757273,477.1526682059436,1799.7689207346682,3072.0700638476496,0.0500000000001819,W,TH
DCB_se2_ag1_f_01_1,30208,AO1,11544,all,672.7481879008835,1185.6384847519046,3384.396670081548,739.0810306035157,1377.3296176613262,3166.2662219246927,638.7568943984129,1594.2129225813685,3049.100308185056,0.08999999999969077,TH,L
DCB_se2_ag1_f_01_1,30210,AH1,11545,of,550.2085445822211,1330.694249505448,3325.0823777092055,561.0628301355524,1305.7996350683663,3272.0202409764183,550.3449383455455,1334.7702280264307,3315.8433526949416,0.02999999999974534,L,V
DCB_se2_ag1_f_01_1,30212,AH1,11546,us,640.4347769850849,1527.6865089088847,3180.2013067158096,815.0521714310534,1673.627954634175,3165.2340252739114,739.9843578240502,1813.3801525181198,3131.1537649117863,0.13000000000010914,V,S
DCB_se2_ag1_f_01_1,30215,AH1,11548,uh,840.7950782576938,1398.4709360196234,3225.1299375177955,988.7662578992034,1670.1116349883157,2910.4876335357717,842.7383765455028,1955.7655105510878,2791.696082514309,0.30999999999994543,,sp
DCB_se2_ag1_f_01_1,30217,AW1,11550,our,657.3198485770645,1114.2235978419358,2670.2280134036805,1053.0256412577723,1795.5401186259148,2657.073026758572,1033.0964792158438,1817.6305260513113,2729.4361567291344,0.4099999999998545,sp,ER0
DCB_se2_ag1_f_01_1,30218,ER0,11550,our,619.9726519789697,1563.4219665834335,1894.67746047771,678.3053917621199,1693.274798553529,2514.499025807287,598.1939255768845,1746.6758534535952,1785.4323242475698,0.36000000000012733,AW1,sp
DCB_se2_ag1_f_01_1,30221,AE1,11552,that,756.671340695397,2002.2071416455917,3218.0073909544453,871.6707778696832,2020.8264548358156,3209.073791327992,696.1099498064269,2043.9840429118203,3184.995245357322,0.05999999999994543,DH,T
DCB_se2_ag1_f_01_1,30223,AY1,11553,i've,1042.3641511169035,1560.817120718725,2164.4396096548853,1048.8598866315542,1786.8621714457786,2530.539514220007,984.0799019715433,1948.6463645136118,2888.4241355701843,0.1799999999998363,T,V
DCB_se2_ag1_f_01_1,30226,IH1,11554,written,620.8521012413257,1899.9840610579233,2286.938691668421,622.0134575783248,1897.9436990263284,2290.913940697287,546.1618534878625,2264.5863936246633,2816.9031834241705,0.07000000000016371,R,T
DCB_se2_ag1_f_01_1,30228,AH0,11554,written,506.15608645592783,1942.5553724250817,2891.306243199213,513.9059515560436,1945.9664455101918,2982.854997213187,512.1610565886205,2132.9070875182156,2998.6828252240534,0.03000000000020009,T,N
DCB_se2_ag1_f_01_1,30230,AO1,11555,or,552.5718636247669,880.6985126147712,2749.135103970911,610.037818217328,1046.3498011413137,3009.409932056274,555.4749151150232,1719.6708886555912,2983.0060168415785,0.19000000000005457,N,R
DCB_se2_ag1_f_01_1,30233,AO1,11556,for,599.2443699035776,1105.9034510335384,2899.82983534604,840.6639721310133,1571.1184955939393,2934.7661555604686,840.6639721310133,1571.1184955939393,2934.7661555604686,0.02999999999974534,F,R
DCB_se2_ag1_f_01_1,30237,UW1,11557,school,453.4196693083326,985.8413930524633,3094.877144611793,575.1783548360568,1135.7727227089156,2591.7453543239403,557.0712055348159,1138.6895146104466,2638.987530115467,0.07999999999992724,K,L
DCB_se2_ag1_f_01_1,30244,AH1,11561,uh,770.6851963936255,1506.8853405707794,3250.1515823439445,1050.275601073238,2018.4300975535064,2287.651473119745,945.8029553294037,2212.8813221736305,2282.734767503183,0.4800000000000182,,sp
DCB_se2_ag1_f_01_1,30248,AH1,11563,w,377.3105391334802,1650.3148892974423,2951.634320680325,407.67430799280584,1429.702452128773,2596.849375205668,363.98162944202755,1820.901191062657,2996.149051138506,0.02999999999974534,D,B
DCB_se2_ag1_f_01_1,30250,AH0,11563,w,487.0877573134325,1756.3385972531705,3024.430430408822,544.1454681603818,2062.0690387874615,3172.3359987034355,544.1454681603818,2062.0690387874615,3172.3359987034355,0.03000000000020009,B,L
DCB_se2_ag1_f_01_1,30253,UW0,11563,w,387.87919957282634,1525.5465234429064,2793.0742049525634,426.9328630791789,1324.7684383732405,2699.9475610585405,415.2680630578852,1617.2421833965243,2796.251850808826,0.07999999999992724,Y,W
DCB_se2_ag1_f_01_1,30255,UW1,11564,woo,475.0088285871005,918.3308835348918,3149.726946251979,596.9253394448568,1408.5303924513435,2469.5700720618265,515.1854630652027,2139.5527487410714,3335.1396966455222,0.330000000000382,W,sp
DCB_se2_ag1_f_01_1,30257,AE1,11566,actually,1015.5344460146072,1960.8115351560436,2790.53100708182,1017.8174208914022,1974.4551319523455,2783.9058303489273,847.9419078965658,2259.508922339048,2850.19269103663,0.13000000000010914,sp,K
DCB_se2_ag1_f_01_1,30260,AH0,11566,actually,542.7882194767404,1695.418701597246,3335.717400483989,883.4180898694408,2055.033937820201,3132.4309642589647,624.6020878854933,2077.402043106613,3359.8375838606007,0.07000000000016371,SH,L
DCB_se2_ag1_f_01_1,30262,IY0,11566,actually,410.37805986058856,2714.1430879450418,3258.740190065534,512.2786018613104,2411.684699747738,3180.891412831865,399.5920806432725,2852.1307169629795,3270.3802406122823,0.13000000000010914,L,
DCB_se2_ag1_f_01_1,30264,AH1,11568,um,755.1670226434878,1459.4343029421052,3392.4969269919725,1348.9677805885535,2422.3794158117466,3304.3362841209305,1406.4109034816165,2618.962664451196,3468.0797077640764,0.169999999999618,,M
DCB_se2_ag1_f_01_1,30268,AH1,11570,the,699.5378852462808,1507.6850334247677,3123.403352672663,707.9931512912461,1498.044483750472,3154.43436361639,668.8967655356055,1653.5801897216222,3143.213114188586,0.17000000000007276,DH,sp
DCB_se2_ag1_f_01_1,30271,AY1,11572,my,986.5267481934105,1645.235575861603,2726.130729870985,1018.7593079568661,1652.9157792648655,2708.3189723275473,929.207238702282,1742.4751720900954,3001.4740699205026,0.13999999999987267,M,AH0
DCB_se2_ag1_f_01_1,30272,AH0,11573,appreciate,722.4950245448289,1520.4013355622428,3078.2386988008943,847.064686381307,1584.466478865818,3012.7042586554417,843.6798724634812,1609.594177840613,3018.519964156059,0.1000000000003638,AY1,P
DCB_se2_ag1_f_01_1,30275,IY1,11573,appreciate,439.8874915754767,2525.5556382308228,2970.9644386497052,465.38718909645013,1948.4596098777804,2633.2734995779865,438.48060399313795,2634.1136404883687,3173.641703877921,0.0500000000001819,R,SH
DCB_se2_ag1_f_01_1,30277,IY0,11573,appreciate,470.3190689575862,2639.031550211979,3130.719475818221,621.8024754800514,2248.750828390069,3169.4788009266695,485.86054447603567,2776.1143693768036,3845.7671164934777,0.11000000000012733,SH,EY2
DCB_se2_ag1_f_01_1,30278,EY2,11573,appreciate,620.7002133687674,2411.900735704592,3071.6300417959087,647.6657077888372,2249.604084870801,3243.642916586595,440.20195169959356,2643.86197005128,2986.88774288479,0.09999999999990905,IY0,T
DCB_se2_ag1_f_01_1,30282,OW1,11575,poem,623.046880784952,958.6123713952733,2829.7175208840495,799.4968485181821,1149.269200907008,3132.473699899023,783.521620987237,1204.7830849056688,3224.6662432118464,0.1799999999998363,P,AH0
DCB_se2_ag1_f_01_1,30283,AH0,11575,poem,589.0588222992028,999.1807099880593,2989.647477292728,627.6664285881616,1005.7068690034315,3200.3905343137076,628.3652926262859,1006.384814787728,3201.3734014102106,0.03000000000020009,OW1,M
DCB_se2_ag1_f_01_1,30286,AY1,11577,i,940.1042264030569,1637.1762183107498,2641.555408611944,1093.2464965762574,1730.2828698263486,2711.4025434362957,925.7230110410046,1812.7159714879374,2776.954951840123,0.11000000000012733,sp,F
DCB_se2_ag1_f_01_1,30288,IY1,11578,feel,666.1423302784497,1628.6506954997078,3124.675224344594,843.413211343843,1775.9795958152852,2766.030207542963,800.1693076131444,1792.9007910867258,2768.472271062487,0.03999999999996362,F,L
DCB_se2_ag1_f_01_1,30291,AY1,11579,like,820.7691366060133,1733.4397706573063,3294.07707449289,877.0084918583534,1784.9907137666946,3228.5031419835786,572.132211421472,1879.5428764423882,2769.474717348954,0.08999999999969077,L,K
DCB_se2_ag1_f_01_1,30294,AE1,11580,that,659.7598959921858,2005.731057678461,2215.2264536326593,688.7820518608557,1464.8099135063537,2105.5017518064265,636.4328361477881,2072.0888403530034,2598.2014495529265,0.07000000000016371,DH,T
DCB_se2_ag1_f_01_1,30300,AH1,11583,one,719.7328404408759,1530.7959482040987,3276.843572061021,724.0436356147143,1343.5171942729123,2429.7334393559295,654.676387399093,1668.7967010366367,3047.052159664044,0.0500000000001819,W,N
DCB_se2_ag1_f_01_1,30302,AH1,11584,of,712.2852645896064,1700.4574486683484,2966.150180293244,751.5556541419126,1603.5331011154797,2965.541833913973,674.2119170952298,1712.1654306886583,2965.4008930833174,0.0500000000001819,N,V
DCB_se2_ag1_f_01_1,30308,AY1,11587,my,936.5197881569858,1911.556769736486,2630.0525228550414,1006.8177236218304,1797.4953379291792,2637.825887399343,948.8851723854822,1958.1031316003673,2620.16532163718,0.36000000000012733,M,
DCB_se2_ag1_f_01_1,30311,AA1,11589,cause,566.0589092743556,1862.8522236872973,3372.74321744547,732.8037548626178,2004.9203585740338,3042.4506683252134,732.8037548626178,2004.9203585740338,3042.4506683252134,0.0500000000001819,K,Z
DCB_se2_ag1_f_01_1,30313,IH0,11590,it,515.667443709742,1686.796395299566,3181.2636860748435,517.6855011621614,1697.8296454816605,3155.9726047622476,495.29018793641006,1745.1977469969545,3127.496760577913,0.02999999999974534,Z,T
DCB_se2_ag1_f_01_1,30317,AA1,11592,not,999.7195866003233,1666.2377485367865,2458.8018093365768,1018.6089308021213,1678.6290357073121,2326.319731044595,948.5091991614424,1894.4882501133914,2341.7236281339356,0.13000000000010914,N,T
DCB_se2_ag1_f_01_1,30320,AE1,11593,sad,606.1172046825111,815.1971292330902,2597.618233943926,772.4202885265252,1370.5107794696771,2166.6918750674467,570.9510655587352,2664.024749396684,3531.7153641489667,0.2899999999999636,S,D
DCB_se2_ag1_f_01_1,30323,AE1,11595,and,628.9046238415842,2473.353752528604,3454.32337897986,1011.5949996544118,2248.446983407547,3541.1690571577674,607.428123048064,2493.58210625828,3491.053220191069,0.10999999999967258,,N
DCB_se2_ag1_f_01_1,30325,IH1,11596,it,598.4228216475223,2240.2632818015913,3489.2227418663797,604.0417690784479,2240.6849703199155,3472.7022569450464,532.6589528374733,2361.2883257159697,3416.5730322721543,0.08000000000038199,N,T
DCB_se2_ag1_f_01_1,30330,AH1,11598,from,746.525165559371,1422.3657142918246,2625.1058376969013,751.6992522818157,1425.6288060300667,2534.4421146643394,750.823765343289,1431.8331241280378,2579.7358940545932,0.03000000000020009,R,M
DCB_se2_ag1_f_01_1,30332,AH0,11599,a,616.3072746014224,1301.8028210394375,3214.295293181049,644.3829605610653,1288.0789184002442,3166.2523016569075,560.6441183925078,1364.5141675225059,3163.2591138387465,0.07000000000016371,M,sp
DCB_se2_ag1_f_01_1,30337,EY1,11601,place,500.36481353274684,2434.7075509697925,2909.615821989318,774.283609261214,2096.769385469348,3070.841918789643,501.197357722044,2506.108707158214,2919.198958181358,0.17000000000007276,L,S
DCB_se2_ag1_f_01_1,30341,EH1,11602,where,650.5197939648222,1657.0581973965307,3077.115168780238,761.2876894314694,1770.6352466504893,3087.7256122667404,758.6010903360773,1770.9848577873236,3085.2357734297184,0.06999999999970896,W,R
DCB_se2_ag1_f_01_1,30344,AY1,11603,like,795.3313130710505,2058.406712911865,3177.5662479423736,896.608802792139,1818.2396352829303,3011.966169080576,603.1780295635388,2285.142136722251,3201.0178634028457,0.1000000000003638,L,K
DCB_se2_ag1_f_01_1,30347,IH1,11605,it,597.412374851806,2241.7468496548895,2768.7253985905727,942.2504619812572,1592.9258956041851,2938.8032518214413,537.9330373841447,2504.49098010353,2949.23324943762,0.07999999999992724,,T
DCB_se2_ag1_f_01_1,30350,AH0,11606,was,535.2138502786294,1427.4393151889642,2784.2938803898805,554.2181297599312,1389.6656276366732,3247.2063883083983,533.9020870860561,1428.0651167936578,2753.7742267685844,0.03000000000020009,W,Z
DCB_se2_ag1_f_01_1,30353,AA1,11607,heartfelt,828.0688533138858,1301.1405205678004,1888.2167970531002,852.1389416813643,1176.9618976669828,2033.363326958293,750.7987919269848,1480.635016654685,1815.2885897639792,0.03000000000020009,HH,R
DCB_se2_ag1_f_01_1,30357,EH2,11607,heartfelt,673.6256224927198,1625.4438720202859,3008.6755441794294,720.320352046644,1583.4584737888038,3081.559605397788,643.0284892339741,1650.6526900962874,2930.5280560387614,0.0500000000001819,F,L
DCB_se2_ag1_f_01_1,30361,IH1,11609,it,557.805124728807,2149.5005899238095,2937.802960815245,670.0049293888208,1569.0668421183095,2919.735013788197,556.2108003332206,2226.1610742203616,2930.3641253060314,0.05999999999994543,sp,T
DCB_se2_ag1_f_01_1,30365,AA1,11611,not,917.9152570680559,1825.9901652429855,2716.817651041883,919.2251555379429,1818.5864589662226,2724.8611905202997,880.1935088700094,2133.5413527430633,2252.5322213338372,0.09999999999990905,N,T
DCB_se2_ag1_f_01_1,30368,AE1,11612,sad,645.1004464827691,2319.839083859638,3223.4600897931227,692.3961700527934,2131.211527249699,3239.0653814841257,591.7440037948047,2346.812367608968,2959.1034981988664,0.25,S,D
DCB_se2_ag1_f_01_1,30371,AE1,11614,and,694.2756751400835,2299.3919119653974,3076.5496928491575,954.9322307584808,1887.1839607332172,2948.147685916334,703.1268166267589,2311.20027337592,3075.3213583170086,0.09000000000014552,,N
DCB_se2_ag1_f_01_1,30373,IH0,11615,it,499.96427456961214,1961.959489087422,2980.2637443133876,507.7090988306587,1953.405219608942,2992.30650173458,469.8255668086359,1988.5568788356418,3047.780576078769,0.02999999999974534,N,T
DCB_se2_ag1_f_01_1,30377,AA1,11617,not,874.628527344217,1667.3155248167277,2602.2008922470186,874.5578180058061,1661.8032569832674,2611.5529718491407,761.1696520752085,1685.1112576519574,2543.196522268062,0.0500000000001819,N,T
DCB_se2_ag1_f_01_1,30379,AH0,11618,about,635.207117698659,1608.4508397824247,2910.4122707126467,759.4100056994928,1784.8694650257005,2860.950214665779,759.4100056994928,1784.8694650257005,2860.950214665779,0.07999999999992724,T,B
DCB_se2_ag1_f_01_1,30381,AW1,11618,about,806.3166711474174,1414.5043668008634,2768.3435159383366,872.716691591873,1557.8934046007932,2724.172005709679,856.5832323851935,1580.508751668439,2664.7717705505547,0.13000000000010914,B,T
DCB_se2_ag1_f_01_1,30386,AY1,11619,strife,694.2601552974132,2082.7004213195605,2646.6399605770375,865.1136657353319,1507.8093496763142,1978.4726689544068,545.4814868722151,2534.296075179929,2659.8035292642912,0.12000000000034561,R,F
DCB_se2_ag1_f_01_1,30388,AO1,11620,or,497.1436448613048,956.2743135364304,2801.9845096402505,548.8941064184526,1055.9068168088313,2719.3333213284004,548.8941064184526,1055.9068168088313,2719.3333213284004,0.09000000000014552,F,R
DCB_se2_ag1_f_01_1,30392,AA1,11622,hardship,890.127655578236,1306.3557926454885,2044.9219736652292,895.9321819551955,1277.296803894643,2153.1542113813925,794.4657080010487,1367.9630983415545,1923.2702567900988,0.13999999999987267,HH,R
DCB_se2_ag1_f_01_1,30396,IH0,11622,hardship,560.1641153921072,2109.9329594811247,3085.4132395978836,579.5635214238954,2185.9127854586063,3135.655741272278,547.8242579172661,2545.297606641202,3432.8287003337527,0.11000000000012733,SH,P
DCB_se2_ag1_f_01_1,30398,IH1,11623,it,540.1850449659572,2227.453361483478,3240.273683057935,546.979997067616,2218.671126257588,3253.4994829910106,534.8279210319811,2254.2513312839687,3241.869487793642,0.07999999999992724,P,T
DCB_se2_ag1_f_01_1,30401,AH0,11625,about,511.14354460806874,1669.6453373994425,3026.2697334224363,530.879780564625,1787.466604126052,3250.167013043619,523.8728597350505,1825.903973083401,3268.342433019111,0.07999999999992724,Z,B
DCB_se2_ag1_f_01_1,30403,AW1,11625,about,908.5958483333812,1501.1003939523805,2008.8212541860657,914.0624316647205,1552.2580575297861,2064.025303090726,830.5459129390352,1654.6149354130368,2638.1747369149452,0.07000000000016371,B,T
DCB_se2_ag1_f_01_1,30406,IY1,11626,me,482.52040833359683,3000.9755869409596,3141.682816642598,596.5735091275376,1600.0471828807504,3073.8693853746286,513.5574486497964,3000.867781333419,3058.054268125798,0.11999999999989086,M,AH0
DCB_se2_ag1_f_01_1,30407,AH0,11627,appreciating,501.32454254792384,1352.7083420962665,2958.5433784742468,600.9611426205861,1610.8601933954471,3061.525841636649,600.1709496830052,1608.9128191317952,3063.7488580079857,0.07000000000016371,IY1,P
DCB_se2_ag1_f_01_1,30410,IY1,11627,appreciating,475.1934484510564,2182.240169276979,2679.537298312203,522.478475391808,2306.730656172557,2578.8868973539848,469.5889001135368,2615.126613956146,3186.158157723591,0.07999999999992724,R,SH
DCB_se2_ag1_f_01_1,30412,IY0,11627,appreciating,467.76830308444426,2556.3224333397075,3121.2343404835483,563.9077487034482,2594.3134703901364,3220.751894052985,451.3428497749549,2815.2925802385703,3008.5953279995947,0.22000000000025466,SH,EY2
DCB_se2_ag1_f_01_1,30413,EY2,11627,appreciating,491.86197089499353,1100.860931726883,2786.612605348133,529.2461785299819,1125.6895850983808,2862.2441158032657,512.840109997636,2502.461914973567,3188.148565489948,0.02999999999974534,IY0,T
DCB_se2_ag1_f_01_1,30415,IH0,11627,appreciating,448.10605698639773,1830.954872916874,3000.337999108319,464.4118137841785,1804.092880657984,2970.3742696520744,434.0473604825248,2125.6806782783306,3048.14776447067,0.02999999999974534,T,NG
DCB_se2_ag1_f_01_1,30417,EH1,11628,everything,826.3515153776239,2041.0606179511801,2674.7944147214803,840.5081721319341,1949.7390482386688,2460.2796306862665,712.0369133501313,2235.9205714103286,3100.46051143178,0.15000000000009095,NG,V
DCB_se2_ag1_f_01_1,30420,IY0,11628,everything,500.21310543684865,2321.6364642280773,2917.900021143954,507.2023990408884,2435.7076287461773,2951.219216784636,503.3216002456229,2536.644758652213,2932.7863862789923,0.0500000000001819,R,TH
DCB_se2_ag1_f_01_1,30422,IH2,11628,everything,524.4811864698248,2381.216610086754,3252.5290318743046,879.6885335124674,2158.83727841835,3425.1647882926,486.5176065340496,2444.4926162325382,2775.1434589426813,0.03000000000020009,TH,NG
DCB_se2_ag1_f_01_1,30425,AH0,11629,that,624.4790651373153,1866.630625964223,3089.40007404259,640.3678496822815,1882.3862910293365,3097.1559101895396,636.9785199829756,1881.4088931205715,3104.057375224113,0.03000000000020009,DH,T
DCB_se2_ag1_f_01_1,30427,AY1,11630,i've,932.3198897585119,1701.2593138758366,2408.8395819328307,942.9576981406741,1715.3574681184773,2437.183555304803,850.5260203721529,1798.428227973795,2383.2336962929444,0.07999999999992724,T,V
DCB_se2_ag1_f_01_1,30431,IH1,11632,been,637.8861425513043,2271.340426790388,3348.219312320077,642.2893562074148,2279.4578671456675,3283.0724112642743,633.6000825596699,2296.0728295826443,3181.659449992738,0.07000000000016371,B,N
DCB_se2_ag1_f_01_1,30435,UW1,11633,through,513.0858694385038,1106.5401926393338,2967.7409468699875,564.6287693882875,1009.8140108556022,1789.1364752220925,465.4954954946815,1339.5931685343094,2844.0947737892197,0.07999999999992724,R,AH0
DCB_se2_ag1_f_01_1,30436,AH0,11634,and,651.8275890146381,1769.800616744447,3398.5865099719,760.0440509046673,1906.6229974224598,3041.1696499347836,728.362186797172,1985.4890776112936,3128.0956586226375,0.09000000000014552,UW1,N
DCB_se2_ag1_f_01_1,30438,EH1,11635,everything,747.9723537915028,2062.6482177815883,2710.3378966729847,812.1291241070719,2054.8276096726963,2638.572780358029,802.0005915547796,2051.947999415338,2633.195870537988,0.1499999999996362,N,V
DCB_se2_ag1_f_01_1,30441,IY0,11635,everything,462.60432294554295,1889.6842954961512,2832.186464770992,517.0350810985743,1795.018628307137,2927.2443498828425,460.9141757900452,1887.631578701475,2813.420374558013,0.0500000000001819,R,TH
DCB_se2_ag1_f_01_1,30443,IH2,11635,everything,539.7903561654882,2084.2013696934314,3067.437021760634,702.638708928081,1879.6102375518474,2865.331918354757,514.4571384932513,2268.2412650469237,3001.5534577113062,0.03999999999996362,TH,NG
DCB_se2_ag1_f_01_1,30446,AE1,11636,that,644.0185734466153,1638.9115631032103,2200.945315875604,683.4725831898903,2220.5834762593854,3072.0457081964405,666.0988188509248,2217.6918394532886,3066.3057194327034,0.04999999999972715,DH,T
DCB_se2_ag1_f_01_1,30450,EH1,11638,everyone,755.2453461011437,2082.211474324861,2331.5036985835445,797.2102632227288,2037.8077490012452,3218.5255339424634,787.5291077144898,2188.3100806160423,3296.99841450711,0.05999999999994543,sil,V
DCB_se2_ag1_f_01_1,30453,IY0,11638,everyone,477.665596667336,1344.177936995692,2362.1109723280947,480.9491038397479,1072.1591055497586,2324.0567198971653,474.1731381572684,1537.8909323984417,2374.673203629216,0.03000000000020009,R,W
DCB_se2_ag1_f_01_1,30455,AH2,11638,everyone,667.1048809205467,1470.0668778107438,2371.1244571620414,679.0338375908182,1211.0709019017904,2585.246747604874,645.4188722958978,1566.656084495434,3148.05044693588,0.02999999999974534,W,N
DCB_se2_ag1_f_01_1,30457,ER0,11639,around,572.1926634945775,1177.1827027637605,2261.5882780512266,770.9002903843317,1603.4597625972724,2092.789041087516,640.9140285533731,1642.5103107876153,2622.023736308869,0.15000000000009095,N,AW1
DCB_se2_ag1_f_01_1,30458,AW1,11639,around,804.5719448682612,1628.9597169011756,2537.6193412587068,804.4969046471754,1631.3628753040027,2534.4500207194887,803.7839028419965,1637.27911642867,2514.757934243685,0.05999999999994543,ER0,N
DCB_se2_ag1_f_01_1,30462,IY1,11640,me,443.0862903267129,2022.1097062017432,2945.101155959482,571.7212532368318,2523.8972807435266,3119.4497274878854,425.17424160176,2902.3313294295785,2964.515691147908,0.08000000000038199,M,HH
DCB_se2_ag1_f_01_1,30464,AE1,11641,has,712.191516377303,2214.179480555791,3117.906743402406,761.6116195627816,2336.0390554310084,3179.9566359273726,761.6116195627816,2336.0390554310084,3179.9566359273726,0.03000000000020009,HH,Z
DCB_se2_ag1_f_01_1,30467,OW1,11642,shown,803.2525693271398,1177.5116173016072,3476.9381738196607,827.6078934545434,1245.6390504251233,1769.5014424668548,695.712899913714,1652.6214204961805,1732.7812229746369,0.11999999999989086,SH,N
DCB_se2_ag1_f_01_1,30471,IY1,11644,me,488.70020325225164,2236.564465694152,3019.761933479314,655.6014855847856,1786.7696225070804,3063.245097326164,522.7528875187696,2935.0121903433396,2961.504505351724,0.13999999999987267,M,
DCB_se2_ag1_f_01_1,30474,OW1,11646,so,620.5614716129282,1152.531504033233,3111.2271596838063,961.6193645293282,1624.7922952998713,2637.500456257806,961.6193645293282,1624.7922952998713,2637.500456257806,0.13000000000010914,S,AY1
DCB_se2_ag1_f_01_1,30475,AY1,11647,i,999.2286588400054,1615.5178756970574,2417.167461728943,1094.9550241683673,1652.326078230269,2363.2104357691146,1094.8852420210733,1652.14610966422,2363.217992145558,0.1299999999996544,OW1,K
DCB_se2_ag1_f_01_1,30477,UH1,11648,could,559.9044390919346,1762.7248390456784,3090.6820515708614,866.2841035691666,1474.4557815411436,2208.55896241669,544.181348653723,1946.4712354884725,3119.8900424641256,0.03999999999996362,K,D
DCB_se2_ag1_f_01_1,30480,IH0,11649,become,508.5160736877925,2717.1311420661705,3426.4885614811715,692.9705039306457,2335.1855206818054,2799.9523211776213,524.6129672878457,2808.6105469223244,3241.468866990242,0.09000000000014552,B,K
DCB_se2_ag1_f_01_1,30482,AH1,11649,become,820.6332986837566,1498.5752280910103,2669.6158729822064,854.6285452062484,1568.114102201558,2935.414016417424,845.2443382164807,1582.3691476424217,3066.7060001999407,0.05999999999994543,K,M
DCB_se2_ag1_f_01_1,30485,AH0,11650,the,536.0346241052789,1302.9050808009106,3061.111122352714,584.5771762564788,1574.5415265655445,3010.373892745253,557.7548736812711,1614.3554431604396,3090.2554143166576,0.05999999999994543,DH,P
DCB_se2_ag1_f_01_1,30487,ER1,11651,person,636.4346220677841,1508.003953775668,2076.1162012307936,672.8203875114474,1492.5825494624635,1709.3331653698458,552.577069885589,1748.0830097195455,2456.0326159720303,0.06999999999970896,P,S
DCB_se2_ag1_f_01_1,30489,AH0,11651,person,491.5289808995238,1823.3134417335168,2858.9617283742145,593.1448828330083,1834.314746722536,2773.325704265755,499.22677758703793,1887.6215568118162,3069.535025415847,0.03000000000020009,S,N
DCB_se2_ag1_f_01_1,30492,AE1,11652,that,775.9803463587364,1995.9882998244266,3181.350886905671,775.3853419756928,2001.3727627576075,3193.7910838625317,771.7032299119101,2037.7778985672785,3136.4628046478538,0.03999999999996362,DH,T
DCB_se2_ag1_f_01_1,30494,AY1,11653,i,912.9270747146157,1831.9096664187682,1929.3412160799578,949.7373490590272,1653.3491782321878,1918.1406966873694,825.7646740714118,2018.8026987340966,2737.708396059072,0.11000000000012733,T,EY1
DCB_se2_ag1_f_01_1,30495,EY1,11654,am,702.5051291206354,2114.56430070689,3059.8726107488706,773.8324101554464,1886.3022948540574,2988.8147844271816,708.8921627957211,2122.5912748892533,3203.143975180278,0.04999999999972715,AY1,EH1
DCB_se2_ag1_f_01_1,30496,EH1,11654,am,697.0825725739447,2012.0342255906935,3162.431123063181,705.359319495698,2027.191883743252,3154.5658785094133,684.6935311031272,2064.989481883319,3204.166595221051,0.03000000000020009,EY1,M
DCB_se2_ag1_f_01_1,30500,AH0,11656,today,464.4557270296872,1936.8956746754725,3225.547104112881,506.3244881433943,1975.3886885733887,3102.4811838188284,459.3908083934315,2006.293765015053,3314.468096558932,0.03000000000020009,T,D
DCB_se2_ag1_f_01_1,30502,EY1,11656,today,560.8823909189032,1100.3393296437182,2619.2770340578986,644.6712301571753,2193.2321401663376,2901.7446639360996,533.2841838913525,2659.7201569659037,2984.541215688075,0.25,D,
DCB_se2_ag1_f_01_1,30505,UW1,11658,youth,413.5495517544004,2051.164557532152,3199.233206815283,453.62880669111036,3060.2143041887557,3154.8097616326722,453.5113672891348,3058.700349090236,3153.206916811225,0.02999999999974534,Y,TH
DCB_se2_ag1_f_01_1,30507,AH0,11659,of,480.47560341198545,2127.0041709849247,3247.273067159671,484.3590941486377,1765.4275584924687,3246.3392996999623,459.00241969071607,2151.307704854844,3279.5513594544077,0.03000000000020009,TH,V
DCB_se2_ag1_f_01_1,30510,IY0,11660,the,479.0052065420204,2570.3047381741912,3046.0071032474866,495.20524527641555,2656.6936155952085,3179.0467935005445,495.20524527641555,2656.6936155952085,3179.0467935005445,0.02999999999974534,DH,Y
DCB_se2_ag1_f_01_1,30512,IH1,11661,year,569.4270313754515,2306.0261895015733,3040.2729228555218,628.5426326204881,2197.0100716617476,2696.778759736096,545.8046566581099,2729.052018332631,3646.0623025367863,0.25,Y,R
DCB_se2_ag1_f_01_1,30520,AE1,11665,yeah,872.7854596713889,1916.0879954774744,2947.049120527055,983.2562845315445,1697.4104368194935,3031.024773424489,764.2434096334669,2240.6766734846706,2770.1698325681564,0.4499999999998181,Y,
DCB_se2_ag1_f_01_1,30523,AH1,11667,um,895.2928581108587,1494.9363937440107,3068.708064250349,954.2889050081757,1612.3852788196377,2956.5735306428633,860.8489688932569,1627.604760126925,2995.1744670597845,0.21000000000003638,sil,M
DCB_se2_ag1_f_01_1,30527,AH1,11669,uh,813.2692145162498,1572.6339553450223,3175.3494720160456,940.1961139686973,1581.1798027584518,3045.1556179613312,941.2978122196683,2018.7508990433564,2927.2897671076307,0.34999999999990905,,
DCB_se2_ag1_f_01_1,30530,OW1,11671,so,557.3054955262459,1131.682962034067,3231.417159171534,753.3478309498801,1587.8428897510264,3287.3994699551363,701.432288282583,1599.2064063470439,3154.740538628741,0.19000000000005457,S,sp
DCB_se2_ag1_f_01_1,30532,IH1,11673,it,531.9561544776103,1987.8794713112054,3037.6001117407477,609.0824451740488,1361.2165523379106,2944.8963594067295,504.46184090350187,2310.616969678736,3079.808172597564,0.07999999999992724,sp,T
DCB_se2_ag1_f_01_1,30536,AA1,11674,starts,700.1874665165116,1605.8418207157754,2869.35400292743,701.8370724541314,1624.454655860256,2836.76702417434,628.6481978569575,1689.9543368334619,2860.1171332050076,0.05999999999994543,T,R
DCB_se2_ag1_f_01_1,30540,AO1,11675,off,643.0069674839827,1165.8649603878866,3237.7544128913437,660.5456264652225,1342.4112198573878,3161.322599080662,639.7981341574264,1615.483138793362,3004.8845811631895,0.15999999999985448,S,F
DCB_se2_ag1_f_01_1,30544,AH0,11677,appreciate,598.6458677532873,1379.382000322391,3028.7007068761845,784.3860982927396,1788.7126795844188,2990.5825511520934,784.3860982927396,1788.7126795844188,2990.5825511520934,0.08000000000038199,sil,P
DCB_se2_ag1_f_01_1,30547,IY1,11677,appreciate,530.1746389212884,2692.814128754506,3041.9621709220755,532.6940082117538,2510.9337449120626,2947.7173492958186,523.6022150944615,2678.0849181770736,3020.594181411017,0.05999999999994543,R,SH
DCB_se2_ag1_f_01_1,30549,IY0,11677,appreciate,510.21321681017037,2649.697122706269,2965.8425954138897,585.1225790729944,2572.454658811727,2838.8781887688565,530.688537230854,2714.835813329246,3626.861028674641,0.11999999999989086,SH,EY2
DCB_se2_ag1_f_01_1,30550,EY2,11677,appreciate,498.30809551745455,2581.4952687558234,3025.769803330386,584.5588209676763,2441.646194570604,2834.200920566874,553.8956687315396,2643.708761259325,3273.8839975578553,0.05999999999994543,IY0,T
DCB_se2_ag1_f_01_1,30554,AH0,11679,the,511.15471225556894,1785.9616797846131,3043.2802818985424,592.3973860085499,1720.612252458028,2918.2487054953244,512.1673781203892,1791.54984361736,3037.979589653298,0.06999999999970896,DH,K
DCB_se2_ag1_f_01_1,30556,AA1,11680,calmness,704.9959703663235,1380.448718403977,2322.456309442287,777.5415018518684,1302.8949741093209,1920.1913101090186,708.8027200700891,1384.995964685929,2297.1728930747345,0.15000000000009095,K,M
DCB_se2_ag1_f_01_1,30559,AH0,11680,calmness,474.47226847349424,2143.1235739638623,3088.227969903969,521.895408899899,2058.793800031624,3101.4957903607465,468.78331162824077,2198.01183518389,3172.125518788132,0.13000000000010914,N,S
DCB_se2_ag1_f_01_1,30563,AH0,11682,appreciate,686.3850462389382,1518.6854163552707,3030.059689927708,803.3930254984264,1703.6451450231966,2899.3313670748726,799.0050330320288,1704.351533673633,2894.7257177948495,0.11000000000012733,sil,P
DCB_se2_ag1_f_01_1,30566,IY1,11682,appreciate,507.33851436168203,2566.0192998848083,2789.626998246527,577.2710979152431,2580.56436968218,3097.2905065628916,497.6787013150292,2675.650590564229,2809.551373631358,0.11000000000012733,R,SH
DCB_se2_ag1_f_01_1,30568,IY0,11682,appreciate,484.65826393524327,2509.302686944865,3145.952592701241,646.1591656381058,2575.9163077071994,3013.9517433660653,585.443813168564,2840.5939514518595,3419.0318337497665,0.15999999999985448,SH,EY2
DCB_se2_ag1_f_01_1,30569,EY2,11682,appreciate,482.80834523509986,2797.1602278306696,3025.6486814014647,647.5837186859726,2580.201083914637,2982.6590389070643,485.37966777844576,2829.4015502643415,2972.417954442143,0.13999999999987267,IY0,T
DCB_se2_ag1_f_01_1,30574,AH0,11684,the,459.38626581043775,1317.9933850005855,2871.109472244412,502.98180321218945,1434.824955313158,2967.0354294706704,488.0331792351532,1550.6059492323136,2962.821811724165,0.09999999999990905,DH,B
DCB_se2_ag1_f_01_1,30577,EH1,11685,breath,839.3191126652451,1831.3308113297915,2576.187221925297,865.4964119255446,1811.3652291163542,2519.1127279533703,710.6578462511125,1903.4265454394872,2552.8682537627296,0.11000000000012733,R,TH
DCB_se2_ag1_f_01_1,30581,IY2,11687,before,551.0722288390853,980.1518038897207,3093.764448376933,653.2709005267966,1141.8104304383023,2757.320858492784,545.3302956465716,1750.782539648061,2812.1102703800825,0.11000000000012733,B,F
DCB_se2_ag1_f_01_1,30583,AO1,11687,before,468.3689158235415,804.5110993340052,3300.01574036722,641.0503600483705,1064.0517781037377,3325.5423054106573,636.1403111795771,1115.8582618518599,3296.683321373924,0.25,F,R
DCB_se2_ag1_f_01_1,30587,AH1,11689,the,607.3080655103063,1269.1837912782505,3119.9726940339583,622.2033774103276,1463.3730046134715,3107.850745251413,619.4280608312366,1464.9258436534533,3097.3328811965475,0.0500000000001819,DH,sp
DCB_se2_ag1_f_01_1,30590,IH1,11691,mic,665.2332794386689,1898.6520033266268,2932.26063519367,840.4943619741127,1665.116394621962,2585.338775491093,651.4884446771497,1948.9616001210445,2913.840576565943,0.07999999999992724,M,K
DCB_se2_ag1_f_01_1,30594,IY2,11693,before,488.71040456902875,853.3176969714402,3173.590054326349,676.1320685453261,1554.731273923127,3111.0683524791916,649.7388445137666,1856.7829487733425,2931.6795191556644,0.09000000000014552,B,F
DCB_se2_ag1_f_01_1,30596,AO1,11693,before,463.81999052303667,819.0845876599732,3339.44469892017,545.1433250183047,796.6651056608424,3076.425085134689,525.0353933639205,1073.764302480539,3321.275279985996,0.1799999999998363,F,R
DCB_se2_ag1_f_01_1,30599,EY1,11694,they,529.2582688525227,2336.149564132333,2540.8424480230747,622.0318124933186,2160.649100338601,2890.1302705647004,582.6169223342483,2574.2241893278087,2916.721437034389,0.11999999999989086,DH,R
DCB_se2_ag1_f_01_1,30601,IH0,11695,reveal,476.88248110240806,1343.4102451040656,2190.618015169769,491.25433585135426,1300.7293674876444,2311.966380448182,485.50513454114713,1422.9332234787807,2368.370400591133,0.03000000000020009,R,V
DCB_se2_ag1_f_01_1,30603,IY1,11695,reveal,446.76273973327153,2359.336220297615,2854.4931978521995,449.8918417270071,1629.7996970293425,2889.120845953405,447.9026420697647,2367.2324645480603,2853.6133686116555,0.09000000000014552,V,L
DCB_se2_ag1_f_01_1,30606,AH0,11696,themselves,601.3769834260581,1561.7712841829741,3038.3792460101668,662.2961264194712,1270.2237109933371,2662.6914068626884,437.348837292873,1719.193814779774,2747.112840773956,0.09999999999990905,DH,M
DCB_se2_ag1_f_01_1,30609,EH1,11696,themselves,627.6603038310054,1877.6483681581005,3096.1242052556654,630.9125730505759,1785.864837995174,3110.8300233545615,587.6848903922049,1965.8077865842115,3029.2819814849813,0.11000000000012733,S,L
DCB_se2_ag1_f_01_1,30614,UW1,11697,to,478.36212028696565,1334.2959891458427,3234.7542424675617,540.5377805920015,1597.8976036108568,2876.7775613004123,540.5377805920015,1597.8976036108568,2876.7775613004123,0.09999999999990905,T,DH
DCB_se2_ag1_f_01_1,30616,AH0,11698,the,435.82599318624165,982.159862094093,2813.5178184783044,601.0970161970216,1528.4638919228776,2529.413486060405,601.0970161970216,1528.4638919228776,2529.413486060405,0.07999999999992724,DH,W
DCB_se2_ag1_f_01_1,30618,ER1,11699,world,629.2172097082649,1423.4853813999873,1722.1125791209063,633.4263798525071,1444.0066189079275,1748.6540273206701,632.0402314309246,1452.5906201284836,1786.0291447647733,0.18000000000029104,W,L
DCB_se2_ag1_f_01_1,30622,OW1,11701,open,494.1854028158624,827.3558053591424,3567.3393782789576,836.6955475876688,1512.3182857402874,2650.2077079601545,811.7692847946269,1873.0456462765528,2816.3483208318635,0.21000000000003638,sp,P
DCB_se2_ag1_f_01_1,30624,AH0,11701,open,561.7395646932094,1745.8836860454878,2882.207272610335,650.4361696038204,1562.7310087980122,2289.435962167919,543.955421939977,1795.2057287023238,3056.7917830027745,0.07000000000016371,P,N
DCB_se2_ag1_f_01_1,30627,AY1,11702,like,842.3132664358967,1803.2700320122558,2953.4133419804425,859.3295394824646,1556.8595357989373,2774.3239496496553,836.8090328986171,1807.891777539949,3006.0928415844,0.09000000000014552,L,K
DCB_se2_ag1_f_01_1,30631,UW1,11704,wounds,558.0058549817097,609.9070028027131,2034.1559801910294,574.4485250753021,1144.7616984762103,2587.8475994990035,608.4861328417952,1880.893183288289,3810.189501835797,0.19000000000005457,W,N
DCB_se2_ag1_f_01_1,30639,EH1,11706,spread,598.1393463373514,2132.004654579113,2473.1421404376256,639.599846099736,1535.5956905829676,2011.5351420481663,581.6207733138378,2424.548109317783,2919.470248002689,0.13999999999987267,R,D
DCB_se2_ag1_f_01_1,30642,OW1,11708,open,525.3550217143778,840.4896628507407,3451.0194506645284,738.3451095345448,1923.0170978321498,2762.012674409738,737.2985515963089,1928.5644621153863,2775.3008148709296,0.20000000000027285,sp,P
DCB_se2_ag1_f_01_1,30644,AH0,11708,open,518.0140016413767,2017.1241797821808,3020.8792815219613,633.4914734728328,2026.4378258508373,3069.4091612779343,624.976492572976,2022.4245932598951,3071.8229470150386,0.07000000000016371,P,N
DCB_se2_ag1_f_01_1,30647,AY1,11709,like,762.3063327504656,1409.3826085970102,2146.1812541212835,930.4840927761255,1535.8802586009074,2690.788170422361,568.1131848961136,2525.867545354186,3110.8435524739098,0.09999999999990905,L,K
DCB_se2_ag1_f_01_1,30651,AE1,11711,caskets,693.96063990863,2310.3577407819675,3173.703755111768,733.5679092636325,2273.49928936302,3004.3941386779743,717.1514719324504,2312.984915725407,3260.3189599065495,0.16000000000030923,K,S
DCB_se2_ag1_f_01_1,30654,AH0,11711,caskets,469.20341589908827,2081.2408328322153,3068.6957852935407,522.0535477461208,2302.8300117454523,3104.2716506876586,511.39228856369607,2354.2088295080234,3111.537175213215,0.08999999999969077,K,T
DCB_se2_ag1_f_01_1,30658,AH0,11713,appreciate,593.3781893753803,994.7285222210504,2787.2558536116944,673.8631912234056,1467.6823063244076,2934.700612686806,656.8648680776631,1727.4222438098013,3000.540562306285,0.11999999999989086,sp,P
DCB_se2_ag1_f_01_1,30661,IY1,11713,appreciate,456.7687670928401,2645.99785622792,3110.3585124266665,500.3085872684366,2288.711456770784,2698.381065695215,449.5234186221111,2698.8744671353534,3155.8627443474033,0.11999999999989086,R,SH
DCB_se2_ag1_f_01_1,30663,IY0,11713,appreciate,480.33975052332534,2580.911760044928,3089.910438075257,660.5780632137241,2487.1177573515256,3130.691333926073,428.5301695335698,2908.9334491251807,3071.1619807219695,0.17000000000007276,SH,EY2
DCB_se2_ag1_f_01_1,30664,EY2,11713,appreciate,499.061519074929,2716.5056191603862,3027.274931286412,660.273962899185,2484.9941008644428,3129.183185159168,459.75984368639155,2956.3540674930045,3019.8592270763615,0.11999999999989086,IY0,T
DCB_se2_ag1_f_01_1,30669,AH0,11715,the,596.9937111600024,1295.9550309310262,3029.036165612922,725.0954336028615,1284.940412368395,3100.0279866151545,615.7964765540594,1936.6873309716625,3064.771468395559,0.09999999999990905,DH,W
DCB_se2_ag1_f_01_1,30671,ER1,11716,words,498.98839230809665,1645.3695914680338,2025.505757699688,628.8509943364202,1349.9958048264089,2099.1686123409636,446.02474215154524,1931.3813488599183,2027.0321607252856,0.2600000000002183,W,D
DCB_se2_ag1_f_01_1,30676,AH1,11718,um,831.2446702191543,1606.9257027555439,3238.1732820981083,978.5924383911193,1639.0559482477984,3092.956860665088,960.1764566857504,1656.3815188887188,3077.5600251618853,0.2199999999997999,sil,M
DCB_se2_ag1_f_01_1,30679,AY1,11720,i,902.5931731457549,1580.3599756471576,2285.368481027305,1058.98740147039,2178.8152660610967,3715.87633815327,995.7933564338003,2226.600681585712,3403.925097156225,0.10999999999967258,,D
DCB_se2_ag1_f_01_1,30681,OW1,11721,don't,758.4247160528806,1341.7255966299142,2737.1171261639493,778.1799794331789,1418.82315328478,3036.068928704844,778.3008562525039,1428.9860365897296,3066.6115948708275,0.03000000000020009,D,N
DCB_se2_ag1_f_01_1,30686,AE1,11723,dang,707.2843512198272,1759.1927663538634,2997.7895546902314,715.2303815313442,2344.654543937862,3044.6751320854546,702.4983465375724,2244.731080673765,3072.4672722002165,0.07000000000016371,D,NG
DCB_se2_ag1_f_01_1,30689,AY1,11725,i'm,811.4545266807447,1490.5076032447744,2694.2778298318617,832.9439347164551,1625.8956445624844,2684.0935661575168,653.6283950263263,1742.656658778292,2822.444098768836,0.07999999999992724,sp,M
DCB_se2_ag1_f_01_1,30693,ER0,11727,forgetting,493.95411179945444,1881.3589646753794,2927.1778487120414,554.0934417078013,1619.9721407622922,2849.9143773267574,484.4690200926506,1893.3986242226906,2882.9354235724722,0.03999999999996362,F,G
DCB_se2_ag1_f_01_1,30695,EH1,11727,forgetting,488.021852311706,2497.211083393955,3174.73820438147,550.8594493179967,2568.3821737619965,3219.2967612175676,528.4989905387134,2576.6822615433966,3213.9919481063607,0.02999999999974534,G,T
DCB_se2_ag1_f_01_1,30697,IH0,11727,forgetting,465.97958877650495,2257.423066394479,3189.7036919881593,625.1983277872683,2385.311960852145,3268.8504011211285,625.1983277872683,2385.311960852145,3268.8504011211285,0.03000000000020009,T,NG
DCB_se2_ag1_f_01_1,30700,IH0,11729,it,530.6837771605813,2338.576353873801,3264.281277020367,529.2091197176956,1110.1056463216785,2383.712287570968,532.5083299295286,2456.953784245304,3219.0027089844702,0.08999999999969077,sp,T
DCB_se2_ag1_f_01_1,30704,AE1,11731,and,609.6124957140609,2362.6754525229426,3077.7001936855618,754.2747214374048,2045.380672670498,2326.1459546932747,648.2760990025953,2429.1925458498886,3135.1548128599843,0.06000000000040018,sil,N
DCB_se2_ag1_f_01_1,30706,AY1,11732,i,913.6200990717916,1708.0393569030787,2986.145605955772,940.5325879844149,1839.8345290886364,2982.064365595226,908.4744826077958,1872.7074760864205,3064.2591451505373,0.07999999999992724,N,R
DCB_se2_ag1_f_01_1,30708,IH0,11733,remember,599.906526287709,1287.3183981576688,2732.029385960951,702.3054233160285,1287.8025279329893,2785.9085993732683,620.0448058900647,1401.915298939789,2891.4790808472394,0.0500000000001819,R,M
DCB_se2_ag1_f_01_1,30710,EH1,11733,remember,551.6631849706771,1309.7579287239812,2055.8468740077865,596.5422625892533,1353.9799103868788,2078.9143682057365,589.7730109099755,1360.5275977252688,2055.0656254891524,0.02999999999974534,M,M
DCB_se2_ag1_f_01_1,30713,ER0,11733,remember,718.3545469592525,1395.201484167853,2785.866824988473,829.8649026381275,1508.7998693923544,2657.73662056255,821.3158927260163,1587.3084548264173,2751.692872614116,0.06000000000040018,B,AY1
DCB_se2_ag1_f_01_1,30714,AY1,11734,i,903.838474116848,1681.9149984909711,2411.179543283853,981.2974943114136,1543.4817652912386,2350.427995233281,712.289817233438,1750.3044954780908,3333.6511474469903,0.1499999999996362,ER0,G
DCB_se2_ag1_f_01_1,30716,OW1,11735,go,687.6905502332855,1134.2438715220874,3380.872962989292,726.9899779199015,1173.7546420153922,3422.7620689525393,675.3563294830567,1451.5918255277802,3440.8689249169092,0.13000000000010914,G,IH0
DCB_se2_ag1_f_01_1,30717,IH0,11736,into,657.2947737759337,1434.361721652278,3163.783419030477,720.6800874905354,1297.7270144803852,3453.392989334078,587.4210945750415,1902.9972861850658,2975.7333940080402,0.06999999999970896,OW1,N
DCB_se2_ag1_f_01_1,30720,UW1,11736,into,494.76539775578766,1045.2443324760031,3048.427747019755,629.7472897489711,1657.208321408724,3271.3103381463056,523.2511585615848,1920.5255675975998,3111.234694008371,0.2199999999997999,T,
DCB_se2_ag1_f_01_1,30723,AH0,11738,appreciate,665.8714157349958,1467.0271974552566,3101.2433993927552,984.4635341081379,1882.3394254584423,3313.499207093688,984.4635341081379,1882.3394254584423,3313.499207093688,0.1299999999996544,sil,P
DCB_se2_ag1_f_01_1,30726,IY1,11738,appreciate,496.5537578848969,2766.170168647567,3029.180199629635,526.9589009572549,2603.4219774846497,2920.6424562481066,499.86117603118817,2677.797797999944,2964.900897360393,0.11000000000012733,R,SH
DCB_se2_ag1_f_01_1,30728,IY0,11738,appreciate,518.0043345225334,2622.018969359037,3097.836669249363,662.3451913259646,2437.0663817127065,3088.0133520196287,550.9078812997217,2687.1866880185844,3117.949693053104,0.10999999999967258,SH,EY2
DCB_se2_ag1_f_01_1,30729,EY2,11738,appreciate,481.3220704916844,2689.9395370319016,3138.3398731297243,670.1556899653916,2548.1034376717425,3084.101379605389,489.63868841575913,2585.7906827482184,3015.2106796615644,0.08000000000038199,IY0,T
DCB_se2_ag1_f_01_1,30733,AH1,11740,the,880.3773947999986,1726.2312357191786,2953.7314241805943,950.6427811122647,1752.6437108805308,3411.642862817588,698.092690681632,1921.4629383936579,3135.254497440997,0.12000000000034561,DH,AY1
DCB_se2_ag1_f_01_1,30734,AY1,11741,eyes,1021.30067486191,1845.185004973934,2914.6580901249813,1043.084323524964,1680.4826275854002,2602.847688495779,708.4572902877512,1936.1638989042813,2950.3910600346735,0.4099999999998545,AH1,Z
DCB_se2_ag1_f_01_1,30738,AH0,11743,the,526.2307189149085,1088.4558695374883,3212.50708442456,609.7831344589483,1314.9830042990877,3189.734269289121,519.0286387931171,1683.9542045342432,3156.46846628471,0.09000000000014552,DH,W
DCB_se2_ag1_f_01_1,30740,EY1,11744,way,512.742954768064,2611.7326762471826,3203.4241907827573,595.4932962129068,2826.702372379811,3171.429904128192,594.2481132112874,2831.4631109271563,3172.7558255826066,0.2300000000000182,W,sp
DCB_se2_ag1_f_01_1,30743,AE1,11746,that,641.4426175397451,2049.353058883166,2808.4940651479606,644.7208855854883,2060.894941291064,3089.728019861487,643.6829433809692,2076.3485152466383,2989.9354558990854,0.0500000000001819,DH,T
DCB_se2_ag1_f_01_1,30746,AY1,11747,my,849.3019702419118,1471.765749637428,2067.3792641670716,850.1022153808359,1470.96956364557,2019.489374743429,834.3246158988225,1485.1304098081862,1848.694067287835,0.05999999999994543,M,M
DCB_se2_ag1_f_01_1,30748,AH1,11748,mother,726.8546251292878,1618.5238368527253,2250.9240612598805,798.2184444187624,1546.0774340335436,3237.914094334795,701.0137124382641,1708.9977977866308,2328.1056067457444,0.06000000000040018,M,DH
DCB_se2_ag1_f_01_1,30750,ER0,11748,mother,654.6534994842341,1905.2416377236268,3192.7099419749075,660.6303433762932,1908.2094988511615,2688.118002204157,656.2564580680051,1973.3647841337672,3267.4146765033465,0.05999999999994543,DH,L
DCB_se2_ag1_f_01_1,30752,UH1,11749,looks,640.0700051311861,1790.8755654344627,2988.323619885166,659.4108905867897,1814.576040540847,3128.003299283329,536.3297211981007,1927.6201035734382,3220.200111192869,0.0500000000001819,L,K
DCB_se2_ag1_f_01_1,30755,AE1,11750,at,779.123814207033,1941.140068185914,3047.827886938923,795.0198713527324,1955.4319341011155,3064.642049019452,676.7021523932391,1976.7119538734871,3059.8545717768034,0.05999999999994543,S,T
DCB_se2_ag1_f_01_1,30758,AY1,11751,my,834.00882212573,1501.819351182264,2760.6455115470794,844.6472380293959,1558.588893716632,2984.581672866005,828.2878211783466,1573.761848455973,2144.341563732173,0.10999999999967258,M,F
DCB_se2_ag1_f_01_1,30760,AA1,11752,father,883.1586904300825,1437.500058316537,3296.804675752105,884.7141064243017,1465.8136273952123,3296.815297361493,640.5709038049607,1733.1060236858796,3182.432338105001,0.22000000000025466,F,DH
DCB_se2_ag1_f_01_1,30762,ER0,11752,father,628.0629421789272,2018.7828588730042,2824.3434713552824,943.1758747005953,2048.315003866443,3058.2715975232522,901.9971035868131,2154.0327345463847,2777.3259336137253,0.3000000000001819,DH,
DCB_se2_ag1_f_01_1,30765,IH0,11754,to,458.77787344797224,1860.7845213839337,2887.1714369681804,531.4429673780062,1869.2360633690266,2961.9402557987332,448.59650718804,1942.6008847469036,3002.9242073883775,0.13000000000010914,T,T
DCB_se2_ag1_f_01_1,30767,EH1,11755,tells,690.9662482823128,2037.2595053979342,3226.5177535713574,701.8410586340244,1794.6769322555774,3209.360276538728,651.5533531227113,2199.743923019007,3168.3038216516948,0.1799999999998363,T,L
DCB_se2_ag1_f_01_1,30770,IH0,11756,him,684.7014418338609,1534.68441184828,2753.3930137600887,802.5214488719757,1897.6128146576175,3344.976161152359,797.3255639978553,1893.048034391967,3308.12496571438,0.13000000000010914,Z,M
DCB_se2_ag1_f_01_1,30773,AH0,11757,that,637.6733145546118,2108.6563380143198,3035.470930041317,639.7316917408878,2094.3135061422117,3019.323985258082,618.9962802747547,2293.857343830314,2900.8699338692904,0.07999999999992724,DH,T
DCB_se2_ag1_f_01_1,30776,IY1,11758,she,515.3968557704432,1330.9253305662362,3042.3172898852176,579.2750220147152,2628.670750228223,3085.0089090339798,539.2682961065327,3003.968703816621,3273.4959519551144,0.22000000000025466,SH,IH1
DCB_se2_ag1_f_01_1,30777,IH1,11759,is,488.2320462694345,2394.0596833678214,3273.1988491291713,509.8129410916867,2437.830376178583,3249.961265870621,493.68551218156045,2694.569626913005,3182.7742589957084,0.10999999999967258,IY1,Z
DCB_se2_ag1_f_01_1,30779,OW2,11760,okay,566.8649071542677,1086.4316270120532,3267.5119009203695,665.5294914555575,1496.8628025856067,2415.4646209154353,655.2910132672533,1629.5435292151142,3102.6821008233305,0.19000000000005457,Z,K
DCB_se2_ag1_f_01_1,30781,EY1,11760,okay,494.5283679966989,1234.312099727225,2866.614549630653,679.6223833555225,2018.9737404395705,2520.3135816703457,530.0092257195286,2869.5137456832877,3289.490671522603,0.4099999999998545,K,sp
DCB_se2_ag1_f_01_1,30785,EY1,11762,they,489.3514191590446,2756.0888157978566,3145.873783451996,501.3450289387286,2425.7987834557002,3187.3913711723208,485.6596303620317,2801.085130353487,3180.834875176972,0.09999999999990905,DH,N
DCB_se2_ag1_f_01_1,30787,OW1,11763,know,509.0481920276718,989.90337278117,3333.8225949751045,737.7243295140332,1595.3299314621595,3172.437068933256,690.0874216354158,1809.837840955742,3381.382958366167,0.17000000000007276,N,IY1
DCB_se2_ag1_f_01_1,30788,IY1,11764,each,524.7979931350363,2913.565670930404,3398.5460458484317,688.4451170247527,1540.3434421808624,3235.758561297838,524.6213959790058,2910.1545298694828,3397.8527065547446,0.1799999999998363,OW1,CH
DCB_se2_ag1_f_01_1,30790,AH1,11765,other,717.5155875976511,1923.3673541539097,3185.162832477672,725.4979629076898,1931.6952533575673,3151.2929620753407,703.3288860296159,1986.1704509845056,3265.122362261645,0.05999999999994543,CH,DH
DCB_se2_ag1_f_01_1,30792,ER0,11765,other,459.2585660106072,1812.51006324575,2969.118417544786,502.19251534745666,1845.8476998829744,2973.137559667965,497.16103571752217,1851.6546399140536,3012.35019826252,0.04999999999972715,DH,S
DCB_se2_ag1_f_01_1,30796,AO1,11767,stories,587.9975044486624,1130.9086307799143,3323.1187789233854,638.3190789165278,1399.5971581976714,2919.485160304999,628.4838923191493,1422.0951860129046,2726.6799633322503,0.13999999999987267,T,R
DCB_se2_ag1_f_01_1,30798,IY0,11767,stories,512.5029413006876,2665.9393822568577,2977.493816629713,567.1653174588157,2588.4602362778724,2870.362794570481,553.0340806145331,2678.7234072628066,2855.74591680925,0.16000000000030923,R,Z
DCB_se2_ag1_f_01_1,30802,AH0,11769,appreciate,636.2462622264386,1583.3063957820652,2957.3802612080826,792.6730509370856,1771.570522689707,2891.180868919231,792.6730509370856,1771.570522689707,2891.180868919231,0.09000000000014552,sil,P
DCB_se2_ag1_f_01_1,30805,IY1,11769,appreciate,547.0492841396455,2721.099857870627,2921.088997842424,548.0427432060397,2685.610457207909,2930.3330761458824,540.6129094949159,2799.476228362938,2891.439128232186,0.0500000000001819,R,SH
DCB_se2_ag1_f_01_1,30807,IY0,11769,appreciate,473.93217327904904,2458.622872548097,3117.448382548235,658.974897255191,2372.1230110673396,3207.685120060172,487.6250461392066,2465.6294530112964,3109.1800305751312,0.05999999999994543,SH,EY2
DCB_se2_ag1_f_01_1,30808,EY2,11769,appreciate,474.3332887233348,1322.8918373591619,2674.5751139063873,658.974897255191,2372.1230110673396,3207.685120060172,638.6943537929772,2422.6097226295014,3201.8554153228597,0.11000000000012733,IY0,T
DCB_se2_ag1_f_01_1,30811,AH0,11770,the,461.54858885069734,1446.90904496132,3735.120136845402,604.2200591452041,1654.7677532336847,3167.0022331638193,544.3685164386818,1720.0265577081316,3013.4419355727246,0.11000000000012733,DH,L
DCB_se2_ag1_f_01_1,30813,AH1,11771,love,660.9667949174029,1368.8616625832524,3411.258815882029,677.5539187549107,1473.4720379258888,3504.8388615474832,670.2473720014442,1536.8378552841555,3444.858085411983,0.3400000000001455,L,V
DCB_se2_ag1_f_01_1,30817,AE1,11773,and,417.5159723396983,868.0742645186529,2350.2774655169537,727.0788764070286,2110.838056385977,3207.8546017874796,687.2388013429543,2189.818036928011,3240.2732733152816,0.16000000000030923,sil,N
DCB_se2_ag1_f_01_1,30819,AH1,11774,um,790.8294622858982,1381.308851148791,2507.8897774620286,839.1221939556083,1609.3840930989452,3005.662084625247,771.3614520551761,1665.5938218086642,2891.883407554532,0.3200000000001637,N,M
DCB_se2_ag1_f_01_1,30823,EH1,11776,then,586.2864862414581,2319.530407442935,3232.1852447459923,606.8459359295879,2319.798753941495,3233.657285143043,500.8328260008459,2350.1202000816115,3279.8229185839696,0.06000000000040018,DH,N
DCB_se2_ag1_f_01_1,30825,IH0,11777,it,572.9189845596535,2372.5492996238654,3228.9856257369033,595.7898628609329,2196.9661877361264,3270.7948402939087,558.3202416949556,2523.965290769405,3081.324676002811,0.05999999999994543,N,T
DCB_se2_ag1_f_01_1,30829,OW1,11779,goes,659.0189554169206,1195.2934094146929,3234.305677709157,669.7328676118372,1270.3245295658712,3201.1142351463855,584.4859463465301,1580.36442081054,3148.019762354379,0.13999999999987267,G,Z
DCB_se2_ag1_f_01_1,30831,AO1,11780,on,631.4860899663312,1123.1910762594475,3569.1044431700784,636.7792628918165,1295.6054759483534,3345.4521371494307,623.8780123279939,1353.1387340643037,3369.500975464994,0.05999999999994543,Z,N
DCB_se2_ag1_f_01_1,30834,UW1,11781,to,480.37768708362836,1171.628201838745,3158.1886537193755,656.535267996407,1323.7223197560143,2975.711342644971,562.8295059463718,1721.7160951787937,3128.0630701154855,0.11000000000012733,T,AH0
DCB_se2_ag1_f_01_1,30835,AH0,11782,appreciate,513.9588899039877,1288.2863835229186,2879.7024581665196,656.535267996407,1323.7223197560143,2975.711342644971,561.5860796548516,1457.7931910252596,2786.9236364967906,0.06999999999970896,UW1,P
DCB_se2_ag1_f_01_1,30838,IY1,11782,appreciate,566.7277397963489,2496.572633451375,3055.302270398109,566.1116221616946,2490.221496401861,3056.5163534545622,475.99166781033057,2543.89020083229,2976.73152107719,0.05999999999994543,R,SH
DCB_se2_ag1_f_01_1,30840,IY0,11782,appreciate,533.4448984672817,2544.121055873484,3171.7145312477273,578.0411434888152,2490.5715780242526,3057.3154149190327,572.6927807449331,2518.8159024281604,3035.5966068633215,0.09000000000014552,SH,EY2
DCB_se2_ag1_f_01_1,30841,EY2,11782,appreciate,495.5685093737515,2736.031425357382,3110.1687972639224,652.8864291330199,2447.594526054926,2917.8946460925713,495.02483799220585,2736.089647148503,3109.210471496773,0.13000000000010914,IY0,T
DCB_se2_ag1_f_01_1,30844,AH0,11783,the,512.3206418490395,1521.2936072531115,3441.8869971923564,599.8976281858169,1774.1328272299086,3142.7787131843247,538.1493589707069,1871.2801746565963,3207.8688813878903,0.05999999999994543,DH,P
DCB_se2_ag1_f_01_1,30846,IY1,11784,people,540.2171956593126,2936.5300209853367,3382.6297168263313,586.4123633001612,2965.0559949891363,3358.480310618484,580.409728149999,2979.557422239366,3234.6023797088624,0.11000000000012733,P,P
DCB_se2_ag1_f_01_1,30848,AH0,11784,people,518.7892745132202,938.3951031466187,2927.408686435514,1107.8055738812202,1588.6142146097613,2951.0758847422994,912.0650017845448,1831.3878593328968,2995.7069507545684,0.04999999999972715,P,L
DCB_se2_ag1_f_01_1,30852,AE1,11786,that,654.4548562399964,1030.129866859305,2273.4226870845514,795.2145508094106,2099.3186827849104,3239.402342441306,666.1087115820644,2236.9831458889994,3318.8973948069643,0.17000000000007276,DH,T
DCB_se2_ag1_f_01_1,30856,EY1,11788,say,510.7937012827608,1227.201054875462,2974.598610997076,572.9423315664992,2743.223072050843,3065.8828925794073,571.0650648442896,2761.261232649495,3067.69761521203,0.21000000000003638,S,DH
DCB_se2_ag1_f_01_1,30858,AE1,11789,that,689.3442711090755,2074.0847721239315,2910.337623824601,687.1573900265022,2077.4678886141787,2801.376738557024,682.3691245426695,2084.875360399967,2562.802428242605,0.03999999999996362,DH,T
DCB_se2_ag1_f_01_1,30861,EH1,11790,they're,463.9425498981362,2455.52825051838,3007.3436335554347,544.5086237402428,2098.4032588205782,3025.942006773892,464.18727067541863,2456.582248225592,3008.0082661458223,0.08000000000038199,DH,R
DCB_se2_ag1_f_01_1,30863,OW2,11791,okay,471.6643119338663,1144.7237626205083,3090.01375846847,646.4332745925032,1277.8407829976265,3096.684932277716,438.8710760627725,1370.8660556779305,2777.1165263355047,0.11999999999989086,R,K
DCB_se2_ag1_f_01_1,30865,EY1,11791,okay,485.4299092124638,2764.864423037055,2963.0105596612643,666.8560925780135,2361.329559614873,2931.253016898534,494.6441720564042,3037.7771448956273,3086.544757233216,0.2800000000002001,K,sp
DCB_se2_ag1_f_01_1,30868,AH0,11793,to,872.5317042680215,1907.76135342867,3019.6395989385032,1022.6184130345116,1211.1270082377025,1950.0846229472322,930.9726884644188,1954.130902521245,2989.024805025728,0.11999999999989086,T,HH
DCB_se2_ag1_f_01_1,30870,AY1,11794,hide,1068.1395788258044,2018.2182039344825,2096.122989163727,1121.0512229055792,1975.3269214820443,2769.662946492514,867.46524361269,2159.7496850147813,2367.849929628498,0.19000000000005457,HH,D
DCB_se2_ag1_f_01_1,30873,EH1,11795,their,453.98922334091736,1304.2596931127239,2702.191230922852,519.2840505086568,2296.4578275757144,3146.0448023530635,465.87434378517304,2310.335007044976,3186.316335165326,0.07999999999992724,DH,R
DCB_se2_ag1_f_01_1,30876,IH1,11796,tears,540.7424471653092,2709.5433173548454,3339.697316254533,551.8845512357099,2783.556440535636,3157.348079633822,541.7422445319165,2894.5481231845315,3162.4324923575123,0.1499999999996362,T,R
DCB_se2_ag1_f_01_1,30879,IH0,11797,in,500.07527273777595,1986.1472488558438,3110.6025382521807,501.1192772355093,1985.830828286227,3106.226018728588,450.8351182540759,2163.6952108475725,2922.2310691501984,0.03999999999996362,Z,N
DCB_se2_ag1_f_01_1,30882,AH0,11798,the,599.3364902898302,1942.2868150045374,3171.812892696172,647.6952505285518,1938.4425475046075,3108.8996185472656,636.5476222315833,1959.3955420075724,3134.69983923027,0.0500000000001819,DH,D
DCB_se2_ag1_f_01_1,30884,AH1,11799,ducts,833.9283607857108,1816.410447769866,3225.222651514845,844.0840788246666,1816.4649874575625,3244.5509691162783,591.8291283969593,2008.0822213621977,3164.634230530375,0.11000000000012733,D,K
DCB_se2_ag1_f_01_1,30889,AH0,11801,of,726.4946435395083,1990.3204206961332,3092.410748920722,772.4511372713044,2167.525532150579,3220.1255425875806,767.3355470450106,2182.3589283097253,3266.924822268153,0.09000000000014552,sp,V
DCB_se2_ag1_f_01_1,30892,EH1,11802,their,494.2259103948817,2411.65147702143,3169.250803248647,713.7587026813964,2398.0300692814217,3337.874214373002,537.3677088401179,2539.6299603361103,3250.633542801355,0.13000000000010914,DH,R
DCB_se2_ag1_f_01_1,30895,AY1,11804,eyes,1016.5458786118961,1774.931539175294,2500.2915380065347,1104.7051180749895,2061.707682025868,2718.9259050676183,886.1542467887643,2122.100870171685,2829.5773225790376,0.4499999999998181,sp,Z
DCB_se2_ag1_f_01_1,30899,AE1,11806,have,652.4150038025871,2174.3857080891803,3183.2590989439,713.6229041715663,2194.9153158338745,3213.311038530628,700.3485781759313,2188.148964578972,3178.557384448618,0.03999999999996362,HH,V
DCB_se2_ag1_f_01_1,30902,UW1,11807,you,493.53735615543997,1636.4472062693856,2918.7386894160704,517.0444686109573,1794.3653947049609,2763.5182323737813,515.8249792348606,2176.4545629104055,3054.408617037045,0.06000000000040018,Y,sp
DCB_se2_ag1_f_01_1,30904,EH1,11809,ever,855.8926188553653,1718.3652607206504,3152.803158062937,855.8368948451274,1779.2428719219104,3107.1803330289545,547.213517341926,2030.0341325100626,3103.008704561108,0.13999999999987267,sp,V
DCB_se2_ag1_f_01_1,30906,ER0,11809,ever,506.5974998852887,1789.803352187212,3255.1350061716166,628.3842095634502,1632.0092141144921,1741.557689991713,499.05217086899796,1795.9652484646153,3260.377372895759,0.06999999999970896,V,S
DCB_se2_ag1_f_01_1,30908,IY1,11810,seen,540.6151146576055,2511.784000473361,3123.4302351568213,549.9894928459076,2459.903524901284,3116.739655369278,537.166080499159,2525.376966260339,3125.755736126088,0.1000000000003638,S,N
DCB_se2_ag1_f_01_1,30910,AH0,11811,a,596.9215470836654,1915.3692704501084,3189.8972262948973,634.1933501395582,1976.254495292824,3162.259802202552,633.7613754322961,1976.1553122886498,3157.837761433728,0.10999999999967258,N,T
DCB_se2_ag1_f_01_1,30912,IY1,11812,t,469.60660882167747,1707.3202765303913,3174.9825393168885,521.9214450396222,1835.449267561513,3131.146114647585,521.9214450396222,1835.449267561513,3131.146114647585,0.03000000000020009,T,sp
DCB_se2_ag1_f_01_1,30915,AH0,11814,catastrophe,440.65780326754066,1843.023576699427,3065.8658044881477,700.1222116524261,1844.7724103223732,3165.3295318095716,436.64854758076126,1856.1407107671812,3148.867330839805,0.09000000000014552,K,T
DCB_se2_ag1_f_01_1,30917,AE1,11814,catastrophe,713.9247132322238,2264.3256692169525,2287.13042151705,722.8066478523872,2219.179028024295,2628.9650615432406,718.5935567437983,2281.684526863267,2367.042777334028,0.13999999999987267,T,S
DCB_se2_ag1_f_01_1,30921,AH0,11814,catastrophe,458.5922402113754,1779.438797848794,2629.3635873279363,486.4244398410787,2001.6446391675188,2767.335587611139,486.4244398410787,2001.6446391675188,2767.335587611139,0.03999999999996362,R,F
DCB_se2_ag1_f_01_1,30923,IY0,11814,catastrophe,525.3997656889043,2838.70259946545,3276.5406137504997,785.0098927225074,2404.120809150234,3265.599685997524,486.46478360511264,3076.7378181646177,3211.022216395257,0.15000000000009095,F,HH
DCB_se2_ag1_f_01_1,30925,AE1,11815,happening,963.7450071151537,1917.3372877692689,2664.2150036136795,1006.085844772557,2025.3806408321461,2901.5577802033563,1003.6664641864019,2022.695244045397,2866.226408557545,0.09999999999990905,HH,P
DCB_se2_ag1_f_01_1,30927,AH0,11815,happening,539.2876607492298,1585.7193667528163,2064.1143240525,673.9154212139802,1812.139240631187,2798.2264833352538,639.1238857498353,1818.050020325682,2797.4666192809586,0.03999999999996362,P,N
DCB_se2_ag1_f_01_1,30929,IH0,11815,happening,465.7245701066494,2257.8198248848958,3091.352657546455,539.650802714578,2268.229618693315,3234.6470328907953,445.5543854102879,2545.9751037756732,2945.219847925371,0.07999999999992724,N,NG
DCB_se2_ag1_f_01_1,30931,IH0,11816,in,631.6635567263302,1976.9323311620653,2803.8334367691346,701.6032318689001,1951.3759245468607,2940.951822593398,532.4738550001625,2242.7484289266654,3061.3404793523114,0.05999999999994543,NG,N
DCB_se2_ag1_f_01_1,30934,AH1,11817,someone,929.370052769564,1525.1460323170143,3267.474293308747,1005.1960951301079,1277.0146038130524,3615.6788812457266,899.5699241615254,1641.1732762500706,3219.912535251011,0.09000000000014552,S,M
DCB_se2_ag1_f_01_1,30937,AH2,11817,someone,692.988374532705,1271.9457078792202,2813.456045169281,730.765737365922,1299.5878021674969,2646.132969410497,726.9324098077321,1298.8226396461343,2705.1393663251692,0.07000000000016371,W,N
DCB_se2_ag1_f_01_1,30941,AH1,11819,but,526.8787155124007,1346.4658446782234,2966.999319019843,540.9178380876557,1353.4329815572132,2985.7377669596317,484.12203964069397,1417.431642590794,2762.4433800960205,0.03000000000020009,B,T
DCB_se2_ag1_f_01_1,30945,IH1,11820,blink,682.7064349848168,1840.774457925313,3312.4494472636593,689.3040962095116,1807.584171874059,3334.703780693952,605.3430057562082,2169.518911942109,2581.1704402578753,0.04999999999972715,L,NG
DCB_se2_ag1_f_01_1,30949,AH0,11821,to,445.9440394310433,1872.9662736320245,3020.418999365591,498.6895370946208,1914.800036193093,2965.687350240178,462.3839372148041,1921.7689805430723,3006.5513147186625,0.06999999999970896,T,S
DCB_se2_ag1_f_01_1,30951,IY1,11822,see,526.2105076405293,2039.745113781507,3056.4616213718496,571.0035739743436,2472.8881867262203,3144.4384345432622,566.7709338332886,2968.1296956971332,3409.047096375073,0.15999999999985448,S,IH1
DCB_se2_ag1_f_01_1,30952,IH1,11823,if,538.8852280460777,2559.929169422057,3335.772160803226,638.6589287582693,2317.022173469772,3040.5185956617556,500.690551929283,2743.8810612908715,3232.7904720782894,0.09000000000014552,IY1,F
DCB_se2_ag1_f_01_1,30955,EY1,11824,they,450.8292556935998,2617.110830660765,3013.664695543812,612.022065243537,2281.916467662928,3143.8493847552795,463.6351344964804,2618.1208420253374,3088.8011005137632,0.09999999999990905,DH,S
DCB_se2_ag1_f_01_1,30957,IY1,11825,see,562.1059894363939,2556.2990896755105,3129.73842655227,627.7030227716414,2870.945979469955,3121.8979594831467,612.3770627365968,2937.3733468122323,3051.0392288498074,0.07999999999992724,S,DH
DCB_se2_ag1_f_01_1,30959,AH0,11826,the,484.54601657927446,1886.0153737881255,3079.4802807402375,581.1241024313373,1893.5828347818165,3009.9628323272254,520.7878353566902,1949.8267039668285,3182.81058152667,0.09000000000014552,DH,S
DCB_se2_ag1_f_01_1,30961,EY1,11827,same,609.7023582609551,2600.1455906228757,3024.872890722234,737.9140620599222,2070.5771774426726,3059.107212729079,596.5182918756462,2618.585203677392,3204.7377572698592,0.21000000000003638,S,M
DCB_se2_ag1_f_01_1,30963,IH1,11828,in,513.1996168670578,2725.7829440548653,3409.2352321709764,577.7436393804836,2682.5771179237213,3373.6901679450975,524.9336849354102,2665.1997505641407,2974.2966732125215,0.13000000000010914,M,N
DCB_se2_ag1_f_01_1,30966,UW1,11829,you,484.73643471383525,1157.3341418071286,2532.960967889624,548.9444396790949,2548.9887533840615,3222.915942196692,548.9444396790949,2548.9887533840615,3222.915942196692,0.25,Y,sp
DCB_se2_ag1_f_01_1,30969,AY1,11831,like,670.1702754453,2181.527964854561,2987.333468068058,677.98403808901,2080.9790724702775,2968.0646466469807,589.5578885846355,2248.8714500977567,3005.7392129488176,0.02999999999974534,L,K
DCB_se2_ag1_f_01_1,30971,AY1,11832,i'm,854.1464366504142,1768.2912822878534,2803.3515701822294,854.4364182004063,1789.0514411246447,2803.5721804581485,802.9283661849795,1913.8434905198424,2997.5955793838207,0.05999999999994543,K,M
DCB_se2_ag1_f_01_1,30974,AH1,11833,just,530.8880562320591,1787.4806332315804,3045.6349844755364,670.1163868395514,1815.6899809567922,3012.869157162727,670.1163868395514,1815.6899809567922,3012.869157162727,0.09000000000014552,JH,S
DCB_se2_ag1_f_01_1,30978,IH1,11834,skipping,519.4686909424696,1735.9049565886721,2623.6557256912233,559.8440390411324,2160.6046760282566,2784.71916418839,517.9641789676679,2243.5231652278817,2712.207597521173,0.07999999999992724,K,P
DCB_se2_ag1_f_01_1,30980,IH0,11834,skipping,537.6281767217146,1814.3046172936513,2723.2719569044607,556.2163175658211,1815.7867165121088,2724.210419529154,538.4963068421698,1851.6454936214539,2734.8214617830804,0.03999999999996362,P,NG
DCB_se2_ag1_f_01_1,30982,ER0,11835,around,635.7321668501794,1251.191463898098,2342.6046486406567,721.0843703247969,1757.00526776743,1995.8322264392018,677.0954910995948,1841.7506573191667,2466.688676530021,0.15999999999985448,NG,AW1
DCB_se2_ag1_f_01_1,30983,AW1,11835,around,693.2753579335402,1836.2018386537181,2287.8125360316667,728.9644646085042,1907.8894936053007,1986.7945346211216,724.7866325134767,1951.335907859548,2075.333504948428,0.14000000000032742,ER0,N
DCB_se2_ag1_f_01_1,30987,AH1,11836,but,613.169809373905,1615.234438636013,2902.2671744644595,622.5632269696869,1731.5328477350367,3015.920792969657,622.5632269696869,1731.5328477350367,3015.920792969657,0.0500000000001819,B,T
DCB_se2_ag1_f_01_1,30990,AY1,11838,i,901.1666075927516,1679.488202326074,2344.938343392058,937.9174270588913,1736.5408741817978,2499.438962127365,787.4729444762471,1909.2514636146936,2978.899979203622,0.17000000000007276,sp,R
DCB_se2_ag1_f_01_1,30992,IH0,11839,remember,541.9159290269752,1340.8404546717754,2126.8935758999005,588.2484106655336,1355.3548611457868,2417.7244177899606,537.1046077236443,1377.294946214232,2080.4102014000714,0.03000000000020009,R,M
DCB_se2_ag1_f_01_1,30994,EH1,11839,remember,606.6745792751631,1265.3064537021348,2352.3875729610895,612.3817016039735,1266.739368423917,2543.2096148844294,590.8236894061071,1327.0545281452169,2015.9030003897212,0.03000000000020009,M,M
DCB_se2_ag1_f_01_1,30997,ER0,11839,remember,624.7479363054931,1720.5229402128732,3071.7078709231314,686.1018076993398,1787.5199045358486,3267.0579187551134,659.962717753462,1816.1775992499645,3203.952098576448,0.09000000000014552,B,sp
DCB_se2_ag1_f_01_1,30999,AH1,11841,um,839.7759931800263,1564.250981908729,3246.8239139393736,882.9649936059003,1632.9205808366028,3131.9196404783725,769.734914559564,1759.4070764539301,2877.598385619821,0.21000000000003638,sp,M
DCB_se2_ag1_f_01_1,31001,AE1,11842,and,617.7557048308571,2228.6526513362796,3069.845986005933,616.693885929826,2230.723826759142,3051.0545628971363,616.1590254528401,2231.5482696707186,3043.571251481981,0.07999999999992724,M,N
DCB_se2_ag1_f_01_1,31004,AY1,11843,like,716.4049080185835,1457.5745454105413,2608.448398312053,836.7575224648056,1822.6830464669788,2339.699835595563,715.8896472435018,2490.2224896093976,2968.8888844281287,0.09000000000014552,L,K
DCB_se2_ag1_f_01_1,31009,AH0,11847,appreciate,633.5720124941325,1469.3178448697183,2803.0713358845296,724.7227426264104,1615.5891961683437,2738.6288542178763,569.5356619667394,1739.4287095542566,2668.106819438156,0.09000000000014552,sp,P
DCB_se2_ag1_f_01_1,31012,IY1,11847,appreciate,613.9101231439182,2681.628280903892,3001.06284805503,650.204864997767,2559.72063186554,3098.857663614863,606.2291435607422,2697.200622603701,2944.676130104341,0.05999999999994543,R,SH
DCB_se2_ag1_f_01_1,31014,IY0,11847,appreciate,571.6299121269782,2039.856327254138,3009.5448515102385,574.0755022501622,1548.437205700298,2819.474349841089,487.04658586229544,2641.720736410791,3202.111335527021,0.09999999999990905,SH,EY2
DCB_se2_ag1_f_01_1,31015,EY2,11847,appreciate,534.1356621102265,2200.293397207497,3173.1328187437816,614.8035246491611,2386.9149295541692,3222.8252229241793,492.04733654881744,2610.5608778735577,3209.371591208121,0.03000000000020009,IY0,T
DCB_se2_ag1_f_01_1,31017,AW1,11848,our,928.3240200853382,1585.6738455359907,2734.6117140804436,948.4652537118836,1612.874785284826,2720.383422323946,932.2520839440232,1717.083672716524,2459.527607822114,0.08999999999969077,T,R
DCB_se2_ag1_f_01_1,31020,AY1,11849,lives,861.0429670879884,1475.8274509596893,1882.4436876751524,908.8460767378326,1704.2464895942587,2082.609517172552,742.2592460906986,1982.0936631848713,3083.789991102954,0.3100000000004002,L,V
DCB_se2_ag1_f_01_1,31024,AH0,11851,and,659.2377194424714,2130.3486748708146,3153.043330304071,677.5858637666349,2187.9113920154477,3109.9558243962024,675.1248367961746,2191.569517291451,3084.595623216221,0.07999999999992724,sp,N
DCB_se2_ag1_f_01_1,31026,AH0,11852,appreciate,585.2083448900444,1457.4926793686361,2560.320188942466,633.8684266541388,1329.649301111461,1862.5918065673252,576.1984957069914,1841.9376302570502,3073.629246760335,0.06999999999970896,N,P
DCB_se2_ag1_f_01_1,31029,IY1,11852,appreciate,582.740772970196,2668.519262749309,3155.6111248111047,586.1285758026955,2655.57618472374,3141.468447082249,559.8826250593205,2697.860764910777,3199.283104960643,0.06999999999970896,R,SH
DCB_se2_ag1_f_01_1,31031,IY0,11852,appreciate,524.0954609458877,2631.8426064976034,3140.5012398158824,626.9978824057644,2398.818057028185,3160.347464700879,550.5925211900286,2725.327553562211,4167.356431318951,0.13000000000010914,SH,EY2
DCB_se2_ag1_f_01_1,31032,EY2,11852,appreciate,543.4870569780937,2562.495421426293,3016.6260766085306,636.920676010998,2448.3179479959963,3113.178135593276,508.5936618057163,2945.7807470397897,3157.9247468206436,0.13999999999987267,IY0,T
DCB_se2_ag1_f_01_1,31037,AH0,11854,the,473.56443718140883,1554.482764221312,3077.125386661512,532.8970388002845,1803.006540667216,3087.5225761011066,487.43684689002254,1866.6434698493367,3132.1345526376203,0.05999999999994543,DH,P
DCB_se2_ag1_f_01_1,31039,IY1,11855,people,536.4367747796274,2772.6566888329785,3123.6697511674647,597.078649846425,2832.239957125525,3146.5368498540834,545.8799693472672,2941.842763831816,3207.1514737013626,0.07999999999992724,P,P
DCB_se2_ag1_f_01_1,31041,AH0,11855,people,535.2054511090705,983.2351798860072,2849.979406378638,1163.4099529401585,2024.9343714186318,2952.2916759692157,1163.4099529401585,2024.9343714186318,2952.2916759692157,0.05999999999994543,P,L
DCB_se2_ag1_f_01_1,31044,AH0,11856,that,636.9911624853115,2270.2538240702784,3055.5383589883504,673.8427880798981,2160.0676695950033,3065.999584251991,589.0514792197417,2294.6208269260605,3179.114487357105,0.11000000000012733,DH,T
DCB_se2_ag1_f_01_1,31047,EH1,11857,tell,588.1690216339049,2151.065577915118,3262.274017217113,663.0271193369217,2133.0519403911608,3254.8132885624213,636.8199191174448,2162.5500450324703,3269.249637580189,0.02999999999974534,T,L
DCB_se2_ag1_f_01_1,31050,UW1,11858,you,497.1564809176204,1694.3403244175124,3004.959543540024,573.489771965504,2338.8177861301738,3151.6625164474576,563.2595949663197,2391.4140962827687,3133.9044711295683,0.10999999999967258,Y,DH
DCB_se2_ag1_f_01_1,31052,AE1,11859,that,658.5375211452911,2077.3701691976084,3015.4853589331647,660.3062091099667,2156.8299743223,3028.8637349403252,660.3062091099667,2156.8299743223,3028.8637349403252,0.04000000000041837,DH,T
DCB_se2_ag1_f_01_1,31055,UW1,11860,you,542.3893805846775,1860.7421889865343,3320.2097997787205,541.7709432902743,1784.9900192543616,3335.337544510723,538.497472158453,1904.555343881625,3258.956174866509,0.02999999999974534,Y,W
DCB_se2_ag1_f_01_1,31057,UH1,11861,wouldn't,593.4641165503222,1486.0614763051105,3141.7029017711516,620.6665690990966,1647.8052853461518,3156.1998392528567,580.6725112903821,1760.971874471838,3238.2098291290026,0.03999999999996362,W,D
DCB_se2_ag1_f_01_1,31059,AH0,11861,wouldn't,570.396546901189,2290.2958171278647,3384.854610531226,614.8433302746964,1781.5153390174792,3029.311901374309,557.3791910719947,2498.128376674588,3256.7292715719877,0.0500000000001819,D,N
DCB_se2_ag1_f_01_1,31063,IH1,11862,get,500.71058542580727,2542.091589887663,3166.8153160075485,530.1371178011606,2846.8051345847307,3041.8715910970704,524.6781836464057,2872.193391602948,3010.68537713881,0.06999999999970896,G,T
DCB_se2_ag1_f_01_1,31067,IH1,11864,this,481.1225679960003,2043.1677386253884,3112.467634233788,512.6494205008377,2105.9873619037753,3140.8134192627303,479.65655956139716,2210.094650846664,3141.135743078989,0.1000000000003638,DH,S
DCB_se2_ag1_f_01_1,31071,AH0,11866,that,651.0370860748171,2137.626039583134,3102.0043280818063,650.3061622318072,2135.7315967458867,3099.688785521587,526.9499086270971,2244.519300949378,3033.590191147906,0.06999999999970896,DH,T
DCB_se2_ag1_f_01_1,31074,UW1,11867,you,492.18244288534635,1219.5246823246173,2568.3690262801833,541.9724072736307,1116.4950623756372,2575.361889999173,493.76036190462287,1749.391323813435,3082.4895130236973,0.03000000000020009,Y,W
DCB_se2_ag1_f_01_1,31076,UH1,11868,wouldn't,506.3122387057973,1518.6674954308032,3397.9290604479997,603.1945722827262,1666.129740251448,3172.3513482329263,603.1945722827262,1666.129740251448,3172.3513482329263,0.03000000000020009,W,D
DCB_se2_ag1_f_01_1,31078,AH0,11868,wouldn't,600.5086758280585,2003.2349196223226,3055.7387392252203,597.019732630179,2040.363108170193,3050.1957947277697,563.5019974206208,2463.231693675193,2933.6338774244855,0.03000000000020009,D,N
DCB_se2_ag1_f_01_1,31082,IH1,11869,get,473.9286007097795,2526.8490211351077,3054.62525528966,499.50370520415464,2576.8263370146765,3223.257009069078,486.34007810187626,2595.2155179641645,3267.352866794511,0.06000000000040018,G,T
DCB_se2_ag1_f_01_1,31086,IH0,11871,this,575.7049021096159,2055.7322157196045,3043.796053533672,628.0828372591661,2106.079472069273,3041.479926028077,477.9627936669882,2356.661896364548,2954.2043139124257,0.11999999999989086,DH,S
DCB_se2_ag1_f_01_1,31089,AA1,11872,far,722.6177257043302,933.2594358269698,1650.0231407295414,884.9166879796466,1297.3829240841892,3172.270822933566,835.2392545999669,1452.3484048192897,3184.497098142147,0.34999999999990905,F,R
DCB_se2_ag1_f_01_1,31093,AH1,11874,um,858.0413514105215,1496.7023931698393,3167.5300233833295,876.9984614746294,1552.368549792162,3008.059654590712,760.6726807061508,1668.19962256499,2900.267152280082,0.09999999999990905,sil,M
DCB_se2_ag1_f_01_1,31095,AH0,11875,appreciate,596.9950896776108,1354.1512273478309,3104.4098856604737,618.2793674247084,1354.111297275744,3053.5771370054545,518.2341065236452,1496.3445195133984,2561.978428231961,0.07999999999992724,M,P
DCB_se2_ag1_f_01_1,31098,IY1,11875,appreciate,534.2512298966931,2617.4226292307285,2907.866645016261,536.3557339074614,2313.384991344597,2688.5961567676395,534.2802806449911,2618.145778537653,2906.8262524377224,0.0500000000001819,R,SH
DCB_se2_ag1_f_01_1,31100,IY0,11875,appreciate,495.37090616156,2457.6588606625037,3097.5554274969454,631.8579619332301,2429.7180634465526,3017.656282462052,519.9424218338005,2537.8516583329624,3079.905069596841,0.07000000000016371,SH,EY2
DCB_se2_ag1_f_01_1,31101,EY2,11875,appreciate,449.7577707238069,2331.035850488828,3127.4070434991,628.6778461083795,2442.3438495901537,3003.027070625599,501.69366628932664,2558.7975077133246,2966.375244326502,0.11000000000012733,IY0,T
DCB_se2_ag1_f_01_1,31104,AH0,11876,the,613.9164782683499,1234.927542489068,2939.105026609358,645.3683797206497,1653.722715283693,2908.4647732241247,545.2850878215639,1895.7556044934831,2856.4144638878865,0.09000000000014552,DH,F
DCB_se2_ag1_f_01_1,31106,AY1,11877,fight,652.5146875240588,1875.4884461587617,2390.1377616789086,845.6899340952195,1499.8344537906976,2500.2148643795836,631.8849376278803,2086.9855778316264,2261.802107985263,0.11999999999989086,F,T
DCB_se2_ag1_f_01_1,31110,IH0,11879,because,494.53034649772786,2384.1931463721467,2961.977866315036,520.639122338341,2759.5813776838163,3204.2548855931127,471.8562856852675,2808.749353837748,3185.1806446489727,0.09000000000014552,B,K
DCB_se2_ag1_f_01_1,31112,AH1,11879,because,637.5355337127271,1882.7903244464421,2412.4454021946835,671.4767524209169,1788.5763743845853,2052.257341280286,591.0597193388036,1905.065747476134,2997.10951912227,0.07999999999992724,K,Z
DCB_se2_ag1_f_01_1,31114,IH0,11880,it,603.188041364151,1889.9179381204926,3082.439882348903,740.3235048758158,1638.0585560936195,2936.643209459828,567.2986432578667,1903.4468712621754,3039.015815594244,0.08000000000038199,Z,T
DCB_se2_ag1_f_01_1,31116,OW1,11881,only,705.43557155426,1070.9396362989548,2602.1451047866626,823.6272820666685,1310.641528261603,2784.2065150497933,790.2103283970997,1356.0807448763558,2623.2453219752388,0.15000000000009095,T,N
DCB_se2_ag1_f_01_1,31119,IY0,11881,only,491.022002445464,1117.9381461395778,2728.5384718831037,519.2918614777909,2621.6208421238034,3258.5683303372384,519.2427102420205,2620.6382020371248,3255.50776765051,0.06999999999970896,L,M
DCB_se2_ag1_f_01_1,31121,EY1,11882,makes,608.0398370725271,2524.059589068972,3389.7478108602886,617.5102652077157,2519.4242776826145,3290.969895026552,615.4130184437836,2535.892627541861,3342.0581397975307,0.09000000000014552,M,K
DCB_se2_ag1_f_01_1,31125,UH1,11883,your,489.8095620100571,1878.8654207837096,2984.590431404048,522.870130680794,1860.8021238062413,2829.2265950753495,490.5790739438899,1878.0372067960534,2962.0404367271,0.03000000000020009,Y,R
DCB_se2_ag1_f_01_1,31129,AO1,11884,story,553.8831506932552,970.4666615308462,2943.3449369989817,621.159987628821,1182.4126652610269,2922.4896867017333,487.96960999523924,1263.7918557284095,2677.157395308544,0.13000000000010914,T,R
DCB_se2_ag1_f_01_1,31131,IY0,11884,story,428.89101767270483,1817.67672774753,2782.452162733944,695.0929842651805,2180.529745713013,3049.6157441531363,505.8955814366083,2454.5230306441763,3057.6244949584097,0.13000000000010914,R,
DCB_se2_ag1_f_01_1,31135,EY1,11886,way,444.3343727226609,1920.044138593407,2809.8128839023357,611.3120711808168,1948.8750745217176,3097.7671485708865,449.01346217582824,2933.2421073073924,3155.358203405949,0.13999999999987267,W,M
DCB_se2_ag1_f_01_1,31137,AO1,11887,more,484.41195141996207,827.1882650418294,3282.3977208086344,538.000197406867,815.9751808742823,3299.5348755521377,473.32199803966273,877.2527871087055,2648.4786736887327,0.09999999999990905,M,R
DCB_se2_ag1_f_01_1,31140,ER1,11888,worth,564.3809775982,1557.3523965592944,1844.7118663246827,598.4970843560379,1316.4014470863444,2060.675461727598,530.0397551588103,1814.5938594527618,2490.169342451973,0.09000000000014552,W,TH
DCB_se2_ag1_f_01_1,31144,EH1,11890,telling,776.897934983689,1942.8807390924073,2357.2325278238054,802.6268769957364,1901.856262969755,2541.9423050483415,729.5053688359285,2011.4102646044414,2542.7138761412034,0.05999999999994543,T,L
DCB_se2_ag1_f_01_1,31146,IH0,11890,telling,611.843892992797,1982.0703455307832,3030.850762305221,664.5709585604956,1779.1613333695884,2948.1218901483053,628.90777957673,2070.7560188123916,3018.94943383355,0.03999999999996362,L,NG
DCB_se2_ag1_f_01_1,31151,OW1,11892,so,733.7721583431227,1386.106290804885,3031.792640016794,766.3034951718972,1625.4854229107275,3061.74492531085,704.2135019287856,1781.5742969082949,3131.244967741968,0.15999999999985448,S,sp
DCB_se2_ag1_f_01_1,31155,AE1,11894,yeah,669.501254346335,1991.0613653371433,3165.557038798416,789.190482703669,1922.903651075329,3149.4010697419812,562.6242970594899,2228.0838714108536,3211.199667669796,0.05999999999994543,Y,AY1
DCB_se2_ag1_f_01_1,31156,AY1,11895,i,903.511337447019,1810.9532161854909,3044.2900561249853,901.2797461431612,1698.8637684941823,2559.140097150591,726.8867767332997,1971.68388970421,3207.8510087094796,0.17000000000007276,AE1,D
DCB_se2_ag1_f_01_1,31158,IH1,11896,did,457.1747218395688,1721.5000789709497,2950.6704225569256,647.3774451467,1995.3304726220751,3186.7346017331092,527.3066629090993,2442.5835843615987,3384.226998792952,0.10999999999967258,D,D
DCB_se2_ag1_f_01_1,31160,IH1,11897,it,516.3054216600041,2159.4940431717946,3068.5877907026234,555.2843471169974,2137.0192124057457,3065.1448936542297,541.6005332022179,2253.1904380831625,3071.249465539226,0.05999999999994543,D,T
DCB_se2_ag1_f_01_1,31169,AH1,11901,um,878.2392018403435,1531.7297689660745,2828.3295406702887,932.8979105728773,1688.8272264398124,2885.3978696877025,862.437634623955,1750.484785787179,2774.4043356543507,0.2300000000000182,sil,M
DCB_se2_ag1_f_01_1,31174,EH1,11903,they're,614.3003507340769,2174.024650851503,3143.209916179096,640.6630024142592,2081.0418627023896,3068.721915859831,632.057585993825,2217.5365951062117,3204.001360429809,0.05999999999994543,DH,R
DCB_se2_ag1_f_01_1,31177,AH0,11904,the,480.5276948048229,1332.8936943353558,2874.991857428898,485.1507085012505,1189.3859409839586,2915.8806033828373,415.144494604603,1693.1857519923453,2717.038694366442,0.03999999999996362,DH,W
DCB_se2_ag1_f_01_1,31179,IH1,11905,window,572.6801633776977,1488.72824749634,2883.9529177191343,583.0881163397053,1677.7746614551356,2884.041714580907,571.4132549248517,1735.9383844538431,3033.9249104848877,0.03000000000020009,W,N
DCB_se2_ag1_f_01_1,31182,OW0,11905,window,559.5253874124671,1517.9126842683638,2983.873673324773,560.9653620294106,1530.329989627048,2991.436095021161,556.7112248189433,1621.0225250206258,3054.7534904891954,0.0500000000001819,D,T
DCB_se2_ag1_f_01_1,31184,UW1,11906,to,514.7997606834482,1591.8567918181093,2950.2474132910133,522.5131890711477,1566.4843244005979,2942.3658047395834,451.07676483561994,1656.3116644134097,3057.516415538766,0.05999999999994543,T,DH
DCB_se2_ag1_f_01_1,31186,AH0,11907,the,511.62485353808023,1707.5402558703504,2948.3043476123976,525.9922954196005,1715.4637851636044,2937.8308664103224,414.51382115497694,1838.6675839518605,3009.3415932741004,0.0500000000001819,DH,S
DCB_se2_ag1_f_01_1,31188,OW1,11908,soul,661.9453375853528,1222.2059711557865,3316.763875531955,736.904537441231,1295.8988264769864,3389.2129382238545,704.5506602736572,1558.9107085687106,2936.4620718572155,0.31999999999970896,S,L
DCB_se2_ag1_f_01_1,31194,EH1,11911,they're,667.230010531101,1701.5571512188403,2442.007168709939,740.9756747249596,1650.0136844422527,2643.122897492338,654.8193761655828,1703.0082538418812,2483.8101773331036,0.02999999999974534,DH,R
DCB_se2_ag1_f_01_1,31196,AH0,11912,a,724.7861808814382,1755.462741472126,2393.8589563522114,799.3509219939193,1756.032540307423,2481.804165294239,741.6794669310938,1761.054196738214,2424.293532467126,0.02999999999974534,R,sp
DCB_se2_ag1_f_01_1,31199,IH1,11914,window,518.2389558652117,1723.5875829691256,2331.184309522304,529.0843506010942,1607.4814219662046,2206.5475115211066,511.89497214920226,1786.0757185356488,2379.9776268497267,0.03000000000020009,W,N
DCB_se2_ag1_f_01_1,31202,OW0,11914,window,534.4292350575253,1686.7508959802622,2653.73578593497,557.9646325509905,1625.0514940460464,2593.9534665791953,527.2083686968386,1710.4698801394866,2695.361869703032,0.03000000000020009,D,T
DCB_se2_ag1_f_01_1,31204,UW1,11915,to,498.2165068580136,1640.6414174993438,2794.6200030784266,517.3473223928313,1636.0599729307166,2841.5586910254733,502.6532111834854,1664.114068066424,2764.833581888434,0.04999999999972715,T,DH
DCB_se2_ag1_f_01_1,31206,AH0,11916,the,476.5668345573987,1559.620501633315,2819.9360112965032,493.4606733923869,1717.20181304851,2882.8601132794292,478.782072977259,1711.6349041725662,2934.5767374104157,0.06000000000040018,DH,sp
DCB_se2_ag1_f_01_1,31209,OW1,11918,soul,540.0984009834822,1387.1239604937346,2707.7132901953946,663.8187608277872,1400.8372588053048,2787.367502062951,517.7386922795691,1404.5103590639135,2673.1896298982247,0.03999999999996362,S,L
DCB_se2_ag1_f_01_1,31214,AE1,11920,yeah,591.476548602321,2074.076745127099,2210.054092151043,648.2646452404849,2149.8906863501597,2498.025791974579,533.2954183881777,2243.5792779148233,2382.58881014548,0.05999999999994543,Y,sp
DCB_se2_ag1_f_01_1,31218,OW1,11922,so,619.9764915009333,1596.3217335421868,3013.7979697421674,657.1711920065892,1520.583558370156,3042.471295944967,591.3892780185216,1722.2965721263802,3039.9530432230245,0.05999999999994543,S,DH
DCB_se2_ag1_f_01_1,31220,AE1,11923,that,651.1141408982534,1915.5848776453618,3078.9516927671675,651.196036532579,1913.6416103492345,3084.103229438301,641.8402594288458,1924.1278236565124,3046.785292145485,0.04000000000041837,DH,T
DCB_se2_ag1_f_01_1,31225,AY1,11926,like,709.3991463349496,1950.6626636655806,2904.00268490873,792.1582200204725,1799.002827079527,2909.2259751920446,615.6612968807076,2299.696447723377,2740.538271407258,0.03999999999996362,L,K
DCB_se2_ag1_f_01_1,31228,AH0,11927,the,455.9589296009885,1848.0028884365968,2868.507349035256,744.5918234010437,1972.7241596305578,3143.9463917036483,529.5895260014479,2024.684908354461,2542.6801965625014,0.05999999999994543,DH,S
DCB_se2_ag1_f_01_1,31230,EY1,11928,same,524.7131639304797,2330.3436654784273,2885.993064646954,638.9492113006809,1830.7990632493272,2810.0547430816105,484.6132898101468,2638.8890534309885,2860.537125225356,0.09999999999990905,S,M
DCB_se2_ag1_f_01_1,31233,AY1,11929,like,717.3951593733275,1875.2758004433813,2944.007044896084,748.909821266029,1763.254346716598,2996.1562593824096,630.2760938703107,2100.9181084200113,2934.437237224905,0.0500000000001819,L,K
DCB_se2_ag1_f_01_1,31237,EH1,11930,when,705.4745784039042,1585.5512951543822,3388.3680702155107,705.3605531220967,1585.2342169296617,3373.565017354684,705.038397319377,1584.3383753374244,3331.7419295141044,0.07000000000016371,W,N
DCB_se2_ag1_f_01_1,31239,AY1,11931,i,890.7835868012406,1681.461576176344,2589.1997844579623,903.4242748296707,1680.000714183418,2518.859778654558,859.100753293657,1668.8843858636249,2493.7589815510883,0.13000000000010914,N,AH1
DCB_se2_ag1_f_01_1,31240,AH1,11932,um,741.5808011606966,1415.8367342799372,2633.191206373631,894.5514530084112,1492.0615700120165,3425.214625807758,863.644350550767,1648.544456042126,1751.4405742949489,0.13000000000010914,AY1,M
DCB_se2_ag1_f_01_1,31243,AY1,11934,i,950.7973014955365,1934.0383607016663,2829.570197401038,965.714891774915,1917.248061115593,2844.672061756589,957.7296184579358,1982.5033868420123,2810.2660240312493,0.1799999999998363,,HH
DCB_se2_ag1_f_01_1,31245,AE1,11935,had,638.1506875353859,2270.9694893936407,3073.3448517588195,685.7369088689014,1991.9516152405924,2790.3819759935623,666.1231097757098,2294.1880972121417,3123.5384915534532,0.08999999999969077,HH,D
DCB_se2_ag1_f_01_1,31248,EY1,11936,pain,604.9751520845786,2536.4642431383018,3179.921152868575,728.8854804136051,2266.267347905226,3069.4466480075043,547.4743233181414,2610.6629118296246,3008.5583194154046,0.14000000000032742,P,N
DCB_se2_ag1_f_01_1,31251,IH1,11937,filled,550.4533359468984,1998.4720585054356,2989.45128774471,590.8055436757415,1774.8894387598273,3023.0409765097984,478.7592909626625,2104.3870927696435,2915.4828383245344,0.08000000000038199,F,L
DCB_se2_ag1_f_01_1,31254,AY1,11938,eyes,867.6328240952446,1918.7004330825887,2010.591711681483,929.227932975544,1855.807094562701,2472.968144801824,821.4506617796948,2006.6754433674796,2543.7000349409805,0.32999999999992724,D,Z
DCB_se2_ag1_f_01_1,31257,IH0,11939,with,620.5787962566417,1776.7900478494603,3044.5924741143394,622.7062554903831,1721.696128816887,3028.5410019970145,606.717232605763,1808.8259438487164,3046.1264274208047,0.0500000000001819,W,TH
DCB_se2_ag1_f_01_1,31259,AH0,11940,a,608.8107861584923,1857.4756098533535,2876.8566940779833,611.1546391752486,1937.4565387398616,2667.5411354952516,610.9567257709432,1952.5769008970385,2416.1119840173574,0.07000000000016371,TH,N
DCB_se2_ag1_f_01_1,31261,AH1,11941,nothing,742.5984630562132,1862.5394522720972,2754.8456107406305,758.4398342420296,1890.5974011196176,2911.3755195020294,755.6329268808357,1896.22160118154,2906.9021715477725,0.11000000000012733,N,TH
DCB_se2_ag1_f_01_1,31263,IH0,11941,nothing,553.7087090639777,2135.3410176178963,2928.5721031467187,582.867370136047,2209.094394573742,2828.5367009025776,565.712813490422,2253.377357143114,2746.884529270058,0.04999999999972715,TH,NG
DCB_se2_ag1_f_01_1,31267,AO1,11943,wrong,773.3096339206998,1487.2888168556374,2759.3283350279066,773.4476427603421,1485.4086834088798,2781.214897079367,769.9224234702759,1488.404765661421,2708.926582519918,0.05999999999994543,R,NG
DCB_se2_ag1_f_01_1,31272,AY1,11945,smile,844.9025342844291,1841.468223101924,2760.9936848493403,844.8433836031614,1848.7418828348075,2688.279499901781,838.4264212168445,1911.8664755061473,2577.902385853272,0.2300000000000182,M,L
DCB_se2_ag1_f_01_1,31274,AH0,11946,a,675.0578467273148,1921.7621291130613,2993.840676243603,792.0057001383022,1683.938475512593,3052.9605906673155,457.66879997363435,2656.5792970860607,2860.024356594091,0.07999999999992724,L,Y
DCB_se2_ag1_f_01_1,31276,AH1,11947,young,731.2518372367268,1647.1705497356172,3282.2491592069364,768.4100588050406,1613.9447664152387,3522.789844961294,569.6435118539232,2322.5108365267647,2749.444982941457,0.12000000000034561,Y,NG
DCB_se2_ag1_f_01_1,31279,ER1,11948,girl,615.4863261690028,1647.4088687812796,1959.1575913013178,620.3797709149097,1619.8875763211915,1935.8027187030996,616.2887204388697,1649.461091588539,1952.965920534926,0.1499999999996362,G,L
DCB_se2_ag1_f_01_1,31282,UW1,11949,who,449.8881743398894,1364.7840177646701,2892.381862790161,492.526728783158,1449.0163846098674,2743.727730184776,464.43326238599946,1526.7242285590737,2832.049102595149,0.09999999999990905,HH,D
DCB_se2_ag1_f_01_1,31284,IH1,11950,did,561.8912530449111,2389.968992659578,3141.42273628244,610.4524106394854,2200.1690252064905,3217.1289047316495,499.51944078426146,2337.9935085266393,3137.359510764041,0.11000000000012733,D,D
DCB_se2_ag1_f_01_1,31287,AA1,11951,not,871.6324883288783,1764.7665985401802,1845.5374346639824,879.8554309844549,1840.12206513831,2675.5772870079777,860.7905440575846,1903.5465751627544,2888.331883161285,0.10999999999967258,N,T
DCB_se2_ag1_f_01_1,31290,AH1,11952,love,617.7732845582556,1797.942394766899,2954.372237073292,624.2937789209135,1816.8810192071167,2933.8117919518695,621.5654356010932,1818.1218790173866,3012.7516473870887,0.13999999999987267,L,V
DCB_se2_ag1_f_01_1,31293,ER0,11953,herself,595.1787554634182,1903.9811292593313,2219.6570123265933,632.4841536300764,1557.5142627465623,1900.178658989895,535.5283103231499,2090.7117115933484,2232.6781193847073,0.09999999999990905,HH,S
DCB_se2_ag1_f_01_1,31295,EH1,11953,herself,662.7179337749843,1653.6286286984696,2939.1988182096525,661.45285152647,1642.8408700758616,2860.484085806485,632.4527375158076,1696.9781375269838,2820.789811652631,0.06999999999970896,S,L
DCB_se2_ag1_f_01_1,31300,OW1,11955,so,676.4328114354911,1735.5216107273282,2769.4218511312997,751.0608377850535,1743.8222104510437,2784.025254853978,751.0608377850535,1743.8222104510437,2784.025254853978,0.03999999999996362,S,AY1
DCB_se2_ag1_f_01_1,31301,AY1,11956,i,713.0030868924016,1856.3920176002189,2778.3337053709656,763.0076171658374,1780.8198371078734,2818.7175844900516,737.868497778072,1919.0154319769802,2887.1218472804535,0.07000000000016371,OW1,TH
DCB_se2_ag1_f_01_1,31303,IH1,11957,think,509.1469428347524,2151.1962123750095,2606.3253212832847,526.8355762552408,1997.0986945191887,2321.9687245757405,514.0605732149972,2233.007671450239,2676.0949934963587,0.03999999999996362,TH,NG
DCB_se2_ag1_f_01_1,31307,AY1,11958,like,760.3610727306285,1904.7093162443184,2457.8438523675154,886.6217618608881,1727.4054064770294,3049.5245450312937,577.8194582783048,2043.0212332882058,2396.759111758958,0.10999999999967258,L,K
DCB_se2_ag1_f_01_1,31311,AH1,11960,um,857.5742698186914,1387.3349696385433,2659.7727584805302,868.5342353868335,1482.2871526957483,1810.1720178473454,863.2880740995713,1570.1884001503065,2686.424767380929,0.11999999999989086,sil,M
DCB_se2_ag1_f_01_1,31314,IY1,11961,people,374.83842799660096,2322.278428806905,2893.8241336161277,472.6010750185751,1757.33385845763,3160.3990416433985,453.80217586541795,2775.5975479310755,3578.228819248792,0.07999999999992724,P,P
DCB_se2_ag1_f_01_1,31316,AH0,11961,people,527.6135299322012,930.3571644219306,2888.6599921416046,707.9171029010936,868.4345120231853,2648.4903260894735,660.4699352807311,1494.0890159999246,2683.491272213274,0.03999999999996362,P,L
DCB_se2_ag1_f_01_1,31319,IH1,11963,in,594.0884289523933,992.228455311001,2551.551129702152,618.2843902075834,2418.1829145622287,2946.4667051021065,607.7162833371682,2438.068973252516,3013.2257700181867,0.10999999999967258,sp,N
DCB_se2_ag1_f_01_1,31322,EH1,11964,general,646.3503214990476,1954.1761908546393,2690.184255265835,670.4735696779103,1929.3144731079851,2695.211533571408,554.3537815351817,2039.2858275177314,2803.7762781171,0.03999999999996362,JH,N
DCB_se2_ag1_f_01_1,31324,ER0,11964,general,619.4822044000957,1438.1377481087584,2167.4193218531514,647.615969714366,1566.249570577909,2306.7377433041556,540.8818511052252,1756.9962602048754,2702.863085274349,0.07999999999992724,N,AH0
DCB_se2_ag1_f_01_1,31325,AH0,11964,general,564.1363683826663,1010.6442896317141,2305.619510300311,584.5383337275664,1035.7339151586596,2373.6519785252,576.2413179037354,1126.7529230920943,2351.389949076568,0.0500000000001819,ER0,L
DCB_se2_ag1_f_01_1,31328,AE1,11966,and,639.1715142168628,1908.0743911159807,2801.914912043706,967.1329069858521,1824.4844976584209,2939.3161991636393,699.9001291553052,2425.341680753844,3188.381161518697,0.09999999999990905,,N
DCB_se2_ag1_f_01_1,31334,IH1,11970,it,627.4057745158793,2204.504786933505,2569.8619023158612,853.7470305426671,2215.7491410932116,3012.5123385914253,639.254225351314,2520.2484689377893,3316.9410470722196,0.09000000000014552,,T
DCB_se2_ag1_f_01_1,31339,EY1,11972,crazy,557.7686544780842,2886.9690246743057,3114.262636762045,589.4704923222861,2505.0831716690386,3189.5514484921705,558.0809865562503,2887.1735200718426,3123.363049953982,0.13999999999987267,R,Z
DCB_se2_ag1_f_01_1,31341,IY0,11972,crazy,445.6639747479444,2798.3179094249776,2925.4493748978743,620.5385149694158,2369.044776443952,3532.410632289469,438.05822712590185,2832.397079124536,2933.112172608087,0.09000000000014552,Z,HH
DCB_se2_ag1_f_01_1,31343,AW1,11973,how,655.3601814855468,1263.7759579931133,2770.406425334865,885.3431409163188,1744.3367554533224,2626.0475187401685,803.7575005053774,1910.6677894841093,2612.1968962169467,0.13999999999987267,HH,AH0
DCB_se2_ag1_f_01_1,31344,AH0,11974,i'm,664.9696938794173,1195.7090956860527,2767.458952569893,715.2655781103907,1197.818607508278,2739.4586762539157,651.4385379144048,1270.6247994209846,2922.371647574296,0.03000000000020009,AW1,M
DCB_se2_ag1_f_01_1,31348,EH1,11976,seventeen,653.2992529433265,2029.145267786115,2714.918208018986,737.7936014188524,2029.5137906022883,3108.946582097742,640.5961340769752,2030.781625749984,2634.1732798151997,0.05999999999994543,S,V
DCB_se2_ag1_f_01_1,31350,AH0,11976,seventeen,587.5770933709215,2187.48646993251,3216.6105762302545,589.8131128137838,2150.0030407059194,3094.449005307036,584.9555725962005,2183.1299258479394,3211.0138176786145,0.05999999999994543,V,N
DCB_se2_ag1_f_01_1,31353,IY1,11976,seventeen,482.7041084495599,2462.6167146912226,2948.5789714448997,590.2691718459914,2571.3163857232694,3082.5356796959636,520.2909417191759,2630.7916474561735,2993.448074400832,0.13999999999987267,T,N
DCB_se2_ag1_f_01_1,31355,AH0,11977,and,621.0224219109793,2057.005287676721,3252.570079580259,620.9960194337095,2062.4073361663113,3244.546933007958,607.5143733241076,2142.2381410448124,3140.5607138907526,0.02999999999974534,N,N
DCB_se2_ag1_f_01_1,31358,AY1,11978,like,772.1194380898685,1966.6364098877243,2035.2994008370058,895.2320585399932,1493.2510907284493,1926.977653741099,569.1790487853127,2054.544418178541,2241.1250642937994,0.06999999999970896,L,K
DCB_se2_ag1_f_01_1,31361,AO1,11980,all,726.245578476687,1212.2662718725958,3052.9535929603376,762.4324784075933,1416.8502964720358,2906.103832565199,726.1404562359265,1630.2011131803013,2938.1309135678857,0.11999999999989086,sp,L
DCB_se2_ag1_f_01_1,31364,IH1,11981,this,498.7644448241729,2051.0326269377733,2881.9015436274794,526.2109444428031,2040.127720812712,2942.094225281398,522.3658366129193,2048.3502227238814,2960.39567181126,0.05999999999994543,DH,S
DCB_se2_ag1_f_01_1,31366,IH0,11982,is,579.6823202327603,1817.4837184120886,2628.2867763420395,593.3175001194207,1790.2759323512787,2589.2715516544754,538.6128460094602,1918.5695399188075,2786.4348458909053,0.0500000000001819,S,Z
DCB_se2_ag1_f_01_1,31369,AH1,11983,coming,815.605620203391,1499.8560617170544,2490.433855082936,880.3147305648408,1644.6225746764708,2645.5207225189665,880.3147305648408,1644.6225746764708,2645.5207225189665,0.04999999999972715,K,M
DCB_se2_ag1_f_01_1,31371,IH0,11983,coming,596.7858885458373,1101.5932066209843,1982.24279900198,815.9308050148531,1831.7961584545649,3174.304426093936,686.9995099192846,1914.9188598787948,3597.750809970808,0.05999999999994543,M,NG
DCB_se2_ag1_f_01_1,31374,AW1,11985,out,869.9456187821646,1729.8514849987748,2385.968295277088,898.036892351145,1744.1997553469791,2343.522341286551,523.9314192461948,1895.8763089700233,3141.851160449687,0.11000000000012733,sp,T
DCB_se2_ag1_f_01_1,31376,AH1,11986,of,835.3582181000005,1756.8622111588672,2896.115805322918,842.6888042539912,1762.8551566010765,2890.173635233337,843.3880995026609,1764.00209862577,2893.3762322463544,0.03999999999996362,T,V
DCB_se2_ag1_f_01_1,31379,AY1,11987,my,943.9762083563076,1490.6468399267385,2713.85530793292,954.3802661682159,1518.5365067676482,2696.601434195224,906.7432846693124,1614.682287765463,2720.5165173225028,0.09000000000014552,M,M
DCB_se2_ag1_f_01_1,31381,AW1,11988,mouth,863.4196258026674,1382.1216155762436,2741.2452433200874,884.0229349147742,1395.794901967659,2734.3102871037154,861.3521706028944,1432.7226246311818,2659.1926753152707,0.10999999999967258,M,TH
DCB_se2_ag1_f_01_1,31385,AH1,11990,but,670.7164021497406,1419.9184659138418,2812.267595966193,670.6641389550379,1419.53126456612,2812.877125615717,665.1738086115756,1427.395543659131,2784.1548690798686,0.03999999999996362,B,T
DCB_se2_ag1_f_01_1,31387,AH1,11991,um,747.185256001635,1362.034320997505,1589.9730469455192,786.8900212615014,1266.4564952014664,2504.5105565807917,710.4846403411282,1494.6937761020922,3226.65373654483,0.15000000000009095,T,M
DCB_se2_ag1_f_01_1,31390,AY1,11993,i,930.5330343603976,1769.9897677699469,1795.0524631699811,987.3738778470663,1901.197266192155,3115.274862743982,920.2069811704274,1934.047992579165,2768.631012451721,0.15000000000009095,,F
DCB_se2_ag1_f_01_1,31392,IY1,11994,feel,723.6565281368031,1686.6168088391587,3102.3627579851895,857.5801977367196,1846.172171933162,3054.435243991475,857.5801977367196,1846.172171933162,3054.435243991475,0.03999999999996362,F,L
DCB_se2_ag1_f_01_1,31395,AY1,11995,like,793.5062561804132,1901.554686943584,3552.6321567849504,890.6512128288457,1901.4369284624815,3304.6558508971666,652.8895017144243,2059.394037090612,2957.3269111916634,0.07000000000016371,L,K
DCB_se2_ag1_f_01_1,31398,IH0,11996,just,474.5529701538971,1973.6764290204812,3206.0517670506783,477.83985293565786,2029.72077238763,3196.3867169488362,475.4994025085477,2039.4298685660776,3091.239307573329,0.04999999999972715,JH,S
DCB_se2_ag1_f_01_1,31401,IY1,11997,people,527.1346006329583,2563.485065526246,2978.4623424691695,572.0881730361361,2630.9413163851696,3094.3454063155114,486.6704668545905,2704.9353438276366,3281.8345964625464,0.07999999999992724,P,P
DCB_se2_ag1_f_01_1,31403,AH0,11997,people,494.25680200685423,917.3763844356231,3088.272069468398,863.2629192771561,1721.740142761235,2719.205173053353,863.2629192771561,1721.740142761235,2719.205173053353,0.06999999999970896,P,L
DCB_se2_ag1_f_01_1,31405,IH0,11998,in,556.3761901821548,2445.442923481729,2997.1010367452977,554.0079826259506,2443.6659507753006,2995.092304751714,523.3826631214383,2567.3134903129485,2688.948440038483,0.07999999999992724,L,N
DCB_se2_ag1_f_01_1,31408,EH1,11999,general,652.1596675080743,1919.1738563467313,2882.9841898453433,663.6659888680246,1883.5203528140332,2811.200476021125,509.8378168187398,1972.8614179685283,2850.0796810368925,0.03999999999996362,JH,N
DCB_se2_ag1_f_01_1,31410,ER0,11999,general,566.3357517704768,1358.1640211895283,2459.951121729714,666.0414461845934,1628.0072860656724,2829.160672219921,585.0783292671186,1706.0227826647717,2544.066601513554,0.13999999999987267,N,AH0
DCB_se2_ag1_f_01_1,31411,AH0,11999,general,459.0553404253936,1219.0543973900437,2849.0673853067797,458.5917914562771,1217.5809782158146,2836.6543730942662,451.79468312485864,1224.8289127833675,2778.870688940072,0.03000000000020009,ER0,L
DCB_se2_ag1_f_01_1,31414,EY1,12000,they,459.4471701302433,2474.8846498934636,2928.3865863324963,589.0227735990825,2273.057085710359,2738.690263299262,493.85433866423574,2564.4638887172323,3152.2789047083975,0.13000000000010914,DH,AO1
DCB_se2_ag1_f_01_1,31415,AO1,12001,always,673.2669726013324,1163.0613980963697,3169.2515700652007,691.4963156528601,1151.5294622451615,3111.934111070172,528.8401767593123,1963.9706038094237,3025.009181572243,0.13000000000010914,EY1,L
DCB_se2_ag1_f_01_1,31418,IY0,12001,always,434.55629124842983,1382.309010708328,2873.396620930845,571.9622547410005,1778.590272438628,3250.675283286627,472.11050007234417,2196.7760882393645,3039.90232581499,0.1000000000003638,W,Z
DCB_se2_ag1_f_01_1,31421,AY1,12002,like,681.0592406313485,2061.965129364563,3090.3844731925087,743.3672248205737,1902.5664000992526,3012.4444106074384,643.0264715593966,2315.449495062633,3155.3711045795703,0.06000000000040018,L,K
DCB_se2_ag1_f_01_1,31425,IY1,12004,people,573.3462984553016,2633.9880959714565,2958.233508041945,622.9445563073389,2848.7186871867643,2985.7810733052033,490.4496505114571,2826.8746887269267,3435.121397460817,0.07000000000016371,P,P
DCB_se2_ag1_f_01_1,31427,AH0,12004,people,529.7222879234776,1008.4042017566358,2972.8364289136407,1002.1732201081834,1850.774931138551,2979.4282196849413,1002.1732201081834,1850.774931138551,2979.4282196849413,0.03999999999996362,P,L
DCB_se2_ag1_f_01_1,31429,AO1,12005,always,721.4308244743985,1113.0599649519243,3081.4608483355064,741.4153942061569,1134.3758542928529,3115.223484105694,739.6963171762637,1139.0025188466511,3140.7161443084665,0.07000000000016371,L,L
DCB_se2_ag1_f_01_1,31432,IY0,12005,always,449.31338782236935,1406.154594925229,2586.7338727155293,577.5729423110321,1638.989842121331,3133.6676958109656,441.5703002602053,2163.612777613262,2728.9523691323116,0.07999999999992724,W,Z
DCB_se2_ag1_f_01_1,31436,AY1,12006,smiling,965.5349342070547,1607.3062517164683,2567.8172128898777,968.6676651392021,1592.8887784518856,2640.4125830944413,940.473200398666,1629.8368732698177,2745.546442641226,0.09999999999990905,M,L
DCB_se2_ag1_f_01_1,31438,IH0,12006,smiling,699.1271661528084,1840.4133265143416,3176.9649385641383,699.6354338930529,1840.7932195821518,3177.896779884216,693.1893005674222,1835.9752050384607,3166.078651539765,0.03000000000020009,L,NG
DCB_se2_ag1_f_01_1,31441,IY1,12007,people,538.4502503482126,1972.4557466750646,2957.3618480722694,569.3173947686925,1628.8725010421592,2914.5001071750435,496.50332091890806,2856.7025249012954,3051.005747991632,0.05999999999994543,P,P
DCB_se2_ag1_f_01_1,31443,AH0,12007,people,500.49291017058823,906.4113318260772,3142.5281107555666,898.6412433410885,1714.1765215812156,2781.058987152005,687.4355547556909,1787.8693005853916,2934.985852081042,0.04000000000041837,P,L
DCB_se2_ag1_f_01_1,31445,AA1,12008,are,787.8731821496218,1227.0504606776537,3110.350767610776,787.9983414609022,1223.7848298691772,3107.8447999818322,784.4756062365466,1237.3770086123366,3116.9050420159506,0.03000000000020009,L,R
DCB_se2_ag1_f_01_1,31447,AO1,12009,always,724.0882733579083,1183.9394128020338,2860.5526761674882,819.9497075566737,1255.9278622407835,2911.4137860429287,814.25212323969,1262.7786764706548,2948.6301131707905,0.18000000000029104,R,L
DCB_se2_ag1_f_01_1,31450,EY2,12009,always,457.2948789215662,2427.214460928544,2853.9461059068426,586.9623561855639,2024.3733340266083,3009.1168282301724,457.61165329953246,2425.583110301828,2848.444881755221,0.07999999999992724,W,Z
DCB_se2_ag1_f_01_1,31455,AY1,12011,like,711.5479547122568,1679.0038546809942,3048.7556506526525,814.3829788776479,1900.1854533099463,3336.2643660286417,589.6188336505259,2714.3799475061155,3219.991131360286,0.06000000000040018,L,K
DCB_se2_ag1_f_01_1,31458,AY1,12013,i'm,883.3467916084651,1622.4240026252357,2686.4536435839345,983.317513241626,1641.6979543128834,2797.384859904975,523.2454898427318,2447.6755025649586,3082.710802733727,0.11999999999989086,spn,M
DCB_se2_ag1_f_01_1,31461,UH1,12014,good,639.8518230695175,1603.3992764816246,3380.555887872083,651.7682271205466,1567.9888032987703,3320.022053178605,452.79669606458356,1824.4135832461463,3099.0563861228484,0.1999999999998181,G,D
DCB_se2_ag1_f_01_1,31463,AY1,12015,i'm,942.200450340228,1546.9055872738088,2344.2204270710986,943.283100199244,1546.3755265719503,2425.9872467457562,926.0145036770253,1646.0208713534732,2967.1123087776045,0.07000000000016371,D,M
DCB_se2_ag1_f_01_1,31466,UH1,12016,good,539.6250066412886,1632.2968247950635,3276.9409850088477,596.5172148013446,1670.3177613640707,3432.1331188018526,453.9758776215492,1803.1996938146292,3015.5297468003196,0.08999999999969077,G,D
DCB_se2_ag1_f_01_1,31468,AY1,12017,i'm,830.0562777842923,1530.7792746460204,3148.927013039445,845.6372918056694,1522.3810843577546,3175.6076349370614,787.3399808557465,1581.448144977282,2898.2005561741435,0.08999999999969077,D,M
DCB_se2_ag1_f_01_1,31471,UH1,12018,good,451.53002544287546,1454.4364072191172,3298.822814053754,523.8755414332797,1590.1681737840295,3276.964139288709,475.9971609529082,1679.8850577184746,3058.9783601642675,0.07000000000016371,G,D
DCB_se2_ag1_f_01_1,31475,IH1,12020,when,496.52848754160925,1956.175528065664,3005.717323141003,587.1629935629713,2802.936088958407,2966.825762267113,587.1629935629713,2802.936088958407,2966.825762267113,0.0500000000001819,W,N
DCB_se2_ag1_f_01_1,31478,UW1,12021,you,485.30231816783856,1513.05442137944,2783.144615194978,515.9993180699244,2149.17006829563,3568.899574543754,505.7407214863505,2136.538840996963,3535.7130865983017,0.05999999999994543,Y,L
DCB_se2_ag1_f_01_1,31480,UH1,12022,look,646.7538002024585,1508.253356329778,3121.3459007654405,703.0244976835816,1647.083576631936,3518.4209210520817,650.1201626152724,1657.239408389545,3464.867564132232,0.06999999999970896,L,K
DCB_se2_ag1_f_01_1,31482,AE1,12023,at,771.5796665250158,1876.785647282058,2267.2593191212927,772.572300733867,1911.564694855235,2121.686084139231,769.7818371317114,1964.1707699472493,2985.251722645642,0.07000000000016371,K,T
DCB_se2_ag1_f_01_1,31485,AH1,12024,somebody,785.6354878925234,1629.5280887342092,1651.770815887259,844.0351581575902,1512.0346484555332,1951.5680449105662,726.1176647296674,1848.428827979405,3413.1259496335474,0.05999999999994543,S,M
DCB_se2_ag1_f_01_1,31488,AA2,12024,somebody,856.7860537664467,1637.2629612418766,3185.546564866404,887.0881336335236,1684.0320649898122,2917.3467334686893,771.631674633902,2099.3506341498382,3126.5103594211932,0.06999999999970896,B,D
DCB_se2_ag1_f_01_1,31490,IY0,12024,somebody,447.6085248820769,2199.3342957479495,3074.907541445239,572.6105796791473,2218.7905815823938,3073.9970133815127,514.461079386502,2225.6101914251444,3070.5148671068955,0.03999999999996362,D,Z
DCB_se2_ag1_f_01_1,31493,AY1,12027,eyes,994.3542302643128,1865.273620682511,2584.400668365735,1023.3061167926146,1839.9927642461637,2472.408943052971,868.9030589026552,2118.0415972743294,2926.4142624231845,0.25,sp,Z
DCB_se2_ag1_f_01_1,31496,UW1,12028,you,518.1175430194719,1755.6051507800134,2888.645584675263,521.0334252036404,2009.011517512197,2931.773088751346,505.8675410261068,2111.2218025192296,3087.5335406697977,0.0500000000001819,Y,K
DCB_se2_ag1_f_01_1,31498,AH0,12029,can,550.3984105105499,1686.8085779437947,3142.340034840491,596.1929006525212,1812.5480044565552,3117.7315147212958,596.1929006525212,1812.5480044565552,3117.7315147212958,0.03999999999996362,K,N
DCB_se2_ag1_f_01_1,31501,IY1,12030,see,523.4803485590855,2096.888850673333,2860.160254454979,565.3391844043036,2563.423420865412,2992.8951505146233,555.3006616074366,2619.279396369811,2947.5568330126807,0.07999999999992724,S,DH
DCB_se2_ag1_f_01_1,31503,AH0,12031,them,714.2702282403436,1649.8920619512703,3362.4397207762595,718.9723385074371,1657.7905596133219,3358.14136281238,590.1126113463266,1825.6127262455316,3332.9480929978795,0.04999999999972715,DH,M
DCB_se2_ag1_f_01_1,31507,AY1,12033,tired,969.1412947134596,1687.1335298815306,1708.4898453905714,985.6884037383393,1570.7160288248226,1933.1179589544831,815.1908273693167,1944.6731293439766,3279.750945729969,0.19000000000005457,T,ER0
DCB_se2_ag1_f_01_1,31508,ER0,12033,tired,511.7669227590582,1352.9634452586095,2687.97847923437,585.0261844031075,1168.116611277479,2624.6162503704913,511.7771486306328,1352.9864362917858,2687.996837853081,0.02999999999974534,AY1,D
DCB_se2_ag1_f_01_1,31513,UW1,12035,you,512.2075313212837,1428.4209303351827,3078.838718102066,518.055267468434,1654.4543924491745,3110.3420407505673,510.0397703379768,2024.1968327341679,3300.403094838717,0.03000000000020009,Y,K
DCB_se2_ag1_f_01_1,31515,AH0,12036,can,494.16536469843237,1818.4581426001741,3130.462305487782,589.6561045460481,1583.6152821775795,2371.3789860413654,495.77287154617005,1834.267719253213,3127.668808552647,0.03999999999996362,K,N
DCB_se2_ag1_f_01_1,31518,IY1,12037,see,568.14281350236,2346.1934879916244,3068.7472125317004,570.60195431894,2357.4462213853,3077.5527184026955,553.2894136083527,2501.621977275252,3021.069234255493,0.05999999999994543,S,DH
DCB_se2_ag1_f_01_1,31520,AH0,12038,them,605.4181313821696,1429.7903461758372,1601.8917611814416,619.1009478939088,1454.962976451258,1675.0648092268443,549.4023829106087,1782.3664204415102,3096.6758718055444,0.07000000000016371,DH,M
DCB_se2_ag1_f_01_1,31523,AE1,12039,sad,597.3585187043208,2314.482652070771,3477.593585429889,667.352256388657,2158.2841514277634,3097.109639460053,588.2610374335168,2403.8705694536106,3430.6903757901873,0.2199999999997999,S,D
DCB_se2_ag1_f_01_1,31527,AE1,12041,and,521.5890198983284,2596.96219217402,3348.2426441202724,792.1637044283658,1932.0523017294072,2735.729992907763,498.3326814785873,2710.8582604067474,3320.0114856951923,0.03999999999996362,sil,N
DCB_se2_ag1_f_01_1,31530,UW1,12042,you,530.9483515376332,1691.3277463664876,3049.6284151549053,549.1244923643856,1393.3507075727641,3133.987023255015,509.5444839745783,2760.7215467584,3140.632763784965,0.06999999999970896,Y,K
DCB_se2_ag1_f_01_1,31532,AH0,12043,can,487.2801186421525,1735.1582075685144,3151.9135439972783,580.3362531790027,1699.8125445280257,2759.72015053487,505.0349310365272,1796.4909795556568,3164.47771148772,0.02999999999974534,K,N
DCB_se2_ag1_f_01_1,31535,IY1,12044,see,546.972888127814,2800.7630002424403,2965.0791723764337,630.15982982246,1900.401620842231,2699.151044289229,536.250842819406,2853.3576101154654,2960.1077317461977,0.07999999999992724,S,L
DCB_se2_ag1_f_01_1,31537,AY1,12045,like,828.4432380884458,1648.9737567284196,2035.0742551291678,884.5774704755589,1866.0219460382195,3549.5144527421494,630.8413859446496,2349.1635242077314,3001.591255049573,0.09000000000014552,L,K
DCB_se2_ag1_f_01_1,31542,EY1,12047,maybe,552.1689862522919,2559.067760641288,3105.9330808292125,647.1390514089884,2494.6903937350535,3078.0362421387736,485.1714614742861,2630.2062581388996,2851.600924884406,0.09999999999990905,M,B
DCB_se2_ag1_f_01_1,31544,IY0,12047,maybe,522.9743708003244,2602.49248232368,3110.667760751717,576.9018593473113,2489.112791331684,3624.4210769063766,540.0052007501263,2693.9841641264807,3096.1034654256646,0.07000000000016371,B,AY1
DCB_se2_ag1_f_01_1,31545,AY1,12048,i,978.3041519245351,1646.3872904220325,2329.053795830302,1012.1391731905468,1626.5427027943813,2300.118628990658,576.9018593473113,2489.112791331684,3624.4210769063766,0.10999999999967258,IY0,W
DCB_se2_ag1_f_01_1,31547,AH0,12049,was,589.2741139483787,1544.0455905059948,3155.6083239330055,769.6005958819158,1859.1032467951056,3717.582043974756,769.6005958819158,1859.1032467951056,3717.582043974756,0.03999999999996362,W,Z
DCB_se2_ag1_f_01_1,31550,AO1,12050,talking,699.7764255844129,1159.9846020513353,3232.021652493492,715.3832012790854,1249.0143215067312,3165.391190374514,706.9434694035432,1271.2238830030788,3117.5584320545718,0.12000000000034561,T,K
DCB_se2_ag1_f_01_1,31552,IH0,12050,talking,541.9305472465184,1923.775721241879,2912.83444858124,664.836226641631,1795.3113557022418,2776.8504632589993,637.591990317392,2278.89244501233,2855.232287762936,0.02999999999974534,K,NG
DCB_se2_ag1_f_01_1,31555,AY1,12051,right,655.7426386648006,1773.6633418841243,2455.331427446329,821.6206800770547,1532.5744466497606,2045.6907285739778,634.1548361937845,2386.3456175594947,3240.2111799494355,0.09999999999990905,R,T
DCB_se2_ag1_f_01_1,31558,AW1,12052,now,733.343810924551,1663.6878087999057,3138.2695525921617,922.9846311660464,1762.7483434059855,3339.355916547511,746.4700555942139,2126.510501313775,2234.193891146124,0.19000000000005457,N,
DCB_se2_ag1_f_01_1,31561,AH1,12054,but,479.8981554818766,1548.7107427305157,3134.6061774983596,487.34317512552406,1497.8163754756488,3021.3734100324377,455.67962332379426,1645.4534636065682,2732.246967562564,0.03999999999996362,B,T
DCB_se2_ag1_f_01_1,31564,UW1,12055,you,552.8627393511935,1346.7889345187054,3095.050787976662,577.0656004882068,1733.408211117925,3177.9862713569196,568.6284954584005,1919.6871932779463,3249.0651098016156,0.02999999999974534,Y,W
DCB_se2_ag1_f_01_1,31566,AH0,12056,will,604.7757771304065,1353.4049634580533,3179.6930045723902,671.4922522067413,1443.0434645387509,3258.2320186821776,671.4922522067413,1443.0434645387509,3258.2320186821776,0.02999999999974534,W,L
DCB_se2_ag1_f_01_1,31569,EH1,12057,never,750.5485516293312,1766.1065437446173,3276.258332257125,752.0112594143362,1755.7401694649468,3263.798486317004,703.7970747799696,1817.9503775686458,3264.1188280418896,0.06000000000040018,N,V
DCB_se2_ag1_f_01_1,31571,ER0,12057,never,521.9397551827468,1615.2167125389333,3015.1802432842073,528.8162390806982,1603.5171043667085,2962.645195176545,504.2004610494887,1657.4994809843645,2872.466334007605,0.02999999999974534,V,N
DCB_se2_ag1_f_01_1,31573,OW1,12058,know,665.3817745866373,1196.4173787353016,1839.8004436397534,680.2592173979784,1298.4497870371426,2490.874088785441,612.3515990919366,1525.2662905947745,2735.481513018414,0.09000000000014552,N,IH0
DCB_se2_ag1_f_01_1,31574,IH0,12059,in,684.1319958080935,1482.878941439252,3644.2843665625664,689.0130369890373,1506.3042677383594,3530.9231718362553,687.4751804289293,1513.2519191214622,3493.9962993041318,0.03999999999996362,OW1,N
DCB_se2_ag1_f_01_1,31577,AY1,12060,like,811.4602802441234,1750.753276315544,2775.3600358776066,823.9718549024022,1707.6188974088868,2778.5594402926977,727.9217090569286,1865.5579260508837,2767.0023644362104,0.03999999999996362,L,K
DCB_se2_ag1_f_01_1,31579,AH0,12061,a,546.6596554642396,1394.85273250699,2661.0354363043307,649.16415514635,1607.7562935964916,2755.262903526451,560.9151593742032,1878.5430952743545,2814.665856268493,0.0500000000001819,K,F
DCB_se2_ag1_f_01_1,31582,UW1,12062,few,513.909357856694,1377.6340479179858,2512.795569366767,590.0867400721493,1804.8101622335344,3196.4170320660783,516.7818447407504,1931.523267906508,2911.373602061007,0.06000000000040018,Y,M
DCB_se2_ag1_f_01_1,31584,AO1,12063,more,713.5903645747053,884.1952763437679,2406.1782493444894,715.2822233200799,876.7384886204263,2359.338557548295,657.6234155906624,1665.2220220399765,3331.7214276582936,0.03999999999996362,M,R
DCB_se2_ag1_f_01_1,31587,EH1,12064,seconds,700.9265543806531,1943.0197700954966,2878.1068821781873,707.6145466975163,1917.228387576861,2774.98713276042,693.0952614006152,1958.0672036118092,2922.917460152209,0.03999999999996362,S,K
DCB_se2_ag1_f_01_1,31589,AH0,12064,seconds,681.3650430128228,1854.9387524402262,2960.0600784998833,718.3911082389047,1848.5258688612862,2915.434903808762,677.142253257875,1857.2880198530174,2995.4584744361623,0.03000000000020009,K,N
DCB_se2_ag1_f_01_1,31592,AY1,12065,i,973.8932259813664,1527.78629656801,2437.3980705710924,1004.5400564418912,1553.961915910756,2093.5264302636497,907.7447652698061,1554.3554271299186,2378.565099639421,0.09000000000014552,Z,M
DCB_se2_ag1_f_01_1,31594,AY1,12066,might,681.2789073299912,2337.067306114304,3012.048664780666,800.4730910259634,1712.383230618784,2782.880272524441,572.1155956703312,2616.60113723031,2677.63688403034,0.08999999999969077,M,T
DCB_se2_ag1_f_01_1,31599,EY1,12068,break,494.64368880771997,1745.8620875889596,2541.416445658953,634.6195984138803,1834.7561485320402,2068.980855448182,624.884968715763,1942.7687830253817,2667.287579674566,0.0500000000001819,R,K
DCB_se2_ag1_f_01_1,31602,AW1,12069,down,713.5552952442907,2147.4233697137383,3057.672499317842,744.314439915979,2159.452755094906,2918.81398250112,743.4952225168541,2161.70814990624,2913.130433720263,0.15000000000009095,D,N
DCB_se2_ag1_f_01_1,31606,AH1,12071,but,494.563620012344,1676.8314825190946,2886.6775668838686,783.7161059419586,1677.1690004048905,2704.3924851476895,462.0499088257847,1953.8355259352684,2850.4584993830385,0.03000000000020009,B,T
DCB_se2_ag1_f_01_1,31609,UW1,12072,you,529.7634872596798,1522.342818072944,2967.0361954048612,530.4482089995266,1513.2935101231192,2970.2289848905575,500.7995362324179,1800.1598729797724,3006.200207518889,0.03000000000020009,Y,K
DCB_se2_ag1_f_01_1,31611,UH1,12073,could,482.48582641957773,1835.7769981302956,2885.934710738701,611.4678326362716,1693.4393804550482,2914.250177033392,477.34653710700763,1859.337793803821,2918.3254136473906,0.02999999999974534,K,D
DCB_se2_ag1_f_01_1,31614,IY1,12074,see,551.6426269021722,2354.175248064982,3117.996187723726,606.5351807958361,2501.1727066224657,3207.946871602228,593.9262793435227,2548.018428791682,3099.345182899784,0.05999999999994543,S,DH
DCB_se2_ag1_f_01_1,31616,AE1,12075,that,763.7256346855708,2153.914188916124,3304.671208201407,773.2732720916276,2213.4575739467455,3239.323505411216,669.1008735601973,2335.661424711993,3233.4400818546196,0.09000000000014552,DH,T
DCB_se2_ag1_f_01_1,31618,IH1,12076,in,598.5383870991324,2334.7651684621037,3160.385314075871,664.5663438286441,1941.905659189638,3088.363466157611,536.9591930173384,2439.8113926797378,3191.9378662313566,0.06000000000040018,T,N
DCB_se2_ag1_f_01_1,31621,AY1,12077,my,929.0187967378031,1905.6696420784438,2462.0725620006947,1016.7431033184141,1895.983566176651,2962.0303215971862,967.7220726275981,1981.3827560298027,2925.58488347218,0.22000000000025466,M,AY1
DCB_se2_ag1_f_01_1,31622,AY1,12078,eyes,894.1934296388836,1921.628089186706,2003.080246416833,1005.2433826823126,1847.1873753297016,2273.545974775519,735.6106835714828,1969.5389170922094,3058.6882981492754,0.2899999999999636,AY1,Z
DCB_se2_ag1_f_01_1,31627,ER1,12080,first,532.4191415720827,1505.638689014744,1768.8877558402023,702.454512248742,1431.9705249409951,1880.1085799200664,440.3934596533829,1658.4239214627125,2402.5180896782535,0.20000000000027285,F,S
DCB_se2_ag1_f_01_1,31633,AH1,12082,yup,814.3567721150798,1872.71798399494,3353.297717718535,820.2623943279785,1846.2321536153336,3348.137280693995,618.1905183579773,2094.4205153111575,3331.1149837718035,0.12000000000034561,Y,P
DCB_se2_ag1_f_01_1,31638,AY1,12085,right,706.5538435856248,1954.4865192790821,2305.3847567035755,779.0181887684436,1685.1879580521859,2219.8817201535708,576.4281944672873,2333.602474192697,2471.0993935145602,0.12000000000034561,R,T
DCB_se2_ag1_f_01_1,31643,AY1,12087,right,752.9897200493693,901.8463770193814,2015.3605740268329,763.8922159943794,988.9700529286924,1812.057847456066,572.7049495914385,2414.0262259379697,2888.9257640873193,0.09999999999990905,R,T
DCB_se2_ag1_f_01_1,31646,OW1,12089,oh,825.183516544146,1490.5286416127606,3199.9356988098093,855.6251017808446,1518.1563750087528,3134.753417521459,785.1716760833626,1769.0247948188558,2583.075549248265,0.1799999999998363,sp,AH1
DCB_se2_ag1_f_01_1,31647,AH1,12090,um,840.0437358423349,1475.5203741293785,2921.8416650351164,901.510984302253,933.7384038364888,1672.6570284213337,879.7662717691318,1568.4628817280297,3108.43690915786,0.2899999999999636,OW1,M
DCB_se2_ag1_f_01_1,31651,AY1,12092,my,935.7818624446489,1709.7999230266776,2587.0105940987223,935.7173499957054,1710.117639543599,2587.595467129294,925.7555399588348,1774.3995044574901,2773.4489433697,0.11000000000012733,M,B
DCB_se2_ag1_f_01_1,31654,AH1,12093,brother,891.2293913993243,1865.6430789685014,2837.6785784247872,896.9699744119819,1859.1881436584515,2830.537542528423,657.7599381309154,1882.4359901154824,2700.6507535449396,0.05999999999994543,R,DH
DCB_se2_ag1_f_01_1,31656,ER0,12093,brother,613.5858860573103,1183.7584068014864,3395.722517417149,707.4267131340763,1296.1349240164348,3465.983478659703,605.35559521053,1609.6895140928432,2295.410396126544,0.07999999999992724,DH,W
DCB_se2_ag1_f_01_1,31658,AH1,12094,was,551.21929639071,1485.1258590270934,3587.418446802662,572.4729266479792,1115.1010020377807,3566.2510075378636,557.8270289246958,1550.5196499782721,3573.0822318220544,0.0500000000001819,W,Z
DCB_se2_ag1_f_01_1,31661,AE1,12096,aksed,751.0072440546186,2194.8339216895024,3344.2331331075707,810.8413106191374,2234.6313646928743,3275.1710222725114,755.1139411716784,2270.1253391725822,3273.6188319108714,0.21000000000003638,sp,K
DCB_se2_ag1_f_01_1,31666,IH1,12098,in,589.8603218848248,2163.9943862640935,3075.7300836783284,610.3387047892835,2181.823990274637,3131.5383309891536,606.9789556881832,2214.7578211520577,3160.735258634407,0.07999999999992724,sp,N
DCB_se2_ag1_f_01_1,31668,AH0,12099,a,717.7626188098409,1525.288499303454,3036.830090838133,727.9258992300689,1779.753361076732,2977.041534800207,707.5209656421476,1801.3156676189851,3139.4528645222335,0.1000000000003638,N,sp
DCB_se2_ag1_f_01_1,31672,AA1,12101,prompt,904.5738626251051,1504.9995007324064,2560.208605754562,941.5146677700124,1424.8390029317354,2204.0844017300838,884.248294636319,1520.197738797182,2984.9134787587395,0.05999999999994543,R,M
DCB_se2_ag1_f_01_1,31677,IY0,12102,the,561.7632977077762,1537.4159151240756,2995.7776945713244,724.4623904969511,2091.78636191845,3330.4035217259975,517.7889805202288,2941.6581586140655,3275.77452179839,0.13000000000010914,DH,AH1
DCB_se2_ag1_f_01_1,31678,AH1,12103,other,771.2652230220821,1852.6522771715827,3325.8082227067193,770.9859207750642,1980.8325146247034,3238.4267922827785,724.4623904969511,2091.78636191845,3330.4035217259975,0.07999999999992724,IY0,DH
DCB_se2_ag1_f_01_1,31680,ER0,12103,other,638.6140381916548,1948.4259290125842,3298.2198255317994,666.53617080209,1990.8974462792,3304.115967523037,666.878956267853,1991.257374723281,3303.3418435477374,0.07000000000016371,DH,D
DCB_se2_ag1_f_01_1,31682,EY1,12104,day,516.5172877068876,2978.542661491962,3099.6952740884685,605.0446398179582,976.0614627744395,3146.9245041813906,539.9086230352802,3119.812198549627,3171.906483517502,0.29000000000041837,D,sp
DCB_se2_ag1_f_01_1,31686,AH1,12106,what,610.922779652631,1503.876915572511,3353.1538971173272,652.9219393946254,1613.8221526645887,3422.435866636686,644.1403742782038,1669.6549225693425,3415.961909994257,0.03999999999996362,W,T
DCB_se2_ag1_f_01_1,31689,IY1,12107,he,559.5983728489734,2794.423316390639,2959.648326439136,617.1124595073048,2613.586259974541,3210.671907610514,557.3487788639264,2948.6780488913064,3035.2661881473723,0.06999999999970896,HH,W
DCB_se2_ag1_f_01_1,31691,AO1,12108,wanted,664.3433161940824,1220.3486090626416,3390.345507490014,691.9046822301295,1647.918334182371,1854.4019869254505,690.8828872217781,1670.011236987842,1907.0783952197569,0.05999999999994543,W,N
DCB_se2_ag1_f_01_1,31693,IH0,12108,wanted,583.004124505332,1876.79400016045,3421.8368532602994,608.8605123250122,1707.6709706462736,3099.8475059597577,527.4537637738532,1996.559146269959,3393.1295102637287,0.0500000000001819,N,D
DCB_se2_ag1_f_01_1,31696,IH0,12109,to,470.8008490702346,1988.736985985129,3217.883899678904,513.3262472929626,1980.316977134162,3353.0722306671864,512.5244656613067,2088.316040063307,3316.083982930655,0.06000000000040018,T,B
DCB_se2_ag1_f_01_1,31698,IY1,12110,be,556.4287743144193,3024.0446624046745,3262.7541371660113,616.7972385098917,2967.6570889417053,3345.0024670131215,556.3490101393029,3024.9050915262105,3263.45281842316,0.17000000000007276,B,sp
DCB_se2_ag1_f_01_1,31701,EH1,12112,when,461.2910455744557,1361.177026777303,3150.6877911850074,580.0575787471328,986.4554870360747,2312.672467438442,451.13803838900327,1647.9364569175148,2973.6166956634493,0.02999999999974534,W,N
DCB_se2_ag1_f_01_1,31704,IY1,12113,he,538.0535815492053,2836.720629268599,2989.063850705356,546.5530791282767,2817.266979377097,2987.4018163293654,511.4932904477524,2874.97272721091,3182.2906461420407,0.07999999999992724,HH,G
DCB_se2_ag1_f_01_1,31707,UW1,12114,grew,436.14751467282923,1094.6893781736928,2661.9470477773452,664.4184185237054,1321.9432095187678,3010.6085828766477,664.4184185237054,1321.9432095187678,3010.6085828766477,0.11999999999989086,R,AH1
DCB_se2_ag1_f_01_1,31708,AH1,12115,up,698.4502674280211,1570.4727931712116,3187.4309621404254,826.1733898612491,1627.9209792335348,3197.7883302829014,818.6797025595598,1631.0222611384906,3198.903375562353,0.07999999999992724,UW1,P
DCB_se2_ag1_f_01_1,31711,AY1,12117,i,908.7716547398546,2105.186782162513,3173.3565501656412,929.6413899728321,1760.8433443692345,2021.680649295069,908.4634779840296,2104.8866167922592,3172.258542665432,0.15999999999985448,,S
DCB_se2_ag1_f_01_1,31713,AO1,12118,saw,601.2580676547808,982.667390306382,3554.782961279259,611.2950925860323,995.126799586267,3492.8601553028257,568.4507357050499,1330.464139529024,3103.7425762779494,0.20000000000027285,S,DH
DCB_se2_ag1_f_01_1,31715,AH0,12119,the,495.49139116816866,2271.220784306568,3053.490357564844,551.908955280187,1965.5238627857898,3041.3781273223235,520.2900395173143,2171.5372052295247,3084.1032155925636,0.11000000000012733,DH,G
DCB_se2_ag1_f_01_1,31717,IH1,12120,gears,519.661516266062,2200.958619293852,2684.554842988787,555.3714541592074,1595.5664392173965,2922.7050261793242,525.6701241903786,2759.2098697327833,3121.3797809857892,0.15999999999985448,G,R
DCB_se2_ag1_f_01_1,31721,ER1,12121,working,698.794813571109,1565.5089105594034,1761.2284937412503,749.1745394803888,1508.5310675600467,1773.2302297311787,661.5001473620622,1607.0689467329091,1695.8055859978065,0.07999999999992724,W,K
DCB_se2_ag1_f_01_1,31723,IH0,12121,working,534.9056293026838,1095.9407105853345,2460.2857026305423,541.5416202222452,1794.3444893180244,2590.015034763394,537.8867374313675,2300.0136482180997,2781.413897956758,0.03000000000020009,K,NG
DCB_se2_ag1_f_01_1,31725,IH1,12122,in,519.7911943638507,1723.9613711413886,2785.9167237377715,657.242123306163,2329.2045510032904,2525.648055501574,501.29843639699834,2584.480365329325,2725.1756742413004,0.1799999999998363,NG,N
DCB_se2_ag1_f_01_1,31728,IH1,12123,his,672.5333394862109,1722.632550203944,2805.45576897074,713.0852348375306,2474.3724136722626,3506.186721977477,713.0852348375306,2474.3724136722626,3506.186721977477,0.07999999999992724,HH,Z
DCB_se2_ag1_f_01_1,31731,AY1,12124,mind,877.2910907992165,1711.4121119155102,2066.503865014309,930.8277898411801,1846.5429137217807,2965.3826462180086,738.0387617985114,1994.5343584888517,3271.269904522128,0.21000000000003638,M,N
DCB_se2_ag1_f_01_1,31735,UW1,12125,to,468.93993507479445,1426.8866441125083,3025.172714500206,579.3023682744631,1569.731214174725,3318.434593587782,587.642332791243,1742.4195336455589,2887.1927252460273,0.09999999999990905,T,HH
DCB_se2_ag1_f_01_1,31737,AE1,12126,have,742.0978469844193,2201.4138524684313,2996.0279727233496,757.5903557335005,2216.131452668705,3047.7786560158,747.4325013629033,2273.205550660012,2971.791129681449,0.10999999999967258,HH,V
DCB_se2_ag1_f_01_1,31740,AH0,12127,the,490.67342358806496,1883.6628833002248,3050.150358638014,516.7227371957326,1815.902336685887,3126.0922223733487,501.5205793128499,1932.8653901978876,3133.3053529305066,0.05999999999994543,DH,G
DCB_se2_ag1_f_01_1,31743,EY1,12128,greatest,566.8670307050149,2087.241257841593,2516.490296023357,671.3425234293738,1932.5628922871394,2447.828552179404,619.6633717966656,2272.84417731275,2488.1425072083175,0.05999999999994543,R,T
DCB_se2_ag1_f_01_1,31745,AH0,12128,greatest,453.98190126854666,2128.1650896545234,3106.2659034369294,565.987219285419,2239.247039435561,3210.3846746066592,558.5207216361855,2233.8720203916837,3219.706256360157,0.0500000000001819,T,S
DCB_se2_ag1_f_01_1,31749,AE1,12130,answer,730.2230334626541,2066.022408339371,2208.794427242449,780.8468876244439,2374.9934383893137,3232.533926198681,782.8646373792463,2490.681395055616,3295.863433856299,0.1799999999998363,sp,N
DCB_se2_ag1_f_01_1,31752,ER0,12130,answer,486.1127593269247,1718.8892621447196,2768.2638963960017,532.0281553827332,1782.010947388959,2853.555723040376,517.8785763554895,1887.1023690336299,2959.612482231691,0.06999999999970896,S,DH
DCB_se2_ag1_f_01_1,31754,AE1,12131,that,652.9850998664101,2129.9836035980325,3082.7872137987456,688.1270461628118,2041.4374589500478,3051.0012725496745,656.1100944962063,2185.648452872723,3136.2987560571623,0.04999999999972715,DH,T
DCB_se2_ag1_f_01_1,31756,EH1,12132,ever,784.0139406377929,1840.933961367251,2731.2114520782466,831.5458195514891,2006.8660459435894,2880.6850176527,748.337452432919,2056.8576272761347,2955.6834960181063,0.04999999999972715,T,V
DCB_se2_ag1_f_01_1,31758,ER0,12132,ever,542.8979702924264,987.4073620228012,2972.82942304955,629.8260628489961,1052.1679587503834,3133.6237441770836,614.8810619469451,1455.923769524294,2645.159614147591,0.08000000000038199,V,W
DCB_se2_ag1_f_01_1,31760,AH1,12133,was,687.1039041273506,1411.5017173315457,3027.5094952854847,695.276280381841,1426.0174454623068,3498.1752546938087,635.0754287604868,1669.7269032089346,3052.6110183611477,0.2300000000000182,W,Z
DCB_se2_ag1_f_01_1,31764,AY1,12135,my,658.8573169981604,1251.0746251162304,2459.5737225216662,671.140629279701,1284.832324044477,2455.6050254773454,617.3895749586703,1439.2791018325586,2311.920355046003,0.04999999999972715,M,B
DCB_se2_ag1_f_01_1,31767,AH1,12136,brother,729.5078778509471,1681.8902557673812,2841.4459635803346,746.9418588435528,1610.1410889232664,2716.7250555310707,711.0232418078401,1772.710669633402,3067.8719616334265,0.04999999999972715,R,DH
DCB_se2_ag1_f_01_1,31769,ER0,12136,brother,580.8164063118921,1525.3829450416354,3384.4265132064675,682.359219791826,1553.718528595428,3265.0843652012527,662.0409097176141,1574.4748957970755,3183.059729058997,0.07999999999992724,DH,L
DCB_se2_ag1_f_01_1,31771,UH1,12137,looked,506.9443159960671,1454.6108428404918,3429.103452943517,523.3950047387073,1451.1707345228724,3494.705043264168,507.2010813499497,1455.0510714038564,3436.867057048443,0.07999999999992724,L,K
DCB_se2_ag1_f_01_1,31774,AE1,12138,at,703.6924384283237,2051.84874114968,2271.5642363662027,702.3948136358096,2091.684479876531,2426.5620653681353,553.7542758152025,2140.938207123596,3297.2199861009717,0.06999999999970896,T,T
DCB_se2_ag1_f_01_1,31778,IY1,12140,me,438.4753743375765,1108.190945537705,3120.37963531593,552.197886149558,2665.819084553351,3145.3540644539494,470.31579475538325,2955.0205118015283,3386.410780286269,0.18999999999959982,M,AE1
DCB_se2_ag1_f_01_1,31779,AE1,12141,and,636.7621329765361,2556.0081719544673,3092.375066919099,636.885434265294,2540.4315780496127,3034.4413864099265,592.8444744282513,2582.9925471018646,3123.7931064585705,0.08000000000038199,IY1,N
DCB_se2_ag1_f_01_1,31783,EH1,12143,said,531.4340861343138,2512.548213821579,3341.0206733356445,553.7555585037125,2092.7455301611913,3121.058229925173,496.94860874462023,2566.7875505018865,3213.8212672671193,0.1299999999996544,S,D
DCB_se2_ag1_f_01_1,31786,UW1,12144,you,486.9183379355687,2042.2638796323467,3055.2185357885633,523.3783190814443,2597.012006910913,3050.0558619809303,523.3783190814443,2597.012006910913,3050.0558619809303,0.05999999999994543,Y,sp
DCB_se2_ag1_f_01_1,31789,OW1,12146,know,750.9950063822965,1273.6049375241366,3374.926019418589,769.706585088519,1324.4995433012443,3350.084504152388,768.4325482396977,1341.394360697674,3385.980234993257,0.07999999999992724,N,W
DCB_se2_ag1_f_01_1,31791,AH1,12147,what,587.8645863181516,1309.1986427558268,3206.508948045512,667.177615184968,1527.7862555132658,2970.2173252344,667.177615184968,1527.7862555132658,2970.2173252344,0.03000000000020009,W,T
DCB_se2_ag1_f_01_1,31796,AY1,12151,i,795.5951173515331,1246.6178795816809,3097.619910089174,829.1150814038804,1418.737635219916,2898.2382879310526,829.1150814038804,1418.737635219916,2898.2382879310526,0.03999999999996362,sp,W
DCB_se2_ag1_f_01_1,31798,AA1,12152,want,765.478767091155,1326.861515027094,3508.1206307058565,796.4998808552559,1294.5038140184438,3461.3208446942335,747.8742033640473,1526.921009257696,3439.307207248199,0.02999999999974534,W,N
DCB_se2_ag1_f_01_1,31802,IH0,12153,to,525.501251875674,1862.5119779344498,3154.6866764294036,588.0134930916929,1824.6758966692773,3139.905837867995,541.6131297165324,1878.788468306325,3142.2068765078816,0.02999999999974534,T,B
DCB_se2_ag1_f_01_1,31804,IY1,12154,be,513.5293550222755,2483.3249240222053,3211.6927091982457,631.6084799186143,1252.2516006647236,2042.0403479081056,488.6396918485141,2662.9738610334575,3146.391711578262,0.07999999999992724,B,AH0
DCB_se2_ag1_f_01_1,31805,AH0,12155,alive,597.3019896001945,1790.3502399921124,3162.4400888369046,632.3516598219238,1230.2492826688717,2031.421208603795,597.0041885784884,1791.9509397674544,3161.645454502027,0.0500000000001819,IY1,L
DCB_se2_ag1_f_01_1,31807,AY1,12155,alive,868.1170662801483,1660.334040870436,1903.8045803625885,962.4262061599508,1800.4996273345357,2010.6722974405275,898.9532600657118,1926.3224172963578,3037.4837434724395,0.2199999999997999,L,V
DCB_se2_ag1_f_01_1,31810,IH1,12157,it,741.1471105503211,2208.6120551015074,3068.35109017909,991.0410425346626,2103.4375096294757,3253.0113278204003,507.2740578374887,2472.2352145270706,3300.1179093894375,0.07000000000016371,,T
DCB_se2_ag1_f_01_1,31814,AE1,12159,sad,718.9591889531971,2242.9005666797143,2271.1369457877163,774.0043793103547,1917.1141172053208,2374.22429144827,716.3152039039697,2243.0672432171273,2282.424138216021,0.13999999999987267,S,D
DCB_se2_ag1_f_01_1,31817,AH0,12160,that,514.9136741197461,1905.6994824524832,3088.1012280862856,577.0881252160165,1926.8040704349223,3168.935802843168,534.8322180036578,1944.8794563870601,3035.9884866747784,0.03999999999996362,DH,T
DCB_se2_ag1_f_01_1,31819,AO0,12161,already,701.1946239831768,1006.4389439339016,3053.117785150619,747.3269361348135,1216.8013602420165,2973.688677222076,727.4664533382914,1285.2738299470623,2879.0578371024917,0.09999999999990905,T,L
DCB_se2_ag1_f_01_1,31822,EH1,12161,already,726.6194357026045,1885.9481127429904,2430.7634920441114,729.4956153220737,1825.0054085295938,2331.3016689051515,713.3645538522632,2006.5047766845796,2643.3231754573467,0.0500000000001819,R,D
DCB_se2_ag1_f_01_1,31824,IY0,12161,already,556.5703298424846,1038.1897405948694,2898.668284631682,585.2287328508489,1334.0966044137062,2974.0333929411404,528.310683729287,1658.7130608763816,2738.332492520623,0.07999999999992724,D,M
DCB_se2_ag1_f_01_1,31826,AY1,12162,my,797.8781491315752,1260.3396172425714,1706.9320911861541,892.3435806865339,1697.5615887269491,3150.6161692756223,841.1175777056919,1723.901410952614,2396.014071693718,0.1299999999996544,M,B
DCB_se2_ag1_f_01_1,31829,AH1,12163,brother,739.8990293827145,1718.9341220365882,2738.3952502630355,739.9756698432891,1716.9664183562058,2736.7882116471333,725.8527478195734,1747.576973557372,2752.1190852094246,0.0500000000001819,R,DH
DCB_se2_ag1_f_01_1,31831,ER0,12163,brother,505.99770940161994,1666.7963178154728,3056.888560827071,549.0022221159678,1805.9941173966115,3077.4473135935327,549.0022221159678,1805.9941173966115,3077.4473135935327,0.09000000000014552,DH,B
DCB_se2_ag1_f_01_1,31833,IH0,12164,believes,552.3143436117779,1650.3476368719166,3222.749912922374,605.5328386765593,1601.4067310078578,2912.1884008918237,530.184083884335,1690.6257226575933,3109.3828385792212,0.08999999999969077,B,L
DCB_se2_ag1_f_01_1,31835,IY1,12164,believes,475.2457400035345,1055.7408951643104,2988.216177985351,568.3967895012644,1715.9703434211106,2941.0569736467305,546.8110214424174,2890.40296973301,3409.6538837432113,0.21000000000003638,L,V
DCB_se2_ag1_f_01_1,31839,AE1,12165,that,677.0298546420697,1896.8488567258657,2927.029469072333,680.4987386951688,1890.1773613514574,2811.5598490953553,635.502113017348,1923.664110839198,3133.261093306682,0.03999999999996362,DH,T
DCB_se2_ag1_f_01_1,31842,IH0,12166,his,513.9807123574715,1782.778966271753,3080.657351616042,597.4129144765673,1849.5093117732733,3045.6523020821314,488.16329847434395,1875.0413165368511,2997.4370507978615,0.07000000000016371,HH,Z
DCB_se2_ag1_f_01_1,31845,AY1,12167,life,666.8076629335075,1796.6586334174074,3154.6734750311507,747.5075766793707,1643.556420848035,3069.0624912224016,654.8554067983218,1894.0820646975612,3157.530599573027,0.05999999999994543,L,F
DCB_se2_ag1_f_01_1,31849,AH0,12169,will,537.692204739763,897.9740095703853,2423.479985850195,537.2583453128485,893.9825752536254,2472.1379171637095,535.617369141378,1037.5665917876645,2629.820710975214,0.03000000000020009,W,L
DCB_se2_ag1_f_01_1,31852,AH1,12170,come,812.7417130245589,1402.2317451963397,2978.3666688710205,820.6104364417799,1436.5068863824433,2954.767601301303,747.3752363090595,1549.7895163120315,3336.5768853699833,0.03999999999996362,K,M
DCB_se2_ag1_f_01_1,31856,UW1,12172,to,680.0641653890513,1252.961056281296,3291.882465185613,727.0278196445424,1383.6924352249011,3276.6568844463004,634.6220932509315,1721.263712159619,2978.9905353930862,0.1299999999996544,T,AH0
DCB_se2_ag1_f_01_1,31857,AH0,12173,a,619.3455571770575,1790.117787160448,3189.4653150089825,652.1757434671422,1541.5437639925183,3216.334725061883,562.3141788814138,2029.0975463363081,3177.107884824618,0.09000000000014552,UW1,EH1
DCB_se2_ag1_f_01_1,31858,EH1,12174,end,706.6461727561609,2015.7373424813013,2297.9952685459025,745.044471466924,2377.6991497170184,3332.984763696291,587.7130327719744,2346.3458342263702,2987.0504603110194,0.32999999999992724,AH0,N
DCB_se2_ag1_f_01_1,31863,EH1,12176,well,614.0973706771158,1906.5823589053773,2939.3812471570845,691.865928039548,1320.3257976833145,3312.992255780682,582.9394181054271,1983.771514155912,3124.7129859481142,0.14000000000032742,W,L
DCB_se2_ag1_f_01_1,31866,IY2,12177,before,522.2328516421186,1028.8439936901566,3115.445389046983,697.9660691927014,1625.9440664742801,2662.057420968831,608.304272158503,1935.1765453971414,2115.955859994373,0.07999999999992724,B,F
DCB_se2_ag1_f_01_1,31868,AO1,12177,before,515.4398545285002,852.5306172283816,3122.3607018440516,639.5778516422923,796.4784530681075,3030.4592371153767,556.5465737325279,1191.4356665121556,3240.822763296612,0.15000000000009095,F,R
DCB_se2_ag1_f_01_1,31870,IH1,12178,it,591.7984576259884,2314.9497187952225,3117.6619005242906,630.4827635110743,2385.736457612811,3197.6415529269125,563.0350136280472,2449.5823391018403,3199.3269676644513,0.06999999999970896,R,T
DCB_se2_ag1_f_01_1,31872,IY1,12179,even,514.6393165872904,2942.293429874793,3155.480973646661,639.7613336040611,2975.257367191947,3108.216030297418,513.0034178245345,2928.6844821794116,3156.2418263990576,0.09000000000014552,T,V
DCB_se2_ag1_f_01_1,31874,IH0,12179,even,635.0324722275365,1623.3956648309968,3223.9804905035553,634.3942481412568,1710.5274309580848,3374.200799991785,624.9525705293647,1928.1670132225279,3657.8532620827245,0.04999999999972715,V,N
DCB_se2_ag1_f_01_1,31878,AA1,12180,started,778.6560213679861,1354.280835014288,3113.7091193048113,845.4864845661459,1391.3632353625535,3309.176630777873,702.3127633771462,1608.5232196122668,2924.5917872768136,0.169999999999618,T,R
DCB_se2_ag1_f_01_1,31881,AH0,12180,started,511.43172860571593,2273.6350678551084,3183.9627114718137,551.7442837294833,1060.9427641206707,2248.4711146910668,512.7852094156156,2232.2700093996245,3152.942887550573,0.03000000000020009,T,D
DCB_se2_ag1_f_01_1,31886,OW1,12182,no,463.8845073539407,1132.7990972444293,3016.269984390942,664.1464109091852,1576.8462387452312,2936.811377867396,595.2534983501067,1713.6389294969551,2957.6753136737493,0.15000000000009095,N,D
DCB_se2_ag1_f_01_1,31888,AA1,12183,doctor,920.3308692104251,1482.3965553641974,3149.52267592476,920.8051031591139,1480.1258331833496,3150.05248047368,671.9362088373566,1621.4760068554785,3220.2914498511977,0.1499999999996362,D,K
DCB_se2_ag1_f_01_1,31891,ER0,12183,doctor,549.6354606245311,1881.3516149974798,3181.5911369396663,593.1699672898413,1999.6380479166912,3200.870336818701,567.9135636639302,2033.7377176912528,3204.4852663259885,0.07999999999992724,T,N
DCB_se2_ag1_f_01_1,31893,OW1,12184,no,564.3330485875155,920.168232168404,3332.311304406832,687.2813040914472,1236.6756716455575,3162.3365704704725,641.0701547752927,1426.8601184423094,2801.83876100266,0.10999999999967258,N,F
DCB_se2_ag1_f_01_1,31895,UH1,12185,football,515.3498134335899,1041.119807878516,3276.6664396090077,558.9747557832738,1027.121780114468,3142.792625945181,540.1315003085213,1052.5696512869717,3271.356144353868,0.03999999999996362,F,T
DCB_se2_ag1_f_01_1,31898,AO2,12185,football,534.2461397077639,974.060465374353,2980.942587786525,567.0420890908175,979.2626908648892,3265.642030291715,518.7231406500565,979.8488890329572,3032.9580520834547,0.03000000000020009,B,L
DCB_se2_ag1_f_01_1,31902,EY1,12186,player,536.7267124200295,2455.8959760143184,3326.6815049185757,694.2924085315502,2360.855613853821,3393.428902572805,526.843824126595,2461.049276547962,3303.3307848141376,0.11999999999989086,L,ER0
DCB_se2_ag1_f_01_1,31903,ER0,12186,player,673.8403419677177,2023.4774244739529,3299.220889546832,690.438951303982,2102.32163968467,3309.982057215329,688.8275012996866,2207.126538381234,3353.742395229321,0.02999999999974534,EY1,N
DCB_se2_ag1_f_01_1,31905,OW1,12187,no,628.6318626151635,971.4159708116418,3104.1046800524437,655.7837335591664,1230.8485553700866,3177.9013497339074,595.2841235496118,1468.863229769426,2691.032620730903,0.09999999999990905,N,sp
DCB_se2_ag1_f_01_1,31908,AY1,12189,firefighter,952.3786303381787,1434.5237313172233,3408.374841757683,973.258650241997,1415.2126134342907,1792.6475788070973,955.5001993084912,1439.1348051764335,2262.307404872402,0.11999999999989086,F,R
DCB_se2_ag1_f_01_1,31911,AY2,12189,firefighter,834.0137710303603,1447.8975383569536,2833.2250470857543,859.0407660148343,1433.4087652410635,2704.611693646876,803.3448377144927,1527.803443556548,2824.178871959138,0.07000000000016371,F,T
DCB_se2_ag1_f_01_1,31913,ER0,12189,firefighter,623.1101867948107,1966.5201371107003,3151.9970873094044,684.9593779816174,1810.689861735546,3123.848993099673,529.1765038358957,2176.34878819621,3169.2750077875503,0.07000000000016371,T,JH
DCB_se2_ag1_f_01_1,31915,IH0,12190,just,499.5572351402424,1922.8456316956976,3342.0012302827377,505.3552740335728,1952.613273826713,3235.070906417705,505.36381642218976,1952.6821746839714,3235.2422775955456,0.03999999999996362,JH,S
DCB_se2_ag1_f_01_1,31917,AH0,12191,alive,500.55634529344445,1651.6197719445909,3142.1508127123448,611.2501971024026,1599.404242597924,3137.9688318459985,497.22896150499304,1663.41819879115,3134.3188811463738,0.08000000000038199,S,L
DCB_se2_ag1_f_01_1,31919,AY1,12191,alive,878.1261861567764,1922.1081473011595,3082.4926362029482,886.9883166363383,1860.9846846012665,3042.0582465801986,901.2113355963147,1936.829990290325,3113.4193657005585,0.19000000000005457,L,V
DCB_se2_ag1_f_01_1,31924,IY1,12193,he,536.8117317756497,2629.9905374905024,3089.224114602925,577.994007999087,2378.2127412149766,2946.667380810216,524.6273338462024,2819.182898969558,3099.416742916302,0.03999999999996362,HH,JH
DCB_se2_ag1_f_01_1,31926,IH0,12194,just,521.9403990602889,1984.9268172589948,3169.9822039554415,534.0544365917033,1898.6653471008779,3182.6130561468435,527.4215367708034,2031.690533224659,3112.2598104540234,0.06999999999970896,JH,S
DCB_se2_ag1_f_01_1,31929,AA1,12195,wants,748.075723633978,1361.550805067228,3760.0423931608807,750.4180798897437,1346.0634656269444,3765.27811157411,746.8659295881339,1369.549797959407,3757.3382182743962,0.02999999999974534,W,N
DCB_se2_ag1_f_01_1,31934,AH0,12196,to,528.6340202787744,1802.2128831750542,3216.1318230560405,575.9610885073783,1831.8360419023418,3247.413473460745,559.2352066115064,1837.0406336695066,3234.054581084517,0.05999999999994543,T,B
DCB_se2_ag1_f_01_1,31936,IY1,12197,be,505.36645215108155,3073.519685865642,3162.5951406007002,608.1432148618292,2491.1703670052234,2829.4849475383407,498.5945991231833,3030.704767770195,3141.2576147173795,0.1299999999996544,B,EY1
DCB_se2_ag1_f_01_1,31937,EY1,12198,able,489.1907137729776,2601.1386111133575,2881.6154098623197,529.6372004383046,2373.708530385522,2739.1116691363145,488.5783585908433,2582.8571393623924,2949.353016989089,0.12000000000034561,IY1,B
DCB_se2_ag1_f_01_1,31939,AH0,12198,able,548.7768956442798,983.1522047746381,2866.04033707328,682.6421516441329,1575.8699433944514,3010.5273283772453,616.9080760540288,1847.7936231968274,3066.7345956843096,0.02999999999974534,B,L
DCB_se2_ag1_f_01_1,31942,AH0,12199,to,451.7347000776145,1589.6970337561747,3317.3546507382894,503.2520838624336,1635.7192137584443,3197.343331557807,423.37898452081146,1686.9972195335267,3048.2001012690384,0.09000000000014552,T,B
DCB_se2_ag1_f_01_1,31945,IY1,12200,breathe,557.1225030788964,2318.3772499520437,2713.4431702571314,564.0290349683042,2271.4739775867747,2792.5784926362862,543.269285475275,2725.624398666251,2858.2645567444633,0.15999999999985448,R,DH
DCB_se2_ag1_f_01_1,31948,IY0,12201,the,607.7490314865397,2351.5444761166395,3288.7524771683516,676.0973032402419,2263.6360048778697,3196.2657347136774,656.2801950935465,2551.4038613076455,2642.5617467471598,0.13999999999987267,DH,EH1
DCB_se2_ag1_f_01_1,31949,EH1,12202,air,510.87568883384466,1853.254691904786,2709.196893068541,660.7121722214434,1846.0485974375845,2691.1929948173806,518.7587010406091,2627.0235346325317,3391.7498820527117,0.21000000000003638,IY0,R
DCB_se2_ag1_f_01_1,31952,AE1,12203,that,689.3048200469722,2061.78002319606,3162.8945627108187,699.4844236539192,2100.2751729375664,3207.873148088688,695.3618585873421,2100.9694022721287,3193.7395363104033,0.03999999999996362,DH,T
DCB_se2_ag1_f_01_1,31955,IY1,12204,peo-,540.9135011525781,1898.4825710259172,2909.156197264795,562.6163942333508,1615.1119175223762,2711.353072907537,513.9551273711606,2691.867883552583,3378.348057318083,0.19000000000005457,P,
DCB_se2_ag1_f_01_1,31958,AE1,12206,that,663.0540809240122,1511.3655540213042,2642.3195198657845,664.5502088138024,2017.707309601323,3098.5979465805617,664.7863638144221,2061.646902146344,3093.6107074288266,0.03999999999996362,DH,T
DCB_se2_ag1_f_01_1,31961,IY1,12207,people,533.729259332442,2843.669343968212,3014.7518118438165,534.4900398347339,2836.646263246873,3015.929980997802,498.31926344513533,2907.6543529585065,3006.274259786163,0.03999999999996362,P,P
DCB_se2_ag1_f_01_1,31963,AH0,12207,people,572.2165894276271,1194.4949325793075,3070.1125823917587,671.5480223083334,1468.9169766243717,2626.5883606614516,596.1609271750515,2045.069518020838,2679.9569500467296,0.03000000000020009,P,L
DCB_se2_ag1_f_01_1,31968,EY1,12209,play,516.2743437942624,1916.5951513754096,2996.2388479713445,688.2478793423836,2131.6749178638834,2469.7375129827205,609.1144382826869,2330.6414664160297,3118.015457989733,0.11000000000012733,L,W
DCB_se2_ag1_f_01_1,31970,IH0,12210,with,510.3066652512445,1353.4872420490667,3035.223115069149,530.2496531199896,1383.6354676206374,3038.9120522346766,502.4605422462728,1579.045170509504,2851.452868067093,0.0500000000001819,W,TH
DCB_se2_ag1_f_01_1,31973,OW1,12211,so,640.2219753976254,1306.2665519446164,3199.4939359628524,805.8606640066381,1523.5371600167252,3082.1561274466217,729.7302010948013,1580.8799125996507,3148.6228923241715,0.12000000000034561,S,EH1
DCB_se2_ag1_f_01_1,31974,EH1,12212,effortlessly,784.5887407208036,1852.6822369961453,3104.6855679493965,821.0717676599824,1587.9313062133165,3041.140499030558,795.2984884541901,2113.5656551820184,2808.8548779144962,0.08999999999969077,OW1,F
DCB_se2_ag1_f_01_1,31976,ER0,12212,effortlessly,531.19971065965,1706.780838360547,3121.9782801082133,556.976399606503,1572.5113811794329,3091.7422175968395,523.7859004639163,1717.6186526911072,3133.681835258807,0.04000000000041837,F,T
DCB_se2_ag1_f_01_1,31979,AH0,12212,effortlessly,500.8897842695176,1870.5730493721724,3199.3991079270068,522.6393178470006,1798.011241000509,3198.1330460482054,500.59998035232354,1957.4305428188193,3200.2145892863514,0.07999999999992724,L,S
DCB_se2_ag1_f_01_1,31982,IY0,12212,effortlessly,512.021759438733,1184.9485702230681,3067.538655488142,782.4885952272781,2647.7227413236906,3422.014692231581,522.842770666618,3096.570709781961,3905.5988719119387,0.2699999999999818,L,
DCB_se2_ag1_f_01_1,31985,IY1,12214,he,531.5288844691419,2798.3555295619335,3157.0248897170686,559.7779759771578,2932.1615365858443,3464.8749543493273,559.7779759771578,2932.1615365858443,3464.8749543493273,0.05999999999994543,HH,D
DCB_se2_ag1_f_01_1,31987,EH1,12215,definitely,819.7073090010538,2136.9741612366056,3134.1418140610854,822.3347527292665,2163.39551402934,3168.210520411232,533.2480440810041,2273.1008921467255,3179.3834298948022,0.11999999999989086,D,F
DCB_se2_ag1_f_01_1,31989,AH0,12215,definitely,569.3042195275058,1979.9818539400028,3105.91724278804,574.8575807848174,1706.8786207377739,3294.1198183169645,507.2564932687078,2238.933260986769,3163.572688436952,0.04000000000041837,F,N
DCB_se2_ag1_f_01_1,31991,AH0,12215,definitely,540.2246092974319,2306.653663633551,3363.9330675263814,542.7972775804443,2278.0641438500256,3371.1586814268326,517.196976334436,2430.489122043043,3368.543497615682,0.0500000000001819,N,T
DCB_se2_ag1_f_01_1,31994,IY0,12215,definitely,534.7893140202817,2667.345592483208,3172.430991000868,545.8106644732917,2659.2493880931347,3151.859745638148,538.0804485512724,2681.1073999818777,3168.885229770213,0.05999999999994543,L,D
DCB_se2_ag1_f_01_1,31996,AH1,12216,doesn't,714.7048673745853,1870.5392753775643,3215.99668063983,736.0751202970378,1871.9237016435166,3329.6625477063058,556.8042126313514,1991.5277096485297,3181.151836584561,0.07999999999992724,D,Z
DCB_se2_ag1_f_01_1,31998,AH0,12216,doesn't,510.28459428090105,1606.8299977400245,3380.394409593501,598.7136072632856,1708.3869275181169,3504.7693696434308,496.52818671409295,1714.5901851694334,3053.6377176189417,0.02999999999974534,Z,N
DCB_se2_ag1_f_01_1,32002,AA1,12217,wanna,751.0888615058367,1478.624794852323,3550.473104305196,792.4156297448743,1156.598189935885,3258.5546650939923,693.4886565031136,1548.0648293091908,3402.320253353701,0.04999999999972715,W,N
DCB_se2_ag1_f_01_1,32004,AH0,12217,wanna,489.0595409439347,1529.0199061995866,3209.6147286184364,615.0766790956519,1439.3796095276184,3201.06455801649,561.5115401344282,1731.2088253107725,3474.06558508425,0.08999999999969077,N,B
DCB_se2_ag1_f_01_1,32006,IY1,12218,be,551.5177208580724,2771.190307824905,3117.975753969082,555.0252952815775,2867.962906237489,3088.754648233479,550.3972706135552,2884.1071123021784,3078.9700131835466,0.0500000000001819,B,DH
DCB_se2_ag1_f_01_1,32008,AH0,12219,the,570.6126429386738,2016.1560725556014,3498.9647027582864,618.0180600920033,1888.7043206501264,3453.073553266857,531.2035741860856,2036.2469621067398,3389.8673805151693,0.03999999999996362,DH,N
DCB_se2_ag1_f_01_1,32010,EH1,12220,next,711.123352776828,1946.930477808241,2110.865600988498,717.0760513011944,1987.678702534934,2232.2870071442894,710.7477814387969,2145.091091353542,2152.870399953082,0.07999999999992724,N,K
DCB_se2_ag1_f_01_1,32015,AY1,12222,i,1032.9180131958622,1775.4312997260363,2382.577991291382,1157.9900263766601,1926.270974175362,2828.050215659848,1004.154730849928,2235.0362814566924,3570.3454573648446,0.15999999999985448,,JH
DCB_se2_ag1_f_01_1,32017,IH0,12223,just,586.6546992206469,1877.1444536550198,3330.6149425242074,621.062766094487,1902.4328026889184,3369.025681713331,597.2693578679282,1930.0311479594368,3361.9644710065472,0.04999999999972715,JH,S
DCB_se2_ag1_f_01_1,32020,AO1,12224,saw,564.006830600487,843.5331592469281,3376.451998499136,598.9914866309779,1100.264573924809,3466.455413289028,598.959682915866,1105.3564250434854,3461.040298899352,0.09000000000014552,S,IH0
DCB_se2_ag1_f_01_1,32021,IH0,12225,him,695.2199493873607,1620.186285176433,3202.150800545778,745.0047689369146,1652.1823075588661,3207.356468353622,744.1889740016262,1659.1999593722621,3216.5719911332276,0.11000000000012733,AO1,M
DCB_se2_ag1_f_01_1,32023,AH0,12226,about,516.4313581615928,1234.0681420024937,2223.433072688381,567.0871849106252,1351.4288582990432,2293.4028358979667,567.0871849106252,1351.4288582990432,2293.4028358979667,0.02999999999974534,M,B
DCB_se2_ag1_f_01_1,32025,AW1,12226,about,818.3566107049104,1417.4996953250115,3087.6854219260804,867.3680970708119,1501.8198703811827,2947.5723443261213,857.2374755543594,1505.4357467659408,2930.5250360406903,0.07999999999992724,B,T
DCB_se2_ag1_f_01_1,32027,AH0,12227,a,540.0367535174524,1158.8424538062836,3163.4759557303346,658.0313917616093,1393.4894284713328,2837.3390828876886,658.0313917616093,1393.4894284713328,2837.3390828876886,0.09000000000014552,T,W
DCB_se2_ag1_f_01_1,32029,IY1,12228,week,495.6491798317067,2533.5197448901076,3021.3461291850986,548.7435685306956,2531.592320464585,2918.8502580635122,534.2013270837567,2545.59908568107,2976.561292973127,0.06000000000040018,W,K
DCB_se2_ag1_f_01_1,32031,AH0,12229,ago,480.0614590581658,1749.443757426566,3014.447709453758,621.705450054825,1880.9462106787855,2769.10571228675,560.9502035164659,1933.7168103724239,3001.6141930109115,0.10999999999967258,K,G
DCB_se2_ag1_f_01_1,32033,OW1,12229,ago,680.2356533634592,1170.8998841441482,3005.5433529007446,721.3275862590519,1405.8511001056502,3295.2987916298616,719.5947273520372,1411.39838422527,3270.3493792734353,0.15000000000009095,G,T
DCB_se2_ag1_f_01_1,32035,AY1,12230,type,730.1623635727996,2006.6226057129195,2699.559026736204,902.8333030042063,1675.9747833843164,2394.6276678556947,656.4265842549609,2231.1248608114906,2682.5231456199226,0.06999999999970896,T,P
DCB_se2_ag1_f_01_1,32039,OY1,12232,boy,620.6054761326295,1022.9037696940171,3338.003446506453,692.9995819683531,1142.9268260749445,3303.472412984849,584.6997969367682,2306.71320778475,3065.0353190804994,0.2899999999999636,B,sp
DCB_se2_ag1_f_01_1,32042,AY1,12234,i,908.4928666536691,1717.9845193273272,2828.7156646955755,998.0382393768792,1777.3827473752497,2608.688703231746,802.9936095845023,1770.5763689316034,3129.5411703527743,0.15000000000009095,,L
DCB_se2_ag1_f_01_1,32044,UH1,12235,looked,582.9754679454666,1588.6595059319236,3390.5837127500727,630.7936465025487,1617.3263699986815,3327.387218542401,544.4708422621171,1731.1489381255105,3408.7511151666117,0.11999999999989086,L,K
DCB_se2_ag1_f_01_1,32047,AE1,12236,at,789.6474322422717,2107.6716087783952,3097.700407229537,789.9283030382222,2108.387607569702,3096.451792081313,790.0707455521259,2108.7507235264206,3095.8185618445796,0.07000000000016371,T,T
DCB_se2_ag1_f_01_1,32049,IH0,12237,him,738.9052968023072,1773.4021732207498,3590.6673178850724,937.2487604753867,1415.0347989723564,3660.999022704029,744.1274471162125,2279.1487665798722,3495.489006843109,0.2699999999999818,T,M
DCB_se2_ag1_f_01_1,32051,AE1,12238,and,749.566368050546,2100.309732893151,3248.156893023408,761.3325641640906,1999.7399569867516,3205.7102837539474,703.4185394149488,2167.456058359433,3250.7866693428064,0.11000000000012733,M,N
DCB_se2_ag1_f_01_1,32053,AY1,12239,i,825.1093167112914,1759.2816843523651,2000.2262588845554,958.207428486733,1744.695566479918,2580.630479640073,895.7688991422835,1804.276830596191,2430.312704755039,0.07999999999992724,N,S
DCB_se2_ag1_f_01_1,32055,EH1,12240,said,579.7385680980539,1472.3214950122804,2277.0918787249557,628.208690491833,1781.618085504623,2831.2166107561225,597.8546772353592,2211.609812821001,3214.6678592078815,0.07000000000016371,S,D
DCB_se2_ag1_f_01_1,32058,AE1,12241,man,772.5874204225689,2542.823019703166,3392.826294062221,792.843074479738,2090.8986292147615,3342.2777520143404,771.9645961457618,2532.415046324432,3385.2731492249836,0.25,M,N
DCB_se2_ag1_f_01_1,32062,UW1,12243,you,530.737115241752,1787.2628772479738,3064.5171359830233,535.9984396065445,1117.6489837343627,2957.7808802572786,483.99071299402874,2665.8795783640076,3133.616566635676,0.05999999999994543,Y,W
DCB_se2_ag1_f_01_1,32064,IH1,12244,will,609.6644193085792,1554.186557291563,3313.3944216625396,615.0225937513088,1507.595045718011,3373.19085252487,607.1870220083592,1573.2693444720953,3280.698299038799,0.05999999999994543,W,L
DCB_se2_ag1_f_01_1,32067,IY1,12245,be,457.0970540417664,1748.6678317538385,3019.73903001005,1528.3661655224935,1756.3487389141167,3176.9521958798337,1422.5013824464934,2923.045512039692,3150.970110068619,0.25,B,
DCB_se2_ag1_f_01_1,32071,AH1,12247,but,711.7816754694373,1523.2302497501364,2955.6283213863253,818.72286656941,1612.817281109473,2944.9250065344127,818.72286656941,1612.817281109473,2944.9250065344127,0.03000000000020009,B,T
DCB_se2_ag1_f_01_1,32073,AY1,12248,i,891.1983628897624,1545.7858156999555,2970.871833322347,904.5096098101236,1598.6146648668391,2535.733066106026,899.3550489189092,1623.362185488701,2804.815317584525,0.07000000000016371,T,W
DCB_se2_ag1_f_01_1,32075,AH1,12249,wonder,804.0962341220264,1439.2040963068748,1765.7199814123696,811.543414469393,1586.5872368388116,2135.745746474586,806.278283528023,1691.2055598009554,3212.5480790376405,0.03999999999996362,W,N
DCB_se2_ag1_f_01_1,32078,ER0,12249,wonder,520.393849313963,1541.9559683994726,2254.890288318743,521.2268780321274,1463.172035922105,2253.310861430619,508.80599231719276,2291.5721298323438,3337.5532537504737,0.03000000000020009,D,IH1
DCB_se2_ag1_f_01_1,32079,IH1,12250,if,516.1439743300251,2323.1208515244916,3186.9613696040938,614.4666809954614,1178.3570780105117,2581.1025217393917,519.3154670101867,2267.0540232800945,3333.9643989883234,0.11999999999989086,ER0,F
DCB_se2_ag1_f_01_1,32082,IY1,12251,he,598.97135525027,2888.1681344212802,3028.9194682600514,601.0880622383357,2710.9972526155843,3013.99068818238,578.2472092993045,2855.347100338633,3013.172756421662,0.07999999999992724,HH,K
DCB_se2_ag1_f_01_1,32084,UH1,12252,could,517.0765405301977,2216.619406864906,3075.7710090966275,980.391659891036,2296.299574595529,3015.418423001429,980.391659891036,2296.299574595529,3015.418423001429,0.03000000000020009,K,D
DCB_se2_ag1_f_01_1,32087,IH0,12253,decode,445.86557883302345,1883.6592338978312,3079.0604153383233,539.5204052036805,1923.396214913802,3036.2642206462024,499.47517925117626,1990.3163585223913,3051.5533880854873,0.11000000000012733,D,K
DCB_se2_ag1_f_01_1,32089,OW1,12253,decode,630.0797148341982,770.0883608026435,2918.6682301452174,649.4207894307096,765.0810786747043,3095.4687736405817,542.5768285393627,1062.7776531166742,2559.278152928566,0.1999999999998181,K,D
DCB_se2_ag1_f_01_1,32092,AH0,12254,the,495.4952085414722,1166.2406315891722,3143.7927214543843,581.0032980463104,1277.9761472448697,3160.629383012637,510.4464529460234,1440.0657026000904,3187.1433850667063,0.03999999999996362,DH,sp
DCB_se2_ag1_f_01_1,32095,AO1,12256,morse,634.5232543615722,907.0816055420805,2395.6294416251553,671.4651533975776,964.5420950462128,2543.3711163841585,660.0101604559112,1587.3599652470411,3696.2702288852724,0.07000000000016371,M,R
DCB_se2_ag1_f_01_1,32099,OW1,12257,code,503.24635449202447,967.3060922202383,2589.2385413462434,652.9073602455236,1220.761642186084,3203.5503240625476,492.542299217438,1642.2396930105233,3404.7317447541404,0.2699999999999818,K,D
DCB_se2_ag1_f_01_1,32101,IH0,12258,in,588.136393815378,1967.3834471315013,3018.928934457801,639.91060924024,1855.923379597715,3064.3674551545823,562.250162641951,2005.6727193509441,3027.8044540747583,0.04999999999972715,D,N
DCB_se2_ag1_f_01_1,32104,AY1,12259,my,850.196799282985,1380.7817707007607,1994.031105332819,875.8349280204442,1232.7039711949913,1519.803058887367,863.7297186914676,1409.7006756608434,1772.3121796951684,0.04999999999972715,M,V
DCB_se2_ag1_f_01_1,32106,OY1,12260,voice,644.1774170771349,1355.615648608112,2904.4822256347657,657.6722796778615,1358.083298538339,2916.7724657139793,528.1315536738156,1788.188957400073,2601.220365265308,0.13999999999987267,V,S
DCB_se2_ag1_f_01_1,32109,EY1,12261,saying,670.0442247199528,2329.2220916682186,2499.8092064392945,679.4630112156708,2427.376704308741,3566.9198702922527,679.4630112156708,2427.376704308741,3566.9198702922527,0.1000000000003638,S,IH0
DCB_se2_ag1_f_01_1,32110,IH0,12261,saying,649.8359003008941,833.4019961870271,2420.9162512601165,679.4630112156708,2427.376704308741,3566.9198702922527,679.4630112156708,2427.376704308741,3566.9198702922527,0.02999999999974534,EY1,NG
DCB_se2_ag1_f_01_1,32113,AE1,12262,dang,726.0306037901825,2401.292860906095,3103.0449716453045,729.8817722834241,2396.3088416156033,3140.0292113936634,727.6056539990017,2423.518164216123,3187.161582482797,0.10999999999967258,D,NG
DCB_se2_ag1_f_01_1,32117,AY1,12264,i,907.012898820594,1466.3292152863992,2974.129260420758,959.5073920476135,1724.3489720351547,3168.590215801374,938.3708101386978,1764.37664360677,3007.767896887882,0.11999999999989086,,W
DCB_se2_ag1_f_01_1,32119,AH1,12265,wonder,783.1795938985781,1465.2872365395526,3382.7728448577213,798.0270831331309,1374.2710937920372,3442.7726174240206,736.7072287925619,1622.793135751257,3429.811727803538,0.03999999999996362,W,N
DCB_se2_ag1_f_01_1,32122,ER0,12265,wonder,502.6016975678859,2267.956773580502,3199.750848373631,524.5667318203494,2327.714116067236,3147.7113984030493,520.1863124592302,2336.0982110126693,3126.5043352560433,0.03000000000020009,D,IH1
DCB_se2_ag1_f_01_1,32123,IH1,12266,if,528.8259961975924,2246.0237565667458,3158.132133119298,533.0069418667802,2251.519022381595,3174.579646123841,512.818537139972,2333.1659955637624,3118.2394448469613,0.04999999999972715,ER0,F
DCB_se2_ag1_f_01_1,32126,UW1,12267,you,521.5125592612172,1401.3515217787228,3064.0063227575256,569.388395694481,2550.048778364054,3553.682197852752,544.7401137810582,2674.299593631522,3381.8599417832365,0.09999999999990905,Y,spn
DCB_se2_ag1_f_01_1,32129,IY1,12269,be,510.1030095961734,2564.4852628312897,3037.65925622294,637.8165794070214,1200.0750804662966,2070.0895051803,579.7183411581182,2655.6408433902257,2991.5347882284304,0.09000000000014552,B,AH0
DCB_se2_ag1_f_01_1,32130,AH0,12270,alive,545.8174308999321,1602.7216407542232,1907.038070598639,637.8165794070214,1200.0750804662966,2070.0895051803,632.4747853805877,1879.3283351201449,1995.5245533831235,0.05999999999994543,IY1,L
DCB_se2_ag1_f_01_1,32132,AY1,12270,alive,909.433502436432,1559.7178141469317,1733.6074386045586,927.1673134327657,1610.6281591564573,1907.0877617682809,803.9187697001233,1883.3341180170191,2966.966346110444,0.13000000000010914,L,V
DCB_se2_ag1_f_01_1,32135,UW1,12271,too,574.6664987867317,1215.7955367504169,3269.78050040275,621.1207213116021,1402.4775599879288,3249.235864604949,439.97830825078506,1749.2205108532407,3248.1818994580253,0.17000000000007276,T,
DCB_se2_ag1_f_01_1,32139,AH1,12273,but,629.3882721788738,1302.7834912218125,3148.5240903235344,629.1689028483662,1301.2834796252703,3151.5536892239897,624.5377954322296,1305.9343892471577,3136.866168649737,0.02999999999974534,B,T
DCB_se2_ag1_f_01_1,32142,IY1,12274,we,613.4712083824692,2423.5969033591414,3065.28320341552,614.5626080042828,2420.4737957073644,3065.1141769364167,507.0005714081798,2474.3499228805213,3053.0448160171277,0.07999999999992724,W,AO1
DCB_se2_ag1_f_01_1,32143,AO1,12275,all,680.1062574267258,1135.9338560272024,3160.8852080064407,685.7259020174454,1100.549423172836,3212.248861387963,503.11056965728005,1375.952136822596,3098.197395007904,0.11000000000012733,IY1,L
DCB_se2_ag1_f_01_1,32146,OW1,12276,know,585.9465489275332,855.9659582955935,3427.4781980917,672.9371978895817,1244.4036537384839,3676.34916977472,638.6015287218603,1459.1084690628165,3467.275020935081,0.17000000000007276,N,DH
DCB_se2_ag1_f_01_1,32148,AE1,12277,that,714.6302716363653,2022.0760764581073,3140.896425557319,715.7917174632273,2031.0624529120093,3136.2348670557294,710.876304575726,2038.262933940566,3140.599263741004,0.02999999999974534,DH,T
DCB_se2_ag1_f_01_1,32151,IY1,12278,these,549.6650245171883,2545.3792443037373,2954.6552942887847,571.2604287279995,2415.9242035873913,2946.0457803070094,540.3626278861142,2627.206413518629,2929.201763678289,0.0500000000001819,DH,Z
DCB_se2_ag1_f_01_1,32155,EH1,12279,questions,779.3705483694035,1821.324066313678,2850.487098999588,797.6293686650205,1561.342643403104,2978.6692599989306,662.5761394031576,1850.514420752741,3114.5255694187144,0.07000000000016371,W,S
DCB_se2_ag1_f_01_1,32158,AH0,12279,questions,538.1608033281847,1840.7284538695103,3049.654300676032,651.6638139047528,1854.5051539525393,3103.5602495038997,588.4698303201535,1937.6549020372756,3075.3872980833917,0.02999999999974534,CH,N
DCB_se2_ag1_f_01_1,32162,AH1,12280,come,758.8092745086877,1439.6289772640803,3171.3348416270205,815.5407601625751,1302.6881746103795,3283.5053663985345,672.7261780845986,1522.7696137186617,3144.2304711197226,0.03000000000020009,K,M
DCB_se2_ag1_f_01_1,32165,AH0,12282,along,671.8427198193401,1390.021913138991,3485.3074490487334,700.2137504604917,1339.998329268293,3277.3778421040697,651.0738970105373,1509.2866770841413,2074.5651921760514,0.09999999999990905,sp,L
DCB_se2_ag1_f_01_1,32167,AO1,12282,along,884.078076854151,1140.755834046921,3621.268828692933,920.8800406071114,998.7388089055107,2536.8060615833697,713.2596270232269,1532.0007198496041,3912.8521407892613,0.09000000000014552,L,NG
DCB_se2_ag1_f_01_1,32171,UW1,12284,too,654.9037532897745,979.3295341077377,3257.0064284252717,658.7955060359365,986.1191795593915,3253.47312584736,470.08289015925544,1646.236000224825,2642.4480647139835,0.13000000000010914,T,AO1
DCB_se2_ag1_f_01_1,32172,AO1,12285,often,708.2440462235298,973.5512559341655,3240.5011698073276,725.0862632155125,986.2214439054625,3408.6891355154276,605.6235344101635,1025.2705663888921,3044.355160067914,0.20000000000027285,UW1,F
DCB_se2_ag1_f_01_1,32175,AH0,12285,often,555.8006646188551,2084.11452735107,3271.7482135728333,653.9345469441787,2186.1918531901633,3196.204419715205,653.9345469441787,2186.1918531901633,3196.204419715205,0.02999999999974534,T,N
DCB_se2_ag1_f_01_1,32177,IH1,12286,in,575.9622871889962,2409.1077126784985,3197.6142552839133,661.368973959875,2483.7378344789636,3199.876656325622,653.6555853233249,2508.1554798522375,3234.4715083438177,0.11000000000012733,N,N
DCB_se2_ag1_f_01_1,32180,AH1,12287,young,793.6445390918268,1338.889852105689,3101.951176805569,822.8318268448073,1394.465513249331,3158.2392544432632,621.8497064403402,2301.5050186618387,3164.9381954931578,0.07999999999992724,Y,NG
DCB_se2_ag1_f_01_1,32183,AE1,12289,african,986.6793884836402,1699.4723629407429,2451.6672816413825,987.8198198323815,1693.6730855062965,2446.1380950788302,954.6465872202306,1796.8197478438744,2667.0424660673225,0.14000000000032742,sp,F
DCB_se2_ag1_f_01_1,32186,AH0,12289,african,531.675502296829,1368.496506472396,2334.306539528464,613.0112930347814,1279.4006940932147,2003.0408393127364,543.1775839579273,1503.0721720634974,2405.529758901893,0.05999999999994543,R,K
DCB_se2_ag1_f_01_1,32188,AH0,12289,african,604.7554885999098,2428.182479853342,3064.4355665746066,743.5267702978621,2285.119196877095,2993.521382405926,574.7348874736055,2457.494402957238,3070.165125034897,0.0500000000001819,K,N
DCB_se2_ag1_f_01_1,32190,AH0,12290,american,634.8357879490127,1576.379187856164,2829.0635205321764,686.7672566073619,1835.3263238402196,2891.190606857168,686.7672566073619,1835.3263238402196,2891.190606857168,0.05999999999994543,N,M
DCB_se2_ag1_f_01_1,32192,EH1,12290,american,692.5159955692498,1381.4682375825178,2275.0316591574688,708.3646734805654,1587.0994536560806,2239.5339197267554,708.000576324746,1586.3463110568612,2240.7922835018685,0.05999999999994543,M,R
DCB_se2_ag1_f_01_1,32194,AH0,12290,american,672.2954098662354,1579.803960078663,2451.4108220411485,720.1764061031358,1575.2779412831135,2235.1221410012445,629.1009817939429,1594.3244822449274,2249.1973153401036,0.06999999999970896,R,K
DCB_se2_ag1_f_01_1,32196,AH0,12290,american,514.282848721087,1145.6530869528635,2740.68500792971,696.4503579094669,1726.5599642288237,2770.5616273215483,509.76282119169497,1950.509615210713,3022.0973805823146,0.04000000000041837,K,N
DCB_se2_ag1_f_01_1,32199,AH1,12291,young,721.3828244441053,1157.6752917498611,3069.303678716299,735.990060845673,1210.97444516081,3083.215390803833,573.1525304636514,2998.321867309526,3087.1469038771197,0.07000000000016371,Y,NG
DCB_se2_ag1_f_01_1,32202,EH1,12292,men,663.7032712643418,2199.999364335909,3069.826707609364,671.869937038284,2225.372916714245,3283.9259125884655,669.8217679349907,2225.773025829471,3180.9376690976496,0.05999999999994543,M,N
DCB_se2_ag1_f_01_1,32205,AY1,12293,lives,887.8031195599035,1794.4177437692795,2108.135180844592,995.8092959528942,1915.9756414430065,2573.3910557598083,997.6190393382684,1946.0648505062366,2717.031886352609,0.2600000000002183,L,V
DCB_se2_ag1_f_01_1,32211,IY1,12295,we,521.7057064785505,2275.624555115493,3034.2754436057926,525.640800953646,2294.726402070491,3046.5092406392787,511.9352930697154,2320.7066145729,3057.4785627027222,0.06999999999970896,W,AO1
DCB_se2_ag1_f_01_1,32212,AO1,12296,all,694.0622512270887,1173.2502990201717,3220.7616402429626,693.8171408555841,1171.7094413596176,3225.8776922809243,617.9288875913421,1347.1216420239605,3163.237176081025,0.09000000000014552,IY1,L
DCB_se2_ag1_f_01_1,32215,OW1,12297,know,675.8595607465184,1480.6254908196215,3589.919189462826,817.0758834853533,1321.1976975032096,3284.9921975617403,724.2069829790694,1838.432175090876,3626.8618138751553,0.3200000000001637,N,
DCB_se2_ag1_f_01_1,32218,AH0,12299,that,583.8308557744768,1958.015538600285,2956.2419666037745,585.3791691197911,1959.9600660374597,2961.070917026012,585.4772100264294,1960.0831956568618,2961.3766914862917,0.02999999999974534,DH,T
DCB_se2_ag1_f_01_1,32221,EH1,12300,they're,635.4680888390427,2096.6019401465255,3003.3127867248445,659.4944461957615,2116.528747327425,2922.543085047789,657.3137467951793,2115.9421719671586,2917.0119698864664,0.04999999999972715,DH,R
DCB_se2_ag1_f_01_1,32224,AO1,12302,all,526.8740962636768,1092.0111288063256,3164.555415769682,953.9376869234491,1877.0630672733203,3104.212555356453,695.7992756951586,2018.9106131211147,3263.6766316242356,0.06999999999970896,sp,L
DCB_se2_ag1_f_01_1,32227,UH1,12303,put,629.889904068627,1198.0480263765278,3312.013700959956,634.171358964059,1275.9897060502983,3255.1382446345065,627.5571831143944,1304.5792207104132,3216.73255509369,0.02999999999974534,P,T
DCB_se2_ag1_f_01_1,32229,AO1,12304,on,693.6360286549583,1254.3404192809205,3483.853181811607,712.843283348842,1279.3051278853975,3596.734090337807,666.2037108843258,1371.6568773804024,3450.9921672766413,0.02999999999974534,T,N
DCB_se2_ag1_f_01_1,32232,AH0,12305,the,575.6729484841459,1382.807422233235,3097.45629445524,651.4798469220386,1501.921734681269,3068.950504014769,588.0432551412991,1585.6783192534199,3093.326527980648,0.07000000000016371,DH,P
DCB_se2_ag1_f_01_1,32234,EH1,12306,pedestal,818.8056386448362,1797.4240220928984,3134.32632490875,914.81351401307,1880.7706191350974,3214.0358134155395,771.1330105836778,1993.8881274234088,3177.71882560888,0.07000000000016371,P,D
DCB_se2_ag1_f_01_1,32236,AH0,12306,pedestal,504.5509570592297,1916.7913377764805,3266.411205577424,663.1948606875958,1945.8395564562688,3252.953930009432,584.3458544418462,1950.8270279284486,3224.819915410003,0.0500000000001819,D,S
DCB_se2_ag1_f_01_1,32239,AH0,12306,pedestal,516.9656167676026,1336.7292790531312,3262.4669634090046,522.1509103362735,1469.286195093497,3228.5698414656817,522.8034741432962,1474.4745365487533,3222.470929825111,0.05999999999994543,T,L
DCB_se2_ag1_f_01_1,32243,AH1,12308,of,729.0733916296189,1700.368974605655,3053.834702893531,906.9410695663073,1631.4618778768163,3318.873089219837,733.4002716549506,1901.6558051823406,3120.6173808592935,0.09000000000014552,,V
DCB_se2_ag1_f_01_1,32246,IH2,12309,disappointment,478.7255854703185,1946.9016391874916,3287.5695291725833,481.339666672484,1936.8614877153366,3288.0719370334673,479.66989083926325,1965.9893607334084,3306.5523285101112,0.05999999999994543,D,S
DCB_se2_ag1_f_01_1,32248,AH0,12309,disappointment,504.69792443619787,1459.9656370014966,3082.431368811128,541.5685752956401,1558.3859489938538,3024.6178241822304,528.8735445134724,2130.164036907459,3039.089224572828,0.07999999999992724,S,P
DCB_se2_ag1_f_01_1,32250,OY1,12309,disappointment,684.3552176826558,1530.2242919953062,3354.7378188127923,752.5276579460714,2591.7236646459046,3082.176765330108,708.6800168380323,2502.4143953009993,3106.510316102647,0.09000000000014552,P,N
DCB_se2_ag1_f_01_1,32254,AH0,12309,disappointment,548.6176670767345,2069.285163636183,2779.2869525363585,629.1272144627164,2127.4228540255535,3177.16369391689,629.1272144627164,2127.4228540255535,3177.16369391689,0.03000000000020009,M,N
DCB_se2_ag1_f_01_1,32258,EH1,12310,well,535.4779905791198,1227.3207590931233,3241.755601543047,638.0042955068468,1125.569722199306,3281.6634670247668,528.3274209672654,1263.4965908445322,3069.440700837948,0.07999999999992724,W,L
DCB_se2_ag1_f_01_1,32261,IY2,12311,before,531.6812852035583,965.6942421240317,2749.0336391803294,778.2562082758127,2166.2244759706227,3276.53199002402,656.7503369427965,2287.855577727539,3203.482425949783,0.07000000000016371,B,F
DCB_se2_ag1_f_01_1,32263,AO1,12311,before,549.9194551173241,819.3408708135444,3428.3182816358894,586.932505418304,806.5337800790857,2740.6706315525794,580.488016348166,1500.5352172530356,3386.2157028724764,0.11999999999989086,F,R
DCB_se2_ag1_f_01_1,32266,EH1,12312,they're,632.9522603967912,2005.4640794189024,3658.5842140225595,636.0003521871647,1988.3570737125003,3663.963103544939,617.8230636214159,2038.0019113612868,3600.276785288716,0.03000000000020009,DH,R
DCB_se2_ag1_f_01_1,32269,UH1,12313,put,582.7923997565237,1319.218636374493,3370.922875415603,659.900848193045,1422.714881288372,3278.244807951147,651.9868151508634,1420.1806377390242,3271.698192367818,0.05999999999994543,P,T
DCB_se2_ag1_f_01_1,32272,AO1,12315,on,586.9802697334317,1014.355646085297,3063.7363011885545,708.5454806966578,1367.5013296792522,3198.1968652640057,593.5773133866466,1472.9665206127881,3327.2365563199464,0.06999999999970896,sp,N
DCB_se2_ag1_f_01_1,32275,AH0,12316,the,597.7625631124788,1530.7773940661962,3096.0821574336733,669.1497780357233,1593.166875482883,3019.068986492927,658.1675924858096,1672.7307833682066,3180.3817582841307,0.07000000000016371,DH,P
DCB_se2_ag1_f_01_1,32277,EH1,12317,pedestal,799.6096381627715,1857.2831392730861,3174.319872241206,918.654804994316,1981.9403693958739,3140.924028446374,918.654804994316,1981.9403693958739,3140.924028446374,0.04999999999972715,P,D
DCB_se2_ag1_f_01_1,32279,AH0,12317,pedestal,551.9392015204385,1759.7332448502743,3290.9255386750315,730.675145454643,1805.1568730632268,3173.08715040264,601.2878437590008,1837.695088880319,3329.229786935179,0.05999999999994543,D,S
DCB_se2_ag1_f_01_1,32282,AH0,12317,pedestal,505.70690058206964,1229.721659739977,3282.312273719951,524.9187292080655,1159.0780909305777,3366.3519452986147,509.65314633597546,1527.9611052416249,3223.8992495108646,0.03999999999996362,T,L
DCB_se2_ag1_f_01_1,32284,AH1,12318,of,749.697261366045,1483.9662442906686,3304.713637903973,749.3293759368428,1485.0914850518047,3303.558320982236,734.0483963629847,1541.8635245641142,3241.719250480768,0.06999999999970896,L,V
DCB_se2_ag1_f_01_1,32287,AH0,12319,success,478.4363170169755,1847.0887323904508,2779.2448937244094,625.0829059364979,1945.9211571868457,2557.674771240764,625.0829059364979,1945.9211571868457,2557.674771240764,0.03999999999996362,S,K
DCB_se2_ag1_f_01_1,32290,EH1,12319,success,794.3818296686635,2064.462211858269,3213.496900570613,813.2159204467782,2018.3993411131794,3202.878799667467,794.3909058832645,2133.323577766837,3222.6059299364156,0.19000000000005457,S,S
DCB_se2_ag1_f_01_1,32295,AE1,12321,yeah,744.673220567856,2285.5808637707573,3382.8852040510815,859.0162352033119,2219.374576680242,3325.6301821070024,628.4095795504205,2524.1294917508058,3289.658477936284,0.07999999999992724,Y,sp
DCB_se2_ag1_f_01_1,32300,AY1,12325,i,934.8117211939798,1673.4210551135875,2424.5510704943513,1034.3404724783893,1725.750477756177,2385.015594331246,999.9606564501685,1902.1536761218256,2286.845907477911,0.13000000000010914,sp,AO0
DCB_se2_ag1_f_01_1,32301,AO0,12326,already,750.9776430712749,1379.6654982810685,2683.5526581606196,797.7278891627626,1363.6293165650075,2660.363432842783,776.3670451629844,1399.7992225437883,2334.7550091503676,0.03999999999996362,AY1,L
DCB_se2_ag1_f_01_1,32304,EH1,12326,already,799.4087495716013,1792.558900374873,2662.743742587492,831.0386487470986,1793.299885957041,2605.8259769937067,671.9260200868581,1889.2199174302482,2746.0697521240854,0.06999999999970896,R,D
DCB_se2_ag1_f_01_1,32306,IY0,12326,already,731.0524874837803,1342.1095187042158,2244.0110379840394,911.4970332303297,1356.6997991506096,2274.4009400186274,811.5446064305279,1420.2659786253046,2392.0086448779603,0.03000000000020009,D,AY1
DCB_se2_ag1_f_01_1,32307,AY1,12327,i,954.119486895929,1626.9863935224362,2182.1002637792008,985.7586751680027,1505.1435719362626,2157.4671315113733,961.913231108103,1674.3334284482662,2252.1419260477483,0.10999999999967258,IY0,R
DCB_se2_ag1_f_01_1,32309,AY1,12329,i,741.5360600673666,1230.52243715194,2208.9373549133393,830.7726890321388,1189.8244299536611,2012.8034864088636,716.3782053666115,1251.170811893662,2269.3588445622713,0.03000000000020009,R,R
DCB_se2_ag1_f_01_1,32311,OW1,12330,wrote,619.3139633866133,1213.257832880841,2837.3710313635515,783.050722751936,1378.9484730386475,2344.373067546998,756.1833825777925,1431.8789893307674,2103.248159196615,0.10999999999967258,R,T
DCB_se2_ag1_f_01_1,32313,IH0,12331,it,572.0152734152667,1687.8776809522503,2708.157016044537,639.1115418524157,1521.539929931397,2817.1205991935144,535.0723930809993,1740.0564914951015,2826.1635896043554,0.0500000000001819,T,T
DCB_se2_ag1_f_01_1,32317,AE1,12333,yeah,717.9946936798644,1952.1597458558642,3350.4919166434274,792.1760038494418,1865.983654938641,3105.798774436459,675.6122641737304,2185.001661427292,3268.6899466260484,0.1799999999998363,Y,sp
DCB_se2_ag1_f_01_1,32319,AY1,12335,i,611.1939719762613,1288.1852277977496,2673.2462330080075,922.4057127797338,1633.1658022579197,2435.596759503069,476.36631425378005,1904.2685620926704,3086.235543985166,0.29999999999972715,sp,
DCB_se2_ag1_f_01_1,32322,AY1,12337,i,957.8940018754591,1258.6418748573694,2228.3917342361,948.021887491507,1086.8436510855354,2479.356539913832,617.3159354023062,2135.87907340481,2577.3080378308896,0.12000000000034561,sil,sp
DCB_se2_ag1_f_01_1,32326,AE1,12339,yeah,736.6937182696445,1843.7578257494124,2955.1189811538034,784.2889855459663,1849.367914830412,2988.348976907794,605.5336335659521,2121.1671161043955,3134.611035422313,0.27999999999974534,Y,sp
DCB_se2_ag1_f_01_1,32328,AY1,12341,i,959.1009425684075,1753.0728313934349,2412.3524566514297,989.2179526320714,1761.22431360668,2449.7991440854476,929.29339878602,1793.8201625129902,2325.863716503566,0.08999999999969077,sp,R
DCB_se2_ag1_f_01_1,32330,OW1,12342,wrote,646.666477841528,1308.7457224040093,2638.4004766786893,688.5213501144352,1357.2293096545047,2662.0466410249237,580.4118156783566,1484.7689286485984,2795.1699695827524,0.09999999999990905,R,T
DCB_se2_ag1_f_01_1,32332,IH1,12343,it,530.0884674798114,1641.9333820821882,2872.420164178491,532.3990214628924,1616.4903367128034,2882.4127908705445,508.07441306090493,1983.6749024073476,2866.1158943895557,0.03000000000020009,T,T
DCB_se2_ag1_f_01_1,32335,AE1,12344,yeah,589.3507455900834,2212.572827985848,3014.3708537496586,637.3336404703308,2192.235094337989,3336.229494017864,569.6384801993644,2329.9136065429666,3156.3491207221664,0.09999999999990905,Y,K
DCB_se2_ag1_f_01_1,32337,AA1,12345,cause,576.8209619464672,1660.6150330495632,3287.537097644786,710.1558203467822,1752.7294438187164,2261.688405774864,587.7679053139624,1963.3753474940415,2311.746261559708,0.07999999999992724,K,Z
DCB_se2_ag1_f_01_1,32339,IH1,12346,it,558.3994370416592,2189.3166116377683,2353.182222282753,662.4194528025685,2045.0851397163026,3229.496542124071,637.7631049824366,2118.14508134043,3432.5584903016083,0.11000000000012733,Z,T
DCB_se2_ag1_f_01_1,32342,IH1,12348,it,516.9482943397197,1805.7752547336586,3114.286606432338,566.7820643045196,1825.8895122026881,3181.3518905447845,537.1146162153616,1893.020024921001,3176.3148665319436,0.0500000000001819,sp,T
DCB_se2_ag1_f_01_1,32345,AH0,12349,was,438.32356114786546,1567.9337294170143,2899.6692648999688,489.12867497895047,1558.9367937083455,2825.905722382072,432.75132098644275,1722.1746987630522,2766.9049353007367,0.05999999999994543,W,Z
DCB_se2_ag1_f_01_1,32348,IY1,12350,real,564.0015907860508,1548.3787836382724,2055.821751720176,601.0079910431735,1513.3743342128973,1874.1473685885717,578.9721840636828,1563.197242245063,1930.5989915246355,0.04999999999972715,R,L
DCB_se2_ag1_f_01_1,32351,IH1,12352,it,596.041927310101,1588.4244781920186,2860.849893800815,596.0835319191897,1593.1104393466946,2864.4223596570214,578.4901839663881,1770.2074874031778,2876.299440207477,0.04999999999972715,sp,T
DCB_se2_ag1_f_01_1,32354,AH0,12353,was,540.2549576996281,1529.2951767610393,2893.6441070006713,561.593595554438,1560.428568579212,3039.2284559331692,559.0809462415716,1582.5448622447277,3067.805540603105,0.02999999999974534,W,Z
DCB_se2_ag1_f_01_1,32357,IY1,12354,real,578.2011384892695,1387.4759875254842,2165.750950066165,578.685919176183,1390.6834708195083,2156.1456307447825,566.2886894790585,1555.60528409314,2035.9115316648836,0.03000000000020009,R,L
DCB_se2_ag1_f_01_1,32360,AY1,12355,life,867.7242283470925,1674.0290629742492,1931.0725709489209,1018.7281068309908,1137.1568755853189,1640.6333596648628,844.6716842280181,1731.2865881614769,1953.1711693968416,0.09999999999990905,L,F
DCB_se2_ag1_f_01_1,32362,IH1,12356,it,585.2448306608595,1770.4439827369717,2991.6953061576833,585.7224610861391,1781.475443627334,2995.550421636837,572.5406442610929,1838.545954779556,3021.1971081803945,0.03000000000020009,F,T
DCB_se2_ag1_f_01_1,32365,AH0,12357,was,436.711383059219,1289.642804411998,3074.7426795780502,459.46112394355356,1280.5425564939437,2981.380505587219,438.59073026168704,1335.656187721742,3164.209826447947,0.02999999999974534,W,Z
DCB_se2_ag1_f_01_1,32368,IY1,12358,real,571.8633610119382,1352.1026941920354,2328.2574054948877,571.670408023404,1350.0828221741356,2333.7404622443614,540.4999284957668,1367.447165166357,2669.6027143264087,0.03999999999996362,R,L
DCB_se2_ag1_f_01_1,32371,AY1,12359,life,711.2298595429988,1552.0463609705344,2370.887933575064,836.6348487262612,1307.735858282195,1702.4573350214278,608.1931496797122,2186.372519602674,2860.552688089897,0.08000000000038199,L,F
DCB_se2_ag1_f_01_1,32375,AA1,12361,cause,596.241687681964,1564.502374187701,3053.184632698364,1013.4327642031126,1525.7604275077822,2411.3144413626483,583.5036096968045,1605.4998277423763,2980.4858649841644,0.05999999999994543,K,Z
DCB_se2_ag1_f_01_1,32377,AY1,12362,i,886.7942939597856,1623.2516128584325,2475.3666161992496,916.1636393265368,1693.4047083322994,2415.3451705204416,722.3028323731531,1734.7215699401825,2547.613755667742,0.11000000000012733,Z,W
DCB_se2_ag1_f_01_1,32379,AH0,12363,was,477.83131439199053,1513.2955236804253,3211.390763381187,541.6473242687626,1434.8448083121625,3149.65619444627,453.9874965331838,1637.3476823354433,3191.2475327651377,0.02999999999974534,W,Z
DCB_se2_ag1_f_01_1,32382,IH0,12364,just,466.3920002189067,1857.736089071196,2983.5349231633927,470.0693304471887,1861.2221495169854,3055.5290079905817,469.01751910439583,1860.22504626791,3034.936841844381,0.03999999999996362,JH,S
DCB_se2_ag1_f_01_1,32385,EH1,12365,helping,881.6768749268846,1546.681183932075,3154.427613861479,882.5707042875181,1515.7415700825977,3188.7722885281078,856.2428778682774,1720.9816207422475,3444.0266002065214,0.04999999999972715,HH,L
DCB_se2_ag1_f_01_1,32388,IH0,12365,helping,546.3795575227234,1226.4297542160252,2050.1605530657052,611.116749959404,1320.6910932924868,2355.0732922552243,611.116749959404,1320.6910932924868,2355.0732922552243,0.02999999999974534,P,NG
DCB_se2_ag1_f_01_1,32390,IH0,12366,him,638.8037686329616,914.2746313303265,2008.9479105582911,683.6456076278777,909.7152996327217,1899.3257919815264,602.3626971177293,996.8290281534576,2090.5348449830644,0.02999999999974534,NG,M
DCB_se2_ag1_f_01_1,32393,IH0,12367,with,661.750160513259,1442.2657075380675,3224.0510844211362,673.8629338299149,1565.4278189074425,3205.8632661037473,652.1364008451994,1629.7258483606083,3206.369761533994,0.03999999999996362,W,DH
DCB_se2_ag1_f_01_1,32396,IH0,12368,his,519.7961436432979,1849.487227158747,3017.4248144862786,530.117684718174,1883.3554854484346,3135.0268431342633,512.8893597691969,1985.2160043255672,3031.035475387038,0.03999999999996362,HH,Z
DCB_se2_ag1_f_01_1,32399,OW1,12369,homework,673.6229025148327,1052.8105014811172,1856.7620067601154,742.5000605803178,1162.7318087360393,1634.973673643236,711.9518741833082,1922.5930046429921,3493.4319123873424,0.13999999999987267,HH,M
DCB_se2_ag1_f_01_1,32402,ER2,12369,homework,632.7434901059106,1537.15653764954,3001.6025943238824,681.4278721675548,1282.0964472403027,3002.7112932431137,635.3737079474521,1561.6280483175856,2651.310284724299,0.03000000000020009,W,K
DCB_se2_ag1_f_01_1,32406,AH0,12371,and,779.1077535799685,2195.883590186796,3249.887638583114,917.9218856694554,1950.589395274786,2891.4509897149624,899.092050443433,2198.0726639283075,2702.1126107625505,0.05999999999994543,sil,N
DCB_se2_ag1_f_01_1,32409,AY1,12372,my,742.4420624051103,1364.0403766432469,2642.7008192069147,758.5673186197159,1552.333501430078,3190.601572851602,716.4235575271991,1633.4146467127825,3323.8750043740156,0.04999999999972715,M,M
DCB_se2_ag1_f_01_1,32411,AE1,12373,man,744.8664855457382,2130.3437993531725,2932.765861172663,800.8506027151426,1959.4271031489054,3199.6354872510065,731.5836469627885,2241.9912690576703,2994.7022544656606,0.1000000000003638,M,N
DCB_se2_ag1_f_01_1,32415,AY1,12375,like,813.6054895543159,1910.2249785145295,3088.1456876518723,817.1212355402017,1900.2103567488,3093.6986494396247,802.3647940988202,1909.895336315774,3105.3981216326865,0.03000000000020009,L,K
DCB_se2_ag1_f_01_1,32417,AY1,12376,i,1094.7168569041742,1614.2500456217624,2883.0013796187554,1123.0462116973154,1605.7618507968916,2752.130405672775,858.9510967329065,1764.792600756651,2976.348247589445,0.09000000000014552,K,W
DCB_se2_ag1_f_01_1,32419,AA1,12377,wanna,733.2593949158226,1475.8157686943296,3354.8549079718873,735.9626413371803,1440.3983917424978,3384.370484563146,673.142782987547,1551.507176422247,3410.1806566433766,0.03999999999996362,W,N
DCB_se2_ag1_f_01_1,32421,AH0,12377,wanna,558.8268829675295,1720.8666309891153,3035.412502235829,593.106598935261,1870.6931943142513,3311.2130254079516,571.0729068571795,1900.23020981506,3357.874958870528,0.05999999999994543,N,B
DCB_se2_ag1_f_01_1,32423,IY1,12378,be,476.36722826751225,2383.20385238721,2983.660124383626,657.9800325215629,1800.724709734784,3308.54538641954,463.7180392777247,2622.13367688147,3036.9475190852095,0.09000000000014552,B,AH0
DCB_se2_ag1_f_01_1,32424,AH0,12379,alive,520.3044876264629,1867.8803664901773,2118.423805290232,661.5351505478679,1792.1298758854853,3314.1670091691067,546.4100091868473,1879.7540496055924,2013.806824966352,0.08999999999969077,IY1,L
DCB_se2_ag1_f_01_1,32426,AY1,12379,alive,985.9598098859988,1880.5418105212916,3194.9561246953353,1295.8284369182943,1961.9659758895302,3211.086443278805,1114.4186550542247,1988.0851690916188,3508.782534761561,0.20000000000027285,L,V
DCB_se2_ag1_f_01_1,32429,AH0,12381,and,776.0165420158081,1640.8648670472376,2647.6227233454083,824.8573496127811,1810.7047779531101,2790.5586735847137,824.8573496127811,1810.7047779531101,2790.5586735847137,0.07000000000016371,sp,N
DCB_se2_ag1_f_01_1,32431,AH0,12382,i'm,779.8012304805192,1299.0591501728388,3397.25746360091,861.8766633740471,1089.6314015133719,3435.627295973757,607.3444573479967,1755.8749828231926,3193.5880247642017,0.06999999999970896,N,M
DCB_se2_ag1_f_01_1,32434,AY1,12383,like,793.2873524618846,1839.696727878776,3299.3690559171596,836.0519196233674,1703.562317582665,3382.1469031444417,776.0664388673118,1870.1201464560156,3324.4693792134894,0.05999999999994543,L,K
DCB_se2_ag1_f_01_1,32438,AH1,12385,what,696.9621122331885,969.8230001445091,2294.3771912247275,890.4219334369592,1487.935965691939,3574.706890257724,890.4219334369592,1487.935965691939,3574.706890257724,0.03999999999996362,W,T
DCB_se2_ag1_f_01_1,32443,AH1,12387,what,672.8298612811224,1616.4953853717645,2970.082512546636,816.7789782210347,1615.3629809935494,2983.25595525528,673.9211454625075,1616.1382712607062,2969.8487237997247,0.02999999999974534,W,T
DCB_se2_ag1_f_01_1,32446,UW1,12388,do,342.66656286532276,1217.7737123194645,2838.0514109510805,396.765609178276,1177.7662879927238,2810.7797009682417,364.825151472494,1273.0781822667766,2875.871446496024,0.03000000000020009,D,Y
DCB_se2_ag1_f_01_1,32448,UW1,12389,you,455.93252692351825,1312.915512078785,2345.093899091948,756.9897421849922,1526.3105045294285,2898.901402480248,335.66771890482914,2774.5715917780453,2833.1588378907063,0.3000000000001819,Y,M
DCB_se2_ag1_f_01_1,32450,IY1,12390,mean,595.0116147216078,1966.9399449766563,3117.6091046235397,763.6956499342058,1642.207872373218,2667.6627181286017,602.8244136193485,2731.552629202128,3196.539270354136,0.36000000000012733,M,N
DCB_se2_ag1_f_01_1,32454,IH1,12392,it,748.4010168585364,2161.1734049084316,3152.6830637253706,772.1827210108379,1989.2040587395907,3046.4654672298843,544.8670994666467,2193.255817441868,3237.257392638554,0.07999999999992724,,T
DCB_se2_ag1_f_01_1,32457,AH0,12393,was,516.4564776299267,1447.8513571577316,3227.350575607116,528.3440846709909,1341.4161346644569,3205.618581247721,514.7824707856046,1444.3930344336163,3234.3048381097265,0.03000000000020009,W,Z
DCB_se2_ag1_f_01_1,32460,IY2,12394,before,606.748061719408,1135.1714824867736,3065.067870858698,625.05897049404,2001.057954906814,2873.3931193090493,625.05897049404,2001.057954906814,2873.3931193090493,0.07000000000016371,B,F
DCB_se2_ag1_f_01_1,32462,AO1,12394,before,507.73623524565204,921.1382138699722,3024.731978862091,575.1294925270859,1075.7504524660112,2980.9089329347094,575.1294925270859,1075.7504524660112,2980.9089329347094,0.03999999999996362,F,R
DCB_se2_ag1_f_01_1,32465,AE1,12395,that,629.7355372953423,2017.13849756434,3028.940554408513,697.489892112733,2047.179197084852,2974.9816730632115,666.5470074866676,2074.4830035850487,3129.0117403873373,0.03999999999996362,DH,T
DCB_se2_ag1_f_01_1,32468,IH0,12397,it,602.3546905718525,1784.564030154496,2908.3494532271175,766.7698347704851,1863.3521787246646,2564.3941409394747,761.0655112425909,1861.946633547634,2620.035696136858,0.03999999999996362,sp,T
DCB_se2_ag1_f_01_1,32471,AO1,12398,was,527.3474704282055,1453.1144935913055,3150.9186555522538,578.0585243791229,1405.2287791606607,3340.7908030480507,463.1168254695403,1607.5468616356427,3121.7876841239668,0.09000000000014552,W,Z
DCB_se2_ag1_f_01_1,32474,IY2,12399,before,550.7860185769772,1053.1891344832784,3006.2906584067855,756.4169243230975,1334.6815071839385,2978.074125878863,633.1860678239698,1512.5147148961541,2764.5742501878644,0.08999999999969077,B,F
DCB_se2_ag1_f_01_1,32476,AO1,12399,before,568.2240573963244,1106.6626534584445,2428.85092246885,621.3176323556763,1003.8139260223331,2322.923645910385,594.0444960049052,1332.689046052845,2360.244597642004,0.04999999999972715,F,R
DCB_se2_ag1_f_01_1,32480,AH0,12401,that,631.4500136839386,1794.2837367929087,2862.1188126714655,697.8413334177585,1971.9489724576094,2908.1567338548216,697.72861687706,1991.053853306541,2912.641207937667,0.03000000000020009,DH,T
DCB_se2_ag1_f_01_1,32483,IH0,12403,it,880.5850972556415,1597.0866237701334,2770.3901974179803,997.0715589560882,1450.6296631259895,2531.806389408272,912.1390941774325,1951.6729956558233,2919.7773667948168,0.05999999999994543,,T
DCB_se2_ag1_f_01_1,32486,AH0,12404,was,489.6322065261919,1427.190689329814,3132.0282963787927,493.8939717461408,1484.6293245701972,3157.8194217097935,489.89088449147596,1559.1214305523413,3205.0816179207327,0.03000000000020009,W,Z
DCB_se2_ag1_f_01_1,32489,IY2,12405,before,484.83134400225805,1096.1234562845286,3068.925967659194,709.3288540574707,1512.9943758082018,2759.2360795917707,623.3634114429245,1527.361162781694,2662.2610664268136,0.07000000000016371,B,F
DCB_se2_ag1_f_01_1,32491,AO1,12405,before,567.3392692072804,1225.5388319231038,2689.568406554463,597.6304806171242,1351.9402027977198,2538.8914324504885,573.9063883369575,1364.4888971097162,2520.668309422145,0.03000000000020009,F,R
DCB_se2_ag1_f_01_1,32494,AH0,12406,that,576.2379067066472,1840.0243516000007,2910.5036574948767,627.8062517585358,1781.4248343309673,2789.1843492992434,576.4196641279244,1843.4159788163956,2910.5038697627856,0.03000000000020009,DH,T
DCB_se2_ag1_f_01_1,32501,IH1,12410,it,755.0205564941836,1153.4375800330042,2124.6584267943513,755.1272753589873,1152.3828111687194,2124.3279420031026,653.1324112375788,1965.9560609360099,2374.1912025178767,0.06999999999970896,,T
DCB_se2_ag1_f_01_1,32504,AH0,12411,was,590.571201000252,1394.8556415662517,2850.55147426498,602.1231375278874,1465.2243206297376,3261.640255096725,601.2470087044085,1485.0517274797264,3256.667152180409,0.03000000000020009,W,Z
DCB_se2_ag1_f_01_1,32507,AY1,12412,like,603.4727170876517,1228.6121466550737,2630.297472032619,604.9647932627148,1099.3913794180453,2505.231454452868,601.3350305253755,1950.797875083322,3359.144513911208,0.03000000000020009,L,K
DCB_se2_ag1_f_01_1,32509,IH1,12413,it,521.8364403966906,2370.2263820850853,3099.4183606380334,585.0699865067836,2262.394914886959,3120.705274542131,536.03767422593,2377.4436825014845,3083.7818579939767,0.03000000000020009,K,T
DCB_se2_ag1_f_01_1,32512,AH0,12414,was,568.2809704915104,1569.1623454400408,3080.745966440532,586.2102013761138,1587.4165412138598,3046.2061081027327,586.6196715467155,1588.019156436813,3039.814465345435,0.03000000000020009,W,Z
DCB_se2_ag1_f_01_1,32515,AY1,12415,like,596.0968289805862,2107.6982861083284,3162.8872575350497,596.9364564620838,2083.0626913269825,3165.8290365416724,515.9635260057673,2286.3268668602077,3134.2177489272144,0.02999999999974534,L,K
DCB_se2_ag1_f_01_1,32517,IH1,12416,in,571.0560446888968,1815.2948554054683,2489.2312630636607,635.423597864322,1462.1982822917116,2253.505582093457,540.3288041209331,2332.2691350612886,2459.044302021066,0.04999999999972715,K,N
DCB_se2_ag1_f_01_1,32520,AH0,12417,the,698.9180392025548,1729.030330701144,3039.306386353182,702.9173229571816,1724.6528184644324,3051.8045729193154,683.5996876559782,1851.5502870753546,3178.4612874360228,0.07000000000016371,DH,M
DCB_se2_ag1_f_01_1,32522,IH1,12418,middle,642.1719361787494,2114.495135348692,3048.1349881835345,645.6032637851596,2107.2837218219065,3041.205330610677,640.3735665217533,2114.930192806365,3053.1845332188645,0.04999999999972715,M,D
DCB_se2_ag1_f_01_1,32524,AH0,12418,middle,527.6041297865718,1293.7424793580897,2790.721389890984,583.4190402542446,1507.4227084128336,3038.343003076132,551.5126428556866,1738.745837087954,2877.35293648806,0.05999999999994543,D,L
DCB_se2_ag1_f_01_1,32527,IH0,12420,it,516.5171417714922,1674.3447791922615,3018.171997963515,618.0336107833855,1444.4227320673256,2599.465011609274,511.0182051888951,1690.2445111491952,3020.444583258705,0.03000000000020009,sp,T
DCB_se2_ag1_f_01_1,32530,AH0,12421,was,455.7108020732497,1373.378758787818,2707.8582572495598,469.457780677963,1393.737462491945,2671.643624965955,436.0628098140853,1484.0386469541534,2746.658585445648,0.03999999999996362,W,Z
DCB_se2_ag1_f_01_1,32533,AY1,12422,like,677.7179917772373,1896.6428626446839,2301.2638809193218,682.5485963156416,1887.3300037521212,2731.3262399218734,657.9679045702161,2076.51374314769,2859.344316311319,0.02999999999974534,L,K
DCB_se2_ag1_f_01_1,32535,IH0,12423,in,511.32200734880973,1939.0603243231765,2713.875598874256,556.3915873455044,2052.6583607929924,2573.303400887882,556.3915873455044,2052.6583607929924,2573.303400887882,0.03000000000020009,K,N
DCB_se2_ag1_f_01_1,32538,IY0,12424,the,424.05781064346536,2199.2892838918365,2694.1899697023437,498.50538894618967,2151.636890945409,2412.9422429975166,482.467861942702,2322.0905737810226,2475.0077431002205,0.03999999999996362,DH,M
DCB_se2_ag1_f_01_1,32540,IH1,12425,middle,552.7087862974936,1867.9907368890297,2665.3950401277707,689.0068345842801,1764.112664383172,2787.725475867802,551.3050753760405,1907.5465219614107,2666.3898809436546,0.05999999999994543,M,D
DCB_se2_ag1_f_01_1,32542,AH0,12425,middle,760.9430423528064,1435.5174395786753,2462.777240409278,782.0014938005919,1378.070995227582,2489.794694698329,738.4937251244803,1542.106378907656,2511.8831856639717,0.03000000000020009,D,L
DCB_se2_ag1_f_01_1,32546,AE1,12427,yeah,692.6279436967749,1997.3032499890076,3110.8583116163186,778.5239635782442,1864.169123371941,2964.683459030106,575.2736795713755,2187.8556291296036,2544.7766489341716,0.13000000000010914,Y,B
DCB_se2_ag1_f_01_1,32548,AH1,12428,but,679.8578506450432,1535.537423903936,3071.6634309620013,679.876844206406,1536.6753478527323,3072.085215647309,671.1379269940599,1666.5456206946465,3163.9246112388914,0.03999999999996362,B,T
DCB_se2_ag1_f_01_1,32551,IH1,12430,it,633.985984123613,2191.679237672977,3119.0937686272036,701.6619307598198,2253.336186257661,3131.2940401554984,700.2417563270477,2252.847183183359,3132.136919242031,0.03999999999996362,sp,T
DCB_se2_ag1_f_01_1,32554,AH0,12431,was,519.2254252094039,1626.7228930839067,3039.2807198849778,526.7595801872166,1599.8980563981427,3035.905552274673,512.4659255307479,1750.0851236745227,3101.5295237269497,0.02999999999974534,W,Z
DCB_se2_ag1_f_01_1,32557,IH0,12432,just,491.1470768607412,1781.4095499530117,2880.231600366512,516.4494575905164,1792.6613243205043,3097.736273235162,511.9675757339062,1803.9618224068258,3112.2258860584247,0.03000000000020009,JH,S
DCB_se2_ag1_f_01_1,32560,IH1,12434,it,836.6001161557743,1698.547858951397,2932.0817593324437,1368.0207137813852,2111.884123355854,3418.3797232064253,1429.924277932009,2262.464517005966,3505.2188714956205,0.05999999999994543,sp,T
DCB_se2_ag1_f_01_1,32563,AH0,12435,was,514.1727965255014,1891.04817125549,3107.5255411061044,532.919635912245,1881.1230116013999,3022.903167599569,519.8261553508038,1925.7765559365394,3127.3694512484844,0.03000000000020009,W,Z
DCB_se2_ag1_f_01_1,32566,IH0,12436,just,533.6149649966709,1849.3970003838647,3119.4042583567007,547.4641670193073,1928.7678071082019,3148.920997858637,495.51107430460917,2042.3246535336234,3017.622654014972,0.04999999999972715,JH,S
DCB_se2_ag1_f_01_1,32570,EY1,12437,crazy,594.4370615927544,2618.678127894646,3093.361806532154,631.7100773262811,1879.3805627222234,2559.0219226849313,582.991654469165,2727.984343729371,2771.090220699829,0.15999999999985448,R,Z
DCB_se2_ag1_f_01_1,32572,IY0,12437,crazy,492.16746459437536,1976.708723089597,3115.444612622592,512.8763247513923,1870.5007104305716,3145.401793611994,487.07968785147636,2124.614565459604,3017.2377211948087,0.03000000000020009,Z,L
DCB_se2_ag1_f_01_1,32574,AY1,12438,like,762.9689169266203,1961.201133046268,3146.0467533801943,827.9961602859704,979.7947337071354,2054.6502353083665,725.9498601258565,2012.3019385176688,3122.993885492621,0.05999999999994543,L,K
DCB_se2_ag1_f_01_1,32577,IY2,12439,before,635.1842511483122,1208.9365147131477,3130.8183291318146,745.2943022413458,1548.6321642062858,2691.1265933267455,745.2943022413458,1548.6321642062858,2691.1265933267455,0.05999999999994543,B,F
DCB_se2_ag1_f_01_1,32579,AO1,12439,before,610.6086868474277,911.0267930642295,3160.683375335769,610.9724853841708,910.6023353353155,3157.121578961243,586.1579130215068,938.8704567504703,3250.323566536283,0.0500000000001819,F,R
DCB_se2_ag1_f_01_1,32581,AO1,12440,all,664.7898275225299,1004.1112513254911,3090.934483557874,668.2938155328577,1007.4512970341474,3084.478489192475,668.1956079216748,1007.3611563497299,3084.8798729524474,0.06999999999970896,R,L
DCB_se2_ag1_f_01_1,32583,AH0,12441,of,629.2262180710946,1775.1369767605827,3338.6322358032144,647.8335626271279,1472.447209029086,2982.257187414851,573.1196268511942,1789.926165450455,3297.8134507886293,0.02999999999974534,L,V
DCB_se2_ag1_f_01_1,32586,AE1,12442,that,697.0523305260906,1221.9108803871613,2255.555474208179,708.0305334099833,1252.0617002619051,2298.958467908135,661.0829125509954,1556.1235977529188,2195.199140894039,0.05999999999994543,DH,T
DCB_se2_ag1_f_01_1,32589,AH0,12443,the,461.53096613609006,1779.4845315767514,3107.098128347332,527.1918479323401,1904.5647483943467,3051.093651639262,527.1918479323401,1904.5647483943467,3051.093651639262,0.06999999999970896,DH,S
DCB_se2_ag1_f_01_1,32592,AH1,12444,stuff,695.2976965422235,1666.6613099576955,2595.342171834613,745.079917912494,1730.9412016773852,2628.214548402796,708.9160951499314,1805.9081485191891,2220.963738584003,0.07999999999992724,T,F
DCB_se2_ag1_f_01_1,32595,IH1,12445,did,462.3500516806294,2558.5754442569423,3132.4711600289415,621.4450850380322,2374.632991284585,2892.781448457254,478.8212313601654,2605.729182381435,3181.490987089564,0.13999999999987267,D,D
DCB_se2_ag1_f_01_1,32598,AE1,12446,happen,920.2174054282916,1691.3648580115696,2420.860721863707,1012.4249795458607,1653.747934168634,1826.9473272033458,998.4650383874005,1764.5822294765574,2045.5306862875939,0.07999999999992724,HH,P
DCB_se2_ag1_f_01_1,32600,AH0,12446,happen,518.4458027090055,1731.9491295799417,2517.1860916284995,581.9110805404144,2146.323293370901,2680.6716331551015,564.5591113510601,2188.4264260832297,2650.8623017674036,0.03000000000020009,P,N
DCB_se2_ag1_f_01_1,32602,IH1,12447,it,521.4407213641284,1405.0861339704356,2393.547352892278,567.8712482903636,1826.1317372514472,2480.9601213110222,515.1824334256423,2367.396413905786,3197.902242127238,0.05999999999994543,N,T
DCB_se2_ag1_f_01_1,32606,IH0,12449,just,471.34424924475405,1950.2036546329912,3351.944819297872,509.8295468813048,1915.579735907402,3254.411641270435,486.05239882990395,2012.7827075023426,3347.2758408355858,0.07999999999992724,JH,S
DCB_se2_ag1_f_01_1,32609,AE1,12450,sad,645.5239374147733,2615.9601875343874,3652.441272436265,674.0709153721912,2234.589591507037,3359.7118686326676,630.8260902077692,2623.2932249212604,3609.5930228067677,0.17000000000007276,S,D
DCB_se2_ag1_f_01_1,32613,AE1,12452,that,676.3323621186847,2147.647397801128,2757.993123204605,679.8996658684417,1960.372688219362,3111.1344581447606,671.2413166534803,2161.058739728843,3256.552967462796,0.03000000000020009,DH,T
DCB_se2_ag1_f_01_1,32616,AY1,12453,my,809.2686599129038,1588.4173303848193,2359.595016184531,880.8506539779579,1599.7633624305918,2527.138283634486,792.2185377356342,1690.1870082855824,2529.0271548569135,0.11999999999989086,M,B
DCB_se2_ag1_f_01_1,32619,AH1,12454,brother,716.4754012810434,1823.9355394563274,2916.683249249913,716.8246440075469,1815.3464868851536,2903.237692593284,679.801156557005,1921.6001934561527,3094.594022035336,0.07999999999992724,R,DH
DCB_se2_ag1_f_01_1,32621,ER0,12454,brother,505.69344188186074,1937.2350048311234,3129.029966562303,561.1887166793495,1857.7460900735032,3012.8022571221672,528.5330632201368,2195.150896634169,3046.3694100437597,0.02999999999974534,DH,HH
DCB_se2_ag1_f_01_1,32623,IY1,12455,he,452.13707236026846,1074.2693940994327,2881.7495825760348,567.1932660496083,2409.4936294274216,3229.350856303485,560.8469464473504,2476.6077484671746,3281.143444303722,0.07999999999992724,HH,Z
DCB_se2_ag1_f_01_1,32625,IH0,12457,eleven,743.1776923154013,1682.3169459188405,3416.264295196459,753.8606335956417,1733.6023529313893,3495.653519812535,748.0091012965062,1786.8524951318793,3549.727186178998,0.12000000000034561,Z,L
DCB_se2_ag1_f_01_1,32627,EH1,12457,eleven,665.7603123753122,1198.7987531587264,2175.8090209375605,669.1784033348281,1255.0129206807057,2177.555104994054,666.104422864068,2111.114064245172,3218.1051479459597,0.07999999999992724,L,V
DCB_se2_ag1_f_01_1,32629,AH0,12457,eleven,540.9532078030908,1712.2199434385884,3013.0940552717825,613.8689227729358,1869.5605956677791,3141.14690343271,613.8689227729358,1869.5605956677791,3141.14690343271,0.03000000000020009,V,N
DCB_se2_ag1_f_01_1,32632,IH1,12458,years,465.8150797299561,2231.944816447442,2316.5798175102377,547.3492092122206,1578.7458574740006,2254.9455079837294,444.9165040806734,2525.8070024409617,2801.2360115627303,0.1499999999996362,Y,R
DCB_se2_ag1_f_01_1,32636,OW1,12460,old,487.7762136191572,811.0255160762197,3450.82171907278,708.8209547637498,1662.5303139758037,2377.9094976499146,708.8209547637498,1662.5303139758037,2377.9094976499146,0.30999999999994543,sp,L
DCB_se2_ag1_f_01_1,32640,AE1,12462,and,715.8275832349581,865.8093284717924,2397.511125819301,1250.0114141898437,2606.5172464937928,3914.098657145827,1249.663051010632,2605.946888870026,3913.1080266900503,0.09000000000014552,,N
DCB_se2_ag1_f_01_1,32643,IY1,12463,he,525.215532700594,2624.0852293648036,3495.474971202456,596.3520311266115,1716.8074546353291,2982.924548887987,561.5191695740568,3046.557864188602,3462.5705436803432,0.08999999999969077,HH,Z
DCB_se2_ag1_f_01_1,32646,AA1,12465,not,943.1881572927978,2014.748740095514,2475.943460734923,998.5643887442948,1962.5734234122874,2270.211650690073,858.4357695226472,2171.938848323298,2925.7774048683586,0.07999999999992724,N,T
DCB_se2_ag1_f_01_1,32648,IY1,12466,even,539.2753997506004,1703.427257411603,2984.384631352088,605.8397217195162,1565.6568747312892,2903.3781939543796,589.4198561898131,2588.2700621319095,3026.970918926844,0.05999999999994543,T,V
DCB_se2_ag1_f_01_1,32650,IH0,12466,even,511.08430691027047,1308.6411733733603,2643.982357332055,543.5253447673183,1253.426134203832,2532.6078258744383,500.01227885036576,1363.6588323821034,2714.044197688634,0.05999999999994543,V,N
DCB_se2_ag1_f_01_1,32653,IH1,12467,really,510.2996274607864,1467.125933782079,3012.9903749623672,510.93883430324433,1454.0773382561977,2984.256850747218,503.1455028767658,1521.2799923403857,2869.6250674113767,0.03999999999996362,R,L
DCB_se2_ag1_f_01_1,32655,IY0,12467,really,448.2258987381181,2228.9902989258103,3043.072232549929,577.5752244621284,2608.2683192827035,3285.6232413442767,531.0121996679663,2914.947778214073,3220.4433073113737,0.20000000000027285,L,IH0
DCB_se2_ag1_f_01_1,32656,IH0,12468,into,522.8578093639986,2361.1558720069247,3332.3890846253057,545.8227238675694,2481.3191032552177,3326.3408679191007,545.8227238675694,2481.3191032552177,3326.3408679191007,0.02999999999974534,IY0,N
DCB_se2_ag1_f_01_1,32659,UW1,12468,into,487.22909108582974,1301.0408679331351,3187.6885685061875,542.929200860871,1162.2720033681333,3267.200563682809,433.21772542891904,1630.1865543887304,3362.7831820660094,0.11000000000012733,T,DH
DCB_se2_ag1_f_01_1,32661,AH0,12469,the,467.88329941940646,1953.8220214938367,2973.2850719551884,497.21957512239317,1930.14440768487,2945.3615473345185,470.0053398381353,2069.0071747404904,3094.2811757580757,0.04999999999972715,DH,S
DCB_se2_ag1_f_01_1,32665,IY1,12470,streets,478.9263632825424,2182.2330113384737,2780.379936060078,567.0391130548846,2246.726162268263,2613.3651139525355,493.28767137266,2512.9869353268223,2925.9038194979903,0.06999999999970896,R,T
DCB_se2_ag1_f_01_1,32669,AY1,12471,like,694.1644046193796,1921.7660919938849,3427.2136332383893,736.849106094614,1846.674728796585,3275.5446812019495,626.5557355691648,2324.138132343148,3182.0926366197486,0.03999999999996362,L,K
DCB_se2_ag1_f_01_1,32672,IY1,12472,he,534.0976063009105,2252.2582089558323,3134.18669895964,558.9474446435772,2788.557424908316,3478.070970664283,558.9474446435772,2788.557424908316,3478.070970664283,0.09000000000014552,HH,sp
DCB_se2_ag1_f_01_1,32675,IY1,12474,he,404.8442885100339,2444.3881500293774,3318.118375029433,469.79072090731364,2295.067787668596,3381.8192103693486,377.8476299863329,2574.8320915437353,3153.8845905137923,0.03000000000020009,HH,S
DCB_se2_ag1_f_01_1,32678,AA1,12476,not,623.7155803230302,1213.4540620145576,1934.3353837866734,626.6542086624004,1118.0211319699845,2022.5545168915276,602.6585466316512,1741.8208282696382,3541.6749040096797,0.03000000000020009,N,T
DCB_se2_ag1_f_01_1,32680,IY1,12477,even,603.7892586500519,2905.366762065,3264.287397976751,651.2931012188957,2804.62220013455,3357.4970516367275,619.2488191855025,2759.0088006007704,3432.760559653515,0.06000000000040018,T,V
DCB_se2_ag1_f_01_1,32682,IH0,12477,even,487.64096657338365,2248.4052937676042,3107.104425309582,488.3579409668735,2221.127645027642,3111.6068718960537,473.56078782883145,2377.6424283429997,3217.101355620423,0.03000000000020009,V,N
DCB_se2_ag1_f_01_1,32684,IH1,12478,into,574.9227178356255,2292.043443365243,3190.9253729323373,640.8804957727344,2322.096542525546,3184.1850232623424,548.0600303564526,2650.484249532919,3000.171938887668,0.2600000000002183,N,N
DCB_se2_ag1_f_01_1,32687,UW0,12478,into,497.5536185385297,1552.6080835308285,3158.606658399475,535.051930083783,1664.558106191363,3162.684547760341,535.051930083783,1664.558106191363,3162.684547760341,0.03000000000020009,T,DH
DCB_se2_ag1_f_01_1,32689,AH0,12479,the,539.2054419546074,1953.6183799832997,2065.015017122652,542.1933203666389,1949.0260883947367,2052.466726220531,458.90718043528705,2055.8393693422076,3213.7816760747505,0.0500000000001819,DH,S
DCB_se2_ag1_f_01_1,32693,IY1,12480,streets,539.7207559437513,2205.806725987863,2862.9589316676897,549.753005394882,2198.9121461544273,2995.651439954563,515.294031161383,2226.3883864596974,2799.7525952079686,0.02999999999974534,R,T
DCB_se2_ag1_f_01_1,32697,AH1,12481,but,661.3567940465239,1585.3503910565205,3150.021248911463,667.6743765961486,1625.3515448221044,3122.6112488433514,653.7722607229238,1778.2442394316454,3153.352683966336,0.03000000000020009,B,T
DCB_se2_ag1_f_01_1,32700,IY1,12482,he,553.4022620507213,2995.6338185458617,3067.9440259692105,608.9601488538723,2413.8483289938354,3172.9338598064155,550.3999415325859,2946.454553507868,3153.351307897263,0.09999999999990905,HH,Z
DCB_se2_ag1_f_01_1,32703,IH0,12484,just,480.2757319249954,1668.8509277437886,3031.772249405871,497.15005946025866,1813.5998403060953,3088.3230497920276,497.15005946025866,1813.5998403060953,3088.3230497920276,0.0500000000001819,JH,S
DCB_se2_ag1_f_01_1,32706,AY1,12485,like,869.6253310946213,1592.0017157965522,2271.84066928057,889.4234646567036,1640.9676916972978,2547.869700341655,747.5679771075876,1818.0411529910873,2126.0027512202637,0.05999999999994543,L,K
DCB_se2_ag1_f_01_1,32710,IH1,12487,it,722.0827925948886,2371.9398371730585,3279.6517147853915,942.752643479077,1560.0919794682409,2777.678564963286,582.0299637773167,2399.2305483479986,3257.577993243234,0.07999999999992724,,T
DCB_se2_ag1_f_01_1,32713,AH0,12489,a,715.2482511590684,1462.169707945427,3405.0980962927006,724.6993656226748,1512.6973513989612,3405.261079640719,605.1786062429368,1723.8050551993927,3247.0599500581807,0.07999999999992724,S,P
DCB_se2_ag1_f_01_1,32715,AA2,12490,possibility,961.5281236916703,1527.8957081995254,2935.9663849393037,975.4391982933258,1466.9182725349071,3260.3442105922977,822.4748917099209,1686.219611238552,3192.885311214674,0.11000000000012733,P,S
DCB_se2_ag1_f_01_1,32717,AH0,12490,possibility,592.4938130921812,1732.020049305265,3243.8997177808283,642.875720401116,1775.9535661801294,3181.8914787118047,626.9635855694567,1806.008489530561,3216.4258343937654,0.07999999999992724,S,B
DCB_se2_ag1_f_01_1,32719,IH1,12490,possibility,558.1023236560719,1781.3707466678482,3203.5213601827036,571.1670862474225,1830.2652215247863,3099.142251044042,569.0042504225557,1850.0881581366514,3295.2611803820923,0.02999999999974534,B,L
DCB_se2_ag1_f_01_1,32721,AH0,12490,possibility,588.8840007788564,2124.7571602783687,3513.408264530292,598.6064807018579,2042.2012771549776,3614.481571413574,571.9846521998059,2049.148836487411,3623.154631939224,0.03999999999996362,L,T
DCB_se2_ag1_f_01_1,32723,IY0,12490,possibility,481.9547456673967,1051.778934023218,3049.8830512397876,651.7806446809467,2029.5023867724778,3114.5988006939656,554.8638294911518,2993.7294528598027,3735.89166844862,0.169999999999618,T,
DCB_se2_ag1_f_01_1,32727,AE1,12492,that,659.0371043583611,1557.2885284052454,2865.617710916122,678.8887497587273,1399.0614327334793,2703.6898136397454,659.249049147448,2039.2545602497462,3207.753553134225,0.0500000000001819,DH,T
DCB_se2_ag1_f_01_1,32730,AH1,12493,something,827.2388256471335,1604.7821534842278,2221.019341504331,832.2984441954504,1595.7632901165944,2523.5928669107807,619.425376190076,1825.6528225315906,3241.9365004276724,0.05999999999994543,S,M
DCB_se2_ag1_f_01_1,32733,IH0,12493,something,566.8517845355746,1842.702277183071,3235.3226788989623,615.8839511723826,1724.2262976992267,3286.358807282693,591.7035744175012,1888.0768327009787,3148.122545585626,0.03000000000020009,TH,NG
DCB_se2_ag1_f_01_1,32736,AH0,12494,will,497.06287585618117,829.8281425956163,3407.354506160405,695.2195648224426,1053.6864499518438,1568.3999682471544,695.2195648224426,1053.6864499518438,1568.3999682471544,0.0500000000001819,W,L
DCB_se2_ag1_f_01_1,32739,AE1,12495,happen,1055.302521217319,1700.0788268124456,2465.777068162209,1075.2879399568233,1735.6678342500993,1829.1550506701483,960.9587137821027,1753.1753167110187,2027.4305202491637,0.07999999999992724,HH,P
DCB_se2_ag1_f_01_1,32741,AH0,12495,happen,606.4921887486037,1025.1989511961178,2079.7272275404603,949.4959086458823,1742.496571118685,2913.638077544006,609.3352627770125,2035.2430894165589,3233.524288323745,0.04000000000041837,P,N
DCB_se2_ag1_f_01_1,32744,IH0,12496,to,478.61149108439145,1996.5546448765656,3162.738792947304,554.7370382031932,1835.4630115030793,2410.986687269058,498.53154908871437,2038.9441556393845,3178.704314815093,0.05999999999994543,T,M
DCB_se2_ag1_f_01_1,32746,IY1,12497,me,451.3105623761387,1436.4728380855238,3144.053119679657,521.7568444250121,2860.183171046788,3355.2386781689283,519.4025144407398,3026.181918610418,3537.929690861038,0.17000000000007276,M,
DCB_se2_ag1_f_01_1,32748,AH1,12499,of,752.0935243303143,1798.478704289463,3108.889000801801,999.4192022982394,1997.3807772683112,3286.376135351911,966.0383513842099,1962.2832692200288,3223.3542977013763,0.09999999999990905,,V
DCB_se2_ag1_f_01_1,32751,IY1,12500,me,542.1882171294267,2925.590637194002,3069.8091300016417,523.8261615431687,1919.7962126217735,3191.1592230093065,536.1721510393035,2950.418176280647,3475.0659692057075,0.15999999999985448,M,sp
DCB_se2_ag1_f_01_1,32754,IH0,12502,just,450.93369716809667,1925.6817036999632,3148.367251480197,550.6064563709751,1829.9539241116263,3212.3716873377825,432.84525347112856,2067.248453543352,3220.197725543808,0.05999999999994543,JH,S
DCB_se2_ag1_f_01_1,32757,IY1,12503,being,564.0094892837772,2530.7532803372383,3197.4887506983446,656.4822304214963,2171.745252275108,3175.839476946347,566.8436909078683,2581.3595964369206,3313.9336377436607,0.13000000000010914,B,IH0
DCB_se2_ag1_f_01_1,32758,IH0,12503,being,673.0023808957687,1710.8978846081177,2156.984243006755,685.8143922030348,1481.190418020465,2394.8318142393373,656.4822304214963,2171.745252275108,3175.839476946347,0.02999999999974534,IY1,NG
DCB_se2_ag1_f_01_1,32761,AH0,12505,a,821.3353772200933,1720.7439441329093,3164.6220754598176,835.358129708042,1655.1944094915004,3107.016935477017,520.8960092696356,2325.840459976777,2883.568000389859,0.13000000000010914,sp,Y
DCB_se2_ag1_f_01_1,32763,AH1,12506,young,738.6611839807728,1525.4992675823455,3488.3378133152078,750.9738475942462,1545.7712798919672,3528.984331543942,549.7445893665799,2274.249301945491,3321.268586294737,0.11000000000012733,Y,NG
DCB_se2_ag1_f_01_1,32765,AE1,12507,african,994.1494740492857,1722.9071098094078,2355.8158986783583,1015.9092887740676,1688.358535219215,2354.8624630965846,953.2892695317495,1863.2044951773862,2086.1971377277378,0.16000000000030923,NG,F
DCB_se2_ag1_f_01_1,32768,AH0,12507,african,517.1403102721216,1702.2040704086178,2410.7519064703106,598.2971135235788,1763.5722598890477,2554.585322020106,598.2971135235788,1763.5722598890477,2554.585322020106,0.0500000000001819,R,K
DCB_se2_ag1_f_01_1,32770,AH0,12507,african,523.2396688166071,2323.2115358678634,3012.4326924502984,590.2460513154572,2374.7104390377863,2554.716928779732,503.91482368571087,2404.4025534410252,3000.1639049381356,0.02999999999974534,K,N
DCB_se2_ag1_f_01_1,32772,AH0,12508,american,584.4925640227516,1417.589232380546,2201.1274256082834,593.1513330470706,2011.4702488591904,3133.097239886723,592.7603123662109,2004.2278072696022,3127.381848275727,0.05999999999994543,N,M
DCB_se2_ag1_f_01_1,32774,EH1,12508,american,603.0492857123544,2187.588459216353,2815.969689890519,617.2597696054169,1887.630312557364,2109.3551449878914,581.241952844873,2358.2854819814447,2768.689904356218,0.08999999999969077,M,R
DCB_se2_ag1_f_01_1,32776,AH0,12508,american,609.1079977933626,1869.7103117727477,2164.1708565347817,661.2230110904691,1955.7562923589012,2177.7701607090276,629.0102828401256,2081.9610792170824,2241.790460895493,0.03999999999996362,R,K
DCB_se2_ag1_f_01_1,32778,AH0,12508,american,482.70003660073803,2611.019983832544,3190.0306228877066,528.4057096701317,1957.8619666026996,2818.1912250160894,483.1174270747671,2614.3971332100373,3170.499199190641,0.02999999999974534,K,N
DCB_se2_ag1_f_01_1,32781,AH1,12509,young,733.441696118248,1654.4567812196083,3038.2817516864193,740.7061036892092,1602.537154908187,3081.802178310823,524.4734834720199,2415.480176111221,3025.191303891692,0.07999999999992724,Y,NG
DCB_se2_ag1_f_01_1,32784,AE1,12510,man,944.177089187222,2031.9062869949655,3435.2580502899295,946.7235022673606,2037.597270283315,3454.8199017439356,945.9506848587087,2035.8700992316549,3448.8830254896334,0.05999999999994543,M,N
DCB_se2_ag1_f_01_1,32787,AE1,12512,and,600.3260025686351,2296.864535200223,2781.4667654706363,1006.0278109739086,1778.7740040836393,3114.9520968154093,589.7754086850916,2419.678079921491,3168.618971991576,0.08000000000038199,,N
DCB_se2_ag1_f_01_1,32789,IH1,12513,it,640.3190930576808,2182.9097471430596,3969.4396357062374,640.2428910850332,2174.113001513744,3843.6759337735575,640.4778474471976,2201.236332841518,4231.4478099046255,0.02999999999974534,N,T
DCB_se2_ag1_f_01_1,32794,AE1,12515,cra-,567.763558662731,1812.4297556667314,2663.917593299037,744.0166095888173,2052.6818123699295,2615.7705598765087,735.8643822946901,2066.767013456583,2639.7025067420786,0.03999999999996362,R,sp
DCB_se2_ag1_f_01_1,32797,UH1,12517,you're,589.8387323673027,1154.8467479420042,2289.979394150735,617.507876559324,1455.3329525521744,1924.8257718330196,440.48747649343983,2319.6341494588237,2601.077499753532,0.06999999999970896,Y,R
DCB_se2_ag1_f_01_1,32799,IH0,12518,eleven,809.5962316420643,1382.9995840498507,2083.589122140632,830.8131082589331,1507.0442681579018,3333.0009016648123,773.05181472407,1519.0016916959505,3383.8068427312774,0.11000000000012733,R,L
DCB_se2_ag1_f_01_1,32801,EH1,12518,eleven,839.6931363453557,1955.6346292479527,3579.7496583413213,858.2591773881575,1971.2034753821968,3465.4267091706647,857.0028989334955,1975.7163387030685,3443.9254841244697,0.05999999999994543,L,V
DCB_se2_ag1_f_01_1,32803,AH0,12518,eleven,568.9730958895072,1403.2018177362343,2390.2827209173456,578.7659163204299,1869.7831339296326,2120.1875974607337,561.73884491744,2419.161655321151,3282.6770813923004,0.05999999999994543,V,N
DCB_se2_ag1_f_01_1,32806,IH1,12519,years,528.2428123071495,2043.651884203563,2570.7434078855144,536.5948342245234,1824.486379397328,2571.5949759222553,522.7136694853367,2141.633029680729,2635.4327536011842,0.06999999999970896,Y,R
DCB_se2_ag1_f_01_1,32810,OW1,12521,old,676.6096178252511,1153.3229979212485,2380.6319040508934,791.0638850153114,1414.0347005158815,3319.9279444517406,533.8241084142614,1703.0469025283974,2606.305605632514,0.21000000000003638,sp,L
DCB_se2_ag1_f_01_1,32814,AE1,12522,man,669.6406879479683,1096.9684683033536,2358.9088573639992,689.6542289687304,2232.512533206153,3282.303326540812,673.2990629843642,2390.750956130418,3222.0219658946057,0.15000000000009095,M,N
DCB_se2_ag1_f_01_1,32819,EY1,12524,play,536.7206328246605,2568.0415568484977,3111.367328358269,657.7825614875935,2029.8175078624267,2991.0087135211793,586.5521142290121,2590.7868603179013,3215.338538119314,0.09999999999990905,L,S
DCB_se2_ag1_f_01_1,32821,AH1,12525,some,638.9333314641921,1643.7589340184466,3349.6163846932714,656.2021838943513,1634.5888548333735,3406.970491532501,612.9828343318017,1677.7444496433116,3373.5472625306643,0.03999999999996362,S,M
DCB_se2_ag1_f_01_1,32824,IH1,12526,video,518.6398184225079,2257.6136031399274,3037.312565901996,597.5584715662001,1894.9253409690978,2879.6988141429424,566.8412339478575,2359.6824039768867,3130.452829209818,0.05999999999994543,V,D
DCB_se2_ag1_f_01_1,32826,IY0,12526,video,272.99808593033777,1492.0177186921826,3056.813387605121,630.5203144193028,1539.8965080364476,3343.1323037432553,459.0465322299782,2838.0036597126473,3209.3850427212087,0.15000000000009095,D,OW0
DCB_se2_ag1_f_01_1,32827,OW0,12526,video,530.3984332256011,1078.9830102976487,2858.9171166967944,611.6922132405557,1465.899624996302,3334.931063007339,611.6922132405557,1465.899624996302,3334.931063007339,0.07000000000016371,IY0,G
DCB_se2_ag1_f_01_1,32829,EY1,12527,games,544.5876869881454,2496.8915704361193,3152.1912446995057,720.50491573134,1662.8707307525476,2438.7075148486597,501.53693998773736,2598.675765122234,3104.4427635570255,0.19000000000005457,G,M
DCB_se2_ag1_f_01_1,32832,ER0,12528,or,540.7470477559933,1778.119208608147,2779.9054370169683,562.4725552187653,1774.0339259963266,2784.5520383589605,495.11566684505505,1811.430102506041,2737.4051845220874,0.07999999999992724,Z,S
DCB_se2_ag1_f_01_1,32834,AH1,12529,something,740.2864115636206,1584.0622486103423,2310.352913519718,780.9093531080293,1573.961454573043,2712.665043165348,635.6311727706851,1661.5478942974128,3196.028130594177,0.09000000000014552,S,M
DCB_se2_ag1_f_01_1,32837,IH0,12529,something,554.2720842477571,1991.4122026815016,2934.2836461317984,573.9156728137643,2161.086744949627,3226.7639906659474,573.9156728137643,2161.086744949627,3226.7639906659474,0.02999999999974534,TH,NG
DCB_se2_ag1_f_01_1,32841,IH1,12531,get,548.9416148746458,2314.295252185992,2769.3602584522414,579.6682440843365,2194.437096863795,3080.7245124633337,531.1062786508899,2675.1818251106915,2963.7387575530697,0.03999999999996362,G,T
DCB_se2_ag1_f_01_1,32843,AO1,12532,on,703.388336852587,1486.3914000030152,2870.2425523752104,713.7850855806487,1494.7115111927653,2938.2243105368543,670.1101675011979,1518.6542012385196,2841.427511056609,0.03999999999996362,T,N
DCB_se2_ag1_f_01_1,32846,UH1,12533,your,612.5457887096584,2067.9428762919324,2800.891371238493,613.5400660945153,2041.7266687847293,2761.129898476894,511.9920805592549,2281.1640929663695,2874.5299377331003,0.03999999999996362,Y,R
DCB_se2_ag1_f_01_1,32849,AH0,12534,computer,532.4831360176412,1412.0908842105696,2197.6359386704235,650.2882663456215,1871.359574250633,2494.9874760013763,650.2882663456215,1871.359574250633,2494.9874760013763,0.05999999999994543,K,M
DCB_se2_ag1_f_01_1,32853,UW1,12534,computer,483.707049960957,1441.9299330105948,2812.3586117077907,541.0764990441414,1688.262409447358,2898.0981586819225,460.89299689144724,2540.3632402671524,3269.972321297047,0.05999999999994543,Y,T
DCB_se2_ag1_f_01_1,32855,ER0,12534,computer,585.5456191996276,1857.013956661107,2562.8135464830934,644.8463515242961,1603.2954661278209,2128.943742467345,458.2510525242449,2079.7362910858606,2520.739996573525,0.16000000000030923,T,sp
DCB_se2_ag1_f_01_1,32860,OW1,12538,go,581.9653070539399,1486.287859388843,3009.6213875517133,629.1198197323932,1679.231446209713,3241.595848492596,626.6355681190039,1687.4688064964876,3238.3094673212286,0.07999999999992724,G,AO1
DCB_se2_ag1_f_01_1,32861,AO1,12539,on,637.1247272090651,1416.7887075097708,3297.0347194482233,641.9100239239473,1336.5856773519354,3296.02706122203,629.1198197323932,1679.231446209713,3241.595848492596,0.03999999999996362,OW1,N
DCB_se2_ag1_f_01_1,32864,UW1,12540,youtube,369.64837460916755,1106.5051453214967,3189.159587866098,431.45642609323824,2286.0801454198277,3127.2390120736645,423.74308017926984,2446.1609878015274,3093.8287189283424,0.11999999999989086,Y,T
DCB_se2_ag1_f_01_1,32866,UW1,12540,youtube,473.00646018436635,1651.6046977329434,3296.593673927157,547.9715043825462,1795.6054453559002,3210.0570019881393,483.82561416641215,1836.5497298334287,3050.0921676193284,0.10999999999967258,T,B
DCB_se2_ag1_f_01_1,32868,ER0,12541,or,530.0141513488759,1711.4303637879304,3013.0477406763184,530.5999338051347,1677.8141241203205,2953.595588128894,523.2495862426973,1736.1785013019899,2965.5658703922377,0.07999999999992724,B,S
DCB_se2_ag1_f_01_1,32870,AH1,12542,something,855.0262513035865,1606.6278664438976,2831.096466246514,866.2485910173261,1629.860980942871,2819.7357042155386,576.4859911599383,1665.9228021564775,2653.6430031018585,0.06999999999970896,S,M
DCB_se2_ag1_f_01_1,32873,IH0,12542,something,653.4688966564432,1799.5975008643406,3042.2167025844296,763.0627802954956,1737.2175039948684,2966.5784088120818,522.738798132812,1867.1409910806349,2863.7810078594325,0.0500000000001819,TH,NG
DCB_se2_ag1_f_01_1,32876,AY1,12543,like,802.1194515980359,1820.4713958957875,3238.9227437538366,854.6870409855981,1274.6137399503896,1739.9312943158552,633.990290530602,2225.9894580188484,3127.0365965077203,0.07999999999992724,L,K
DCB_se2_ag1_f_01_1,32880,AE1,12545,that,761.7712917682446,2089.4837681525564,3073.867812390193,783.540637664883,2091.0720736245557,3083.113079536465,689.5342500941739,2091.276512596029,3023.954042870867,0.03000000000020009,DH,T
DCB_se2_ag1_f_01_1,32883,UH1,12546,should,544.9589842660436,1978.0990000183676,3239.6068850460224,545.6173635730744,1977.3728652030964,3238.757373438184,518.9237510290421,1996.6181716628412,3256.544013012422,0.03000000000020009,SH,D
DCB_se2_ag1_f_01_1,32886,AA1,12547,not,873.5548662049042,1381.7360708091935,2139.543490459407,931.4919472848568,2020.3231881180052,2371.0919100340266,794.4318302585633,2108.9742013542646,2983.3502830331404,0.13999999999987267,N,T
DCB_se2_ag1_f_01_1,32889,IY0,12548,be,505.1143116507583,2554.505313164111,3037.163016940436,516.864928622871,2599.663488629774,3266.867041858421,504.59675812391714,2614.0265172114377,3339.9974965063984,0.04999999999972715,B,W
DCB_se2_ag1_f_01_1,32891,AH1,12549,what,585.119534544145,1549.0592778166076,2950.795760025722,589.834076017573,1675.4704901094549,2920.0538616397184,585.3901458335665,1748.7534516126798,2928.2528037213337,0.03999999999996362,W,T
DCB_se2_ag1_f_01_1,32894,UH1,12550,you're,559.0331558995587,1611.5107190032306,2553.739424032461,622.4723249223699,1601.8888160506042,2925.002402941677,529.3466950586019,2128.3169703865924,2940.7667237788987,0.03000000000020009,Y,R
DCB_se2_ag1_f_01_1,32897,ER1,12551,worrying,658.0181551875136,1393.9129441167136,1797.631808309647,658.1889080106481,1399.8266860443316,1804.5567382444726,625.6800148254398,1815.1459833575743,1883.9093929845126,0.07999999999992724,W,IY0
DCB_se2_ag1_f_01_1,32898,IY0,12551,worrying,608.2287642221951,1903.968686565303,1949.1438886314274,625.6800148254398,1815.1459833575743,1883.9093929845126,585.9768186307455,1952.8987686244607,2673.3295675826057,0.03000000000020009,ER1,IH0
DCB_se2_ag1_f_01_1,32899,IH0,12551,worrying,447.04826572006164,1965.7487520393406,1990.1536512173677,583.4027422096427,1948.986609815026,2630.0207235489706,478.9239403361612,1975.4928341948994,2019.1348411595554,0.02999999999974534,IY0,NG
DCB_se2_ag1_f_01_1,32901,AH0,12552,about,589.9935834452253,1672.673888059365,3084.4858319878836,650.2849682636229,1855.584450955361,2957.868485620521,564.722289310135,1915.601523381342,2978.6258501923753,0.07000000000016371,NG,B
DCB_se2_ag1_f_01_1,32903,AW1,12552,about,916.2005214853697,1582.8666618455495,2660.6780543493746,939.9749179212231,1606.1714753725198,2634.384761393789,842.2537022390825,1794.5404057952437,2698.6903481680583,0.09000000000014552,B,T
DCB_se2_ag1_f_01_1,32908,UH1,12554,your,618.8495419166222,1749.930642728108,2916.59975496746,666.1574185385414,1872.1173081172544,3007.3419781401067,500.2005120021678,2414.030221757586,2911.300188753265,0.03999999999996362,Y,R
DCB_se2_ag1_f_01_1,32911,AY1,12555,life,831.2268196728304,1215.1192590491873,2094.221396039101,949.5239827876898,1694.455638805113,2085.282137360473,921.2796506363449,1850.3167685507055,1940.6797121792683,0.11999999999989086,L,F
DCB_se2_ag1_f_01_1,32914,UW1,12556,you,507.64850838580145,1326.4715376426643,2919.3107701886893,524.3705306460153,1861.8510153171471,2228.808080302,496.76426582908687,2217.511317803024,3119.1536462804374,0.02999999999974534,Y,SH
DCB_se2_ag1_f_01_1,32916,UH1,12557,should,531.3727747711802,1762.9719053723177,3252.9773533636708,544.9376155459896,1658.2395175905908,2922.728214284711,463.1825226241664,2064.4681772468234,3400.1184142114407,0.03000000000020009,SH,D
DCB_se2_ag1_f_01_1,32919,IY1,12558,be,522.0025541915021,1219.9732763575118,3199.231180329185,557.7128877039506,1366.7875957316573,3034.173785062529,540.2290606272297,2630.7113067294977,3028.7223984959896,0.09999999999990905,B,sp
DCB_se2_ag1_f_01_1,32921,IH0,12560,enjoying,566.8456551047301,2249.3132761747556,2981.319118570399,578.3986996567872,2370.486702575013,3129.282217505984,527.4070606264247,2438.242732075165,3246.22207358971,0.09999999999990905,sp,N
DCB_se2_ag1_f_01_1,32924,OY1,12560,enjoying,473.3531040818444,857.3348411426146,2428.3389771440366,663.0998071494874,1240.1871001547236,2163.3851972779003,462.0787662269795,1593.1106600595224,2689.2185383916976,0.17000000000007276,JH,IH0
DCB_se2_ag1_f_01_1,32925,IH0,12560,enjoying,488.3742128078008,1180.324860131123,2900.548806668861,641.3051760813045,1577.9568508735688,3348.687525005733,632.977726644249,2122.2247131655467,3214.311129140082,0.07999999999992724,OY1,NG
DCB_se2_ag1_f_01_1,32929,UH1,12562,your,575.7490948958714,1248.3830697466474,2452.254143428581,650.6331371672347,1461.4498738423945,2260.023412857853,503.9386298164274,1607.6652038288746,2536.804891854299,0.03999999999996362,Y,R
DCB_se2_ag1_f_01_1,32932,AY1,12563,life,757.9652012319264,1251.1812246522195,2047.3998118758345,917.7424210736978,1336.519086967362,1656.3142115242415,518.169493048026,2029.5102848934146,2836.7848261817094,0.09000000000014552,L,F
DCB_se2_ag1_f_01_1,32935,AE1,12565,at,618.4718291985721,1841.8824475602191,2916.3934317879934,686.8291824987748,1579.453344030485,2683.228506801057,689.7215194652715,2147.805531010155,3101.0870524303527,0.09999999999990905,sp,T
DCB_se2_ag1_f_01_1,32938,IH0,12566,this,492.1218197730047,2047.632077765638,3186.0821137750568,512.8623558130431,2039.8507723813443,3185.007726187492,500.36043231825124,2050.7828095982,3110.2554728771884,0.05999999999994543,DH,S
DCB_se2_ag1_f_01_1,32941,OY1,12567,point,665.9677790181531,1215.2900766961916,1782.503219859283,672.9295303338905,1271.797862942018,2799.230780284089,611.2281664248587,1555.8562170796465,2892.619217230894,0.0500000000001819,P,N
DCB_se2_ag1_f_01_1,32944,IH0,12568,in,485.6335703402482,2230.068000945909,3095.42492852541,507.53996798901943,1761.9592368513686,2705.1113841357933,471.0937974376393,2555.998502452114,3157.1831149256122,0.02999999999974534,T,N
DCB_se2_ag1_f_01_1,32947,UH1,12569,your,594.1508905608698,1831.3084713744495,2635.859480644659,596.3888887899221,1782.7009467481755,2604.9801928347156,542.2890110139351,2304.388351318675,2826.8853618924795,0.03000000000020009,Y,R
DCB_se2_ag1_f_01_1,32951,AY1,12571,life,728.1816373568345,1728.842878306453,3224.8919366209116,837.4953634371252,1800.1411617517156,3186.3842254173305,837.4953634371252,1800.1411617517156,3186.3842254173305,0.03000000000020009,L,F
DCB_se2_ag1_f_01_1,32956,AY1,12573,right,635.4497960941818,1641.141894187565,2000.0664806529226,723.5605165914249,1667.181220463997,2049.2458175955344,563.2880352313371,2103.0110897425416,2773.9098963231504,0.07000000000016371,R,T
